6.349712713241973949e-01 -8.129052395957756527e-01 -1.153110263858150714e-01 -6.253389553690150704e-01 3.281190851496373351e-01 -4.572263697393827986e-01 3.471150237854558895e-01 5.958992549386866733e-01 8.043970371042689083e-01 7.147230573077162363e-01
1.498794417992232730e-01 1.210393399301424727e-01 -4.053736830808392089e-01 4.117515443728294033e-01 4.056281157587579012e-01 -1.150345762567432650e-01 -2.518755736219338570e-01 -4.369254337467649019e-01 5.244259435546425596e-01 -2.724434234867877391e-01
2.942623998363424476e-01 4.533875580680420958e-01 -1.843384924825574103e-02 6.785720341131253885e-01 -5.956336221723056434e-01 -3.038739703410006099e-01 5.806426876839323459e-01 2.488345319087720275e-01 7.010977448004640511e-01 -2.761148645220481423e-01
1.559679372474479520e-01 -3.204654804427122805e-01 -1.132295311477773680e-01 -1.204708281350306831e-01 -2.593019091704161228e-01 -3.212277443960900314e-01 3.705409723329904370e-01 -3.335986099788600945e-01 2.437570294462853837e-01 -1.748555067844137223e-01
5.199230917512068922e-03 -5.641381640432065019e-03 4.569449226054154989e-02 -8.317456899322324057e-03 5.363504363569750188e-02 2.379267785158962600e-03 2.811808295662491033e-02 4.031893928713371072e-02 2.952954361480210170e-04 2.555123564451206031e-02
-4.463146347727606766e-01 -7.501121402138370975e-01 -4.066639595283518677e-02 -7.944903771836184792e-01 7.039605150872317862e-01 -6.941712917195357324e-01 5.545208500833900267e-01 7.118218825358061386e-01 6.766080313806153157e-01 2.292903589928070585e-01
-1.206897688955601775e-02 1.067271887004909992e-01 2.858483995666688884e-02 -1.387836076623593685e-03 -7.265634955433730377e-03 1.569194316019674115e-02 5.357115644065828242e-02 -3.336142765857608508e-03 2.535467281880822432e-02 -2.587358739067810443e-02
-5.428497722562330985e-01 6.916143460519649233e-01 6.856978795174238639e-02 6.964365822108024018e-01 2.293772732140367254e-01 -3.281205053608522437e-01 -3.887256938976092480e-01 3.242618478538880633e-01 -6.117728415617817994e-01 5.710360117554319492e-01
-6.935390644813589633e-02 5.959723637377105643e-01 5.564926758547367180e-01 -5.649324856663335837e-01 -2.816242630942549230e-01 3.726730545346025880e-01 -4.321760352043038655e-01 7.214091416079724262e-01 5.216223387411390577e-01 -1.905427152618439646e-01
4.439641898647619131e-04 -8.546603191420731535e-03 -2.079483348240480749e-03 1.743648345790759294e-02 3.089185236417534355e-02 1.424819728560325870e-02 8.736752527162213594e-03 2.623827337400016016e-02 2.503257235626179730e-02 2.528610350929462805e-02
-6.018726458739549756e-02 3.715800902339075340e-02 1.513043400723416698e-01 -2.063615111498084409e-01 3.227794459711061936e-01 -1.880304380075649082e-02 -4.451008491242260806e-02 -5.829390835418017669e-02 3.325671059659768974e-02 7.157404680201408242e-02
3.464451024313132677e-01 -3.221244399292106375e-01 5.924684730587963521e-01 1.883508328249930142e-01 -3.500314885519966585e-02 -2.111306278959110272e-01 5.461297241864210283e-01 5.098787729286395898e-01 -4.580991498561525765e-01 4.114210238661230035e-01
-4.433035456454047507e-01 -3.939359881308244354e-02 4.699316214628409538e-01 6.142285526957762531e-01 4.784515513095025097e-01 -5.107986110339549635e-01 2.119946478683611968e-01 -1.393349340540558645e-01 3.301909869300925227e-01 -1.357562821073466652e-01
4.349141338760255104e-01 1.881871165872502916e-01 -4.695411910270870237e-01 6.605360915138605016e-01 1.808690582688360082e-01 5.180558102878756593e-02 7.515340295444148389e-01 -1.746377648925186432e-01 4.198102970382637800e-01 2.852613289480124825e-01
3.171007922006756630e-01 -5.573296535746119496e-01 3.499418629280997006e-01 -2.405622894602408857e-01 2.952531477807429083e-01 -1.864902938947761712e-01 -4.636211410297871871e-01 -1.710541410427471321e-01 -2.012525257260388833e-01 -6.977288962491804414e-01
3.423758460545383783e-03 1.999829583118605675e-02 2.971752390754934386e-02 1.649778241890505898e-02 8.813954333748718478e-03 3.566631760958161729e-02 5.189256453410217955e-03 -9.429238251308397212e-03 3.526325606497945214e-02 2.282359174255873743e-02
-5.189723827831881353e-01 1.269467042612661689e-01 -6.539061677997068944e-01 -5.641464896641061877e-01 -1.280432181048718650e-02 2.718111098759978805e-01 -4.817546095619173324e-02 4.332001910203482353e-01 1.017919731018491342e-01 2.372828277139612807e-01
8.313966492855100476e-01 -5.342765895829140188e-01 -7.697016744227582752e-01 4.708454606835688616e-01 5.942930897595740669e-01 3.144895599645993189e-01 1.120326582154625855e-01 6.654115390869919100e-01 8.051890942228108194e-01 -4.412480350529420781e-01
3.073349699129876780e-03 4.431284911192425596e-02 -6.068770077725603729e-01 -4.844271921577020246e-01 -5.891890007296837206e-01 2.914841413857147123e-01 -3.703568721033999034e-01 6.686415251210162669e-01 7.010172312563899000e-02 1.283135958067795936e-02
-7.230279693892693871e-02 3.573986297734218498e-01 -1.716656497246506208e-01 5.028294952533184092e-02 1.731978052794744261e-01 -1.081425651009756683e-01 -3.124838929325387538e-01 2.583311309348263474e-01 2.380190516056583938e-01 -3.402570420405723849e-03
1.725718990146919013e-02 -5.893080156368054462e-02 -2.892095463556521584e-01 4.176769179433983958e-01 -4.775795471123408520e-01 -2.904396760350080528e-02 2.224552273752897213e-01 1.705640734846897155e-01 -3.569230301472790523e-01 2.052711711086049884e-01
3.116585461606232177e-01 -1.027903510473258814e-01 -3.207200794706677183e-01 4.560055072717048574e-01 3.028249068314607384e-01 1.756216620118343785e-01 2.550468339098968529e-01 -9.067453189546109682e-02 -1.437568753888706918e-01 -2.327973023672304798e-01
7.794661937424098019e-02 5.176092683625422852e-01 -2.958242856695665335e-01 2.186013136436485982e-01 3.205388849570775522e-01 1.649756603418376100e-01 1.226561574761690920e-01 -1.373277074071276027e-01 3.032628018524008429e-01 -8.370568178442293339e-02
5.236376895631921213e-01 1.098552090243636592e-01 8.185318876691842771e-01 -8.859021019561437171e-01 -3.969931223705026602e-01 8.783359979731432399e-02 7.600690658367266206e-01 -7.759559952835565211e-01 -2.099165564593787892e-01 -8.120978969478295229e-01
-6.446108743382514827e-01 1.858368303153999090e-01 3.532354945865174949e-03 -6.425845719801634437e-02 3.446077941948478274e-01 -1.451944157618708375e-01 -7.031237950937500036e-01 4.889731504609818868e-01 -6.745109755895050130e-01 -6.433742822778230064e-01
1.760379582430650000e-02 -1.115810439871560422e-01 -2.102899997613365268e-02 2.923494418837317421e-01 -5.512202958096646954e-01 4.885889132624001707e-01 -2.386619916718339673e-01 -2.556335975728984966e-02 2.533445166671979831e-01 -1.201483839989453128e-01
1.720169795312166683e-01 -6.268613449083009215e-01 -8.155056230647481641e-01 -8.147398696292118547e-02 -3.110238866969866622e-01 -8.009691413829270745e-01 -6.693354154285828805e-01 -7.263865648007521436e-01 8.660654408702884721e-01 -5.177367538462872565e-01
3.866059261489468435e-01 4.921740391071874332e-01 -4.485388605695881520e-02 -2.743608216883559048e-01 4.528397678843526508e-01 -3.161722472891089208e-01 5.377267939442427203e-01 3.690462385191273786e-01 1.621138822584355099e-01 1.457729843873308284e-01
-3.270191916017250455e-01 2.850417875295790382e-01 -3.222006326228819828e-02 2.612812654671714183e-02 -7.032555705390185485e-01 -2.593026887938059133e-01 3.359127728040202099e-01 -6.727035237899847697e-01 3.959385567492003100e-01 1.523762573612453717e-04
-1.838204783594589997e-01 4.911903165885216360e-01 6.212623099909495572e-01 -5.662232166251486565e-02 -2.551258729517645318e-01 -5.592738380091635264e-01 -2.617395115800084660e-01 -4.273217791392224796e-01 5.409088167610046627e-01 3.832166165385014756e-01
-3.802519074277094790e-01 -5.558405918245106214e-01 8.723741044976478509e-01 6.509136363117233870e-01 5.177105525060263780e-01 -1.411778955726437357e-01 -6.823591627450084074e-01 -8.080390733239387058e-02 -5.861141409683512382e-01 -6.614333287227573965e-01
-6.804454336874700415e-02 -1.103380735767252874e-01 -7.063089458108361418e-01 3.416663225907510260e-01 -3.885888269872923018e-01 -6.128260833186806034e-01 8.174192497169773253e-01 -1.483783556745614240e-01 -1.365409075238009085e-01 3.499978022143343526e-01
-1.553313165084816427e-01 6.251817812133791952e-01 -5.075073509242221670e-01 -6.852391847153885829e-01 2.477622004106103670e-01 1.310615102788813824e-01 -4.325114460140340455e-02 2.462628753719800501e-01 3.225564470121413674e-01 2.695027555508840433e-01
3.217454554460288385e-01 6.564644538733575008e-01 -2.244729827925137644e-01 3.706541808104030777e-01 -6.563504876263432930e-01 -6.042930681985206887e-01 1.106104145905206920e-01 2.086092899487619612e-01 -1.103186831031999909e-01 -4.540451600849407798e-01
-2.691648036997195542e-02 3.112450849365703820e-01 3.576838091960347077e-01 3.152246136892598583e-01 5.279122109350889991e-01 -2.970290648863745386e-01 -3.855110790747264815e-01 -6.316968935149860909e-02 -5.749495909647217573e-01 -5.865225411505446684e-02
-3.604311279572762206e-01 6.080436391859380674e-01 2.629401854206393496e-01 4.514105716447920358e-01 4.288193606586878648e-01 -4.535418873324409961e-01 3.772859143933996462e-01 -2.842255108091769067e-01 7.362045446014091610e-01 -4.310553158609493063e-01
4.932948360628101880e-02 4.150097989885151439e-03 2.365162433690558633e-02 -8.501938132079854549e-03 8.686168355995262103e-04 -5.124017272330925413e-04 1.238521051178150499e-02 9.423925104305086453e-02 -9.532695363248612497e-03 1.504783281065343557e-02
2.753124689780670487e-01 -1.424896489736383366e-02 4.313284225992774362e-02 -3.386229147871849254e-01 -5.119160598964240805e-01 -8.071795453897865139e-03 -1.278313876858668263e-01 2.493515447197259538e-01 -1.502701045566410265e-01 -4.982092177767623586e-01
3.920354968863046241e-01 -5.620146179154112964e-01 -2.941930063421917541e-01 -7.174049920025976634e-01 -7.050158772445845601e-02 -7.160132366440388196e-01 -2.041110781341972102e-01 -6.457317591917316468e-01 -2.495527173610222541e-02 2.903285918422407463e-01
-3.812505093711890131e-03 -1.999712145676594555e-01 1.029837801397468118e-02 -9.184521110651819309e-02 1.493163241030320276e-01 1.092355980384608627e-01 8.780372347712527004e-02 2.131557534389511011e-01 -5.243805941376653013e-02 1.516697503159600557e-01
1.353238504547255583e-01 2.755153108507581994e-01 -5.840836159043105713e-02 7.989563580940595156e-02 -7.869625888671756553e-02 2.777731805358315542e-01 -4.193156052524481536e-01 2.339279689788294481e-01 1.291179068963391706e-02 8.972204413043620430e-02
-4.100204999020624075e-01 -4.459722403004180019e-02 5.940360934203345877e-01 -5.367081913391214681e-02 -2.568639359023310309e-01 7.391757958937240636e-01 -3.303573909128454389e-01 -5.450521826164033135e-01 -4.175150933973014178e-01 5.359248107030882835e-01
5.856657560237317206e-01 -8.083589819452893788e-02 -2.616658240133936664e-01 6.692922735546847912e-01 -2.631609254223068461e-01 2.271476194818441985e-02 -7.809871481872617816e-01 1.492082560736606722e-01 -5.379580569001555235e-01 7.476868098576593402e-01
2.729955924776888976e-01 2.176512178468836267e-01 -2.504347628251290050e-03 1.462266333801367779e-01 -1.058561849367049418e-01 -2.195247079462949585e-02 4.870941677569103762e-02 8.248049464368226169e-02 1.370456737480899578e-01 1.825440580005036062e-01
-5.187429799332204938e-01 -8.552305085611108249e-01 1.500887107100202511e-01 6.035107626885187759e-01 -2.719234234157335561e-01 5.957887572665191422e-01 -8.443181844781252332e-01 -6.975632847895799071e-02 -6.918265061889319334e-01 6.400912613467248935e-01
-3.207099395408444936e-02 5.591008069759244997e-02 1.517038256204196189e-01 -9.191259228194362295e-04 -2.006817549972507164e-01 -1.937255847693881983e-01 -2.457736316136362176e-01 5.871509900231781931e-02 -1.714595364142284251e-01 -1.398419673206600378e-01
2.129621919876391600e-01 -2.472180195540822079e-01 -4.497230639799353891e-01 -3.012727744369450567e-01 4.284072163353409568e-01 3.719374966141069105e-01 -2.002681841227516024e-01 -5.688524485078415571e-01 -5.367321650368580555e-01 5.129032624916385341e-01
3.148655575996119338e-01 -5.626575462851588494e-01 -3.172286336243539118e-02 -3.764748188831372744e-01 1.054741672655878648e-01 -3.290727707351532305e-01 -4.867020292546823113e-01 -7.162025028842333718e-02 -1.800461275821757089e-03 2.032671252633725667e-01
-1.500973239969276563e-01 -3.627442467500923695e-01 -1.012822061509767585e-01 1.205837079334247802e-01 1.385302512600181113e-01 2.752108186622417851e-01 3.172507426916719719e-01 2.811822169388769055e-01 1.889194340208231737e-01 1.050659036264585573e-02
-8.712233155389801365e-01 4.490555364464403065e-01 9.223914666058978529e-02 7.416188210317866680e-01 -2.735073598188344501e-01 -3.224305451401193734e-01 -1.543526806933986639e-01 7.761392233915613836e-01 -5.144096918311869687e-02 1.432331723220696407e-01
-2.689501826630824044e-01 8.688161559348384078e-02 5.825489625373835301e-01 -4.150110661776271193e-01 2.070357270442292619e-01 8.284748326026105669e-01 1.995427781960610603e-01 -8.878996820433995157e-03 3.461103546718502511e-01 -4.237018195341917259e-01
1.978892998323449059e-02 2.001261837787777775e-01 -1.231951055624401908e-01 -2.582379424870107076e-01 3.009159331481673361e-01 -3.512214507866330826e-01 -1.368696507626211700e-01 2.476122303816502210e-02 -3.483525503594560313e-02 -2.356596285711866634e-01
3.620265613065438287e-02 -1.387733816678220489e-01 1.424205573257691371e-01 -4.361937549886702771e-03 -5.569342810019586171e-02 -1.027251459030568831e-01 -6.471086386048301164e-02 3.428843615136327461e-02 -2.444878799686535376e-01 9.417181959569936867e-02
-2.897832096628283893e-01 7.759885362021367028e-01 9.215540328359793643e-01 -6.253871427114761072e-01 -1.047280455878513289e-01 -2.780768125457647177e-01 -3.104232775452441806e-01 -2.142388227397219180e-01 6.851509920019728250e-01 -4.282496302679137945e-01
-3.484592739714171272e-01 -4.376532374913439383e-01 -4.518016157370007835e-01 2.781175732313252991e-01 -2.338084642689532699e-01 7.231989691275060306e-01 -2.191697702984018448e-01 -5.195557997291444519e-01 7.708363222631350875e-02 4.502795051260694015e-01
-5.089281852845012333e-01 4.433945754758994995e-01 5.410795956652962868e-01 -3.213050263068553680e-01 -1.586200813900657536e-01 3.157349481441542038e-01 -3.200730635076532438e-01 2.325524086435165061e-01 -5.819734228455761826e-01 -7.165174102659122024e-01
-2.551331368377131592e-01 -4.728346867618856697e-01 -6.599328487937106136e-01 -4.346257847656028739e-01 3.972731257910796510e-01 -5.640519798259124862e-01 5.103129293772020597e-02 -3.355193767378491509e-01 -3.822768526019318380e-01 1.664861181144303981e-01
-3.467100726495565832e-02 -6.612523704267227187e-02 -2.950874166482521654e-01 2.203222863562316891e-01 1.748421954537268327e-02 -9.761918981674450047e-02 7.081264971301032274e-02 -6.189570036922180385e-02 1.299868829552018601e-01 -2.943499070036586507e-01
-2.829161559768956780e-01 1.698594046137740510e-01 1.990779575239973176e-01 -1.663392583009594416e-01 -6.070606624023445752e-01 5.712463784730017480e-01 -1.378125139832456214e-01 4.596019922539604785e-01 -1.847492759052268563e-01 -5.759132884510076433e-01
1.425411691838981143e-01 1.083050093984428142e-01 -3.560219841481178371e-02 2.192826686765103061e-01 1.519834260100660639e-01 1.648066498304843475e-01 7.019872817609085214e-02 -6.739418785984025318e-04 -7.355382356033289548e-02 1.879525050657198521e-02
-5.702355694871432679e-01 -2.877900752526497685e-01 -4.593516518317654618e-01 6.363581244737251952e-01 -4.786874917723112910e-01 7.103842157352729947e-01 -3.462126532823434633e-01 -4.722547226009516375e-01 4.833706178478380799e-01 5.617574735984192102e-01
-5.420696094622944328e-01 -7.992127512842141235e-02 3.663545840867968861e-01 -3.279576027190852193e-03 8.246682145164995204e-01 -2.686369786088605438e-01 -2.345748479850409685e-01 5.853179768826440865e-01 -2.583175160883621757e-01 4.263119970361649025e-01
-2.254816055914619921e-01 -1.083687825272997979e-01 1.201312322529440313e-01 1.480038185007449131e-02 -1.103557103304595444e-01 -8.421419659769212307e-02 1.307977948832435289e-01 1.729191392176692918e-02 4.807280496091193706e-02 2.505257941838978999e-02
-1.556682144191388062e-01 2.640294976359182644e-01 -4.159487792022816162e-03 1.439340324421770623e-01 2.813551043317333300e-01 6.007509721026246807e-02 -2.754228691356920833e-01 -1.827029997823877983e-01 -8.728784091225133546e-02 -1.618467938335456102e-01
-2.844796644979370823e-03 -1.147097106563709501e-01 2.083535923304987228e-03 -2.055626975757888775e-01 1.403981184214701805e-01 1.608419859555739462e-01 -1.104222941746476339e-01 -3.612217087781076086e-01 -3.318832729869411469e-01 -6.418865868801505448e-01
5.403581612948812340e-01 -1.539709231895931840e-01 -5.460077358460591057e-01 -5.874915538525941061e-01 1.419387364895008941e-01 8.726124855388965595e-02 -5.521391468418942461e-01 -6.461238920035192179e-02 -6.494902727913203222e-01 5.381148395709467458e-01
4.681576916247431885e-01 -6.459788849067161776e-01 3.792506135043209881e-01 5.828924576555981618e-01 6.339719698366533818e-01 -2.941501106935768273e-01 4.036875498121322292e-01 1.645830959843384844e-01 -1.340059427385162719e-02 4.855175901558236307e-01
4.442579734715913498e-01 -4.611382873143478056e-01 -4.271117978755756273e-01 1.822223445284664178e-01 -1.433708094700892610e-01 -4.270137312066041302e-01 5.334872996472166395e-01 4.423820755532927307e-01 -1.360902687539673472e-01 1.183650572512509325e-01
2.039612722159335201e-01 7.958489479017785140e-01 5.075390709633285091e-01 6.024538981591770481e-01 7.209378646816445579e-01 -8.054383703542689066e-01 1.669766843581623195e-01 8.026263844661578606e-01 3.090301396374651732e-01 -8.794395139198899480e-01
3.461007781825965468e-01 -1.584178135668156684e-01 6.138566442341734930e-02 1.606825423373136053e-01 -2.160684780084864975e-01 4.963795137527268198e-01 -6.378653058848181290e-02 2.369343074267206695e-01 1.557231577002080314e-01 3.429410131292226493e-01
4.613745212307907018e-01 -5.831286125217831628e-01 5.874457544976688927e-01 -3.622170834850370058e-01 -1.950904432013050582e-01 -1.659994523013506029e-01 5.601732471205413955e-01 -4.678266449014740758e-01 3.424857983986658305e-01 -2.545704714566965898e-01
6.770937467055596626e-01 -2.553092215782090668e-01 -7.074629769110073463e-01 8.939254974501782414e-01 8.662718985732748012e-02 9.332358890262227868e-01 6.934326355652216112e-01 -2.711523000818920059e-01 -9.297520934578806795e-02 7.893407424772056480e-01
-2.253930268350253785e-01 5.781590617503331100e-03 3.765664526556673081e-02 -5.536289273811464406e-01 -4.534135630834287278e-01 -2.427542334856438444e-01 2.455141192004360595e-01 -4.233424095586904579e-01 -3.122066159244569761e-01 1.483101775333987293e-01
6.584602598105978970e-03 4.090675217292241012e-02 3.320346791753838334e-03 5.745405112349172283e-02 -3.608455257423796685e-03 4.541803049720494895e-02 -5.843612529897945166e-04 1.850354475497973175e-02 9.218740329514772680e-03 1.340520885624986100e-02
-1.241955477523776219e-01 -6.105763097132471673e-01 2.898933320155114290e-01 3.269824441252033170e-02 4.865682393131458006e-01 -4.563746092333385018e-01 2.367893347498941370e-01 -4.004678959781889924e-01 7.242888323142540052e-01 4.460474808411026282e-01
-4.901104615202468429e-01 6.675146545022486722e-01 -1.060919214981028702e-01 -1.711862219171054744e-01 4.740208277999414244e-01 5.219785535727659020e-01 2.608292217214353559e-01 4.689744938110144701e-01 -4.772578226354453057e-01 -4.038302486231629684e-01
-7.572987648618081935e-02 -4.803941952655511605e-01 7.006077254292898682e-02 -3.980189749747416877e-02 2.000117740425144397e-01 1.840598617489777322e-01 1.456304340402607977e-01 4.538243828551464243e-01 -3.341320419344000481e-01 3.793849064218176581e-01
-6.843921352429703786e-01 3.940452439921068306e-01 4.537750017711577044e-01 7.303200879840462401e-01 1.336656249245907757e-01 5.965881019390955053e-01 -1.942447437754312167e-01 -9.596832549821959768e-02 7.131229331053353659e-01 9.228948418595672720e-02
-1.520753566776452126e-01 6.368162956010033904e-01 -5.722291932295421324e-01 1.964363562212931014e-01 3.096304012933518424e-01 4.117533234662223429e-01 4.079672543568421128e-01 1.190263817771697041e-01 -4.321923153363552150e-02 -1.608812465779221323e-01
2.369562405440760883e-02 -1.268271146720209575e-02 2.260918718735543953e-02 2.588647293249838471e-02 2.631458168040223464e-02 4.644501163664293414e-02 1.036009694854568217e-02 4.156916537111116777e-02 2.536783069163448673e-02 9.447443791998725096e-03
-4.932916613394416339e-01 5.951950286403140389e-01 -4.903051238424219194e-01 -4.266021508882446647e-03 5.725991733770667835e-01 -7.509920649033762219e-01 -8.021373318489927184e-01 2.643385801818334269e-01 -3.400349341686677018e-01 -7.059256978473750221e-01
-2.436463570090930397e-01 -2.222787682652371255e-01 9.440508988838999804e-02 1.494775372748964881e-01 1.738368400646643219e-01 -4.718937321452174594e-01 1.252372582604339424e-01 6.246844108465332557e-01 2.466835340084710948e-01 -9.041594767743070526e-02
-5.476926876798960953e-01 2.004935612324010852e-01 -8.163656054702687070e-01 -3.367334989223859654e-01 -6.768650784474895543e-01 7.694055967936885843e-02 -8.357157016361875801e-01 -5.095444617445997748e-01 7.989478199902689814e-01 6.911065805566969367e-01
6.937972995212798866e-02 8.603866320098260689e-02 8.069880737224770229e-02 -2.483444248936258758e-01 6.389650005138575173e-02 -1.105142626646263282e-01 -8.134162489753814229e-02 -9.889928739792763768e-02 1.659394296544738565e-02 -4.499776080016382879e-03
8.768338390424346152e-02 -2.245979394873333923e-01 2.980267526785997378e-01 4.457176580808604460e-01 -5.035118386133340396e-01 1.763966959589659544e-01 2.501589554441267516e-01 3.698147849923181379e-02 -5.232607583100888915e-01 -5.893987330026668747e-01
3.520918132746683749e-01 -1.862108734185575765e-01 3.288860707275934048e-01 -3.372801562016206761e-02 -2.681615444132398607e-01 -3.356199794232581080e-01 2.299628834324925208e-01 -4.173718212363810576e-01 -1.962279398446819811e-01 4.259125465371363939e-01
6.963501607486832778e-01 -4.813673473022536120e-01 4.790950440402887422e-01 8.244228652974718852e-01 6.165047749360337281e-01 -3.195078649910047114e-02 5.264839044322739969e-01 6.949324972764077124e-01 5.942716797057451261e-01 1.049069426427145790e-01
8.870781164201892166e-02 1.230357206104922274e-01 4.544037605772731636e-01 -1.510091318841713104e-01 2.002055209932643576e-01 -2.058611338241605748e-01 9.071495711903394821e-02 2.802831549488505880e-01 -3.864372111796748888e-01 -3.694701564424781037e-01
-3.691973341986736212e-01 1.333359561077487876e-01 3.944070043201453601e-01 -5.913622576933174058e-01 5.821664326693257729e-01 -1.349612294705225257e-01 7.357312695413692483e-01 -5.705289334349531449e-01 7.655195654237352543e-02 -4.257850352619552137e-02
1.672239987421475782e-01 -2.543858879142483209e-01 -4.664112547423883148e-01 2.119358515917376881e-02 4.375182903282504032e-02 -3.485914197754892002e-02 4.259019319921197866e-01 4.628816116987083951e-01 -5.550400094939777346e-02 -6.118118105648836513e-01
3.145120190134043092e-01 -6.283456706145144066e-01 -4.930947189355237015e-01 2.929121204004726114e-02 1.634986501442553808e-01 2.992132026836326064e-01 -2.658323460665880655e-01 2.076175316255634840e-01 -2.857727850365769373e-01 -4.144551028099058843e-01
-4.646780113871146201e-02 3.966053079725874175e-01 3.543543213411023407e-01 2.051268962505712889e-01 -8.078860526115874685e-02 2.309910105133209657e-01 -3.565011797073364130e-01 2.039365916534900125e-01 -4.933657948463157118e-03 -4.768576781991374358e-01
2.604848448877614686e-01 -1.936300566206473062e-01 -1.685408530682237782e-01 4.669645197200378850e-01 4.025228840370276839e-01 4.657975405069870178e-01 7.201721584105316154e-01 -9.015417384140300694e-02 -3.172967803335008941e-01 3.413305567510065974e-01
-5.297353386893158822e-01 -2.413761437131917709e-01 -5.513514982670066067e-02 -3.749703290268951300e-02 2.703566887858433465e-01 -2.911146814881352407e-01 1.248295841022437763e-02 -1.930503299314963173e-01 -2.980834736188089917e-01 2.483207634753390458e-01
-2.311748884346805366e-01 -1.309571031902935223e-01 -3.706166414698924272e-01 4.318242535223910661e-01 2.269328720569011859e-01 4.312671228991596939e-01 -2.603109140975776725e-01 1.787611129603521726e-02 -1.715566088837674683e-02 -2.904987470766254645e-02
2.365950515840241630e-01 2.364531883132535428e-01 1.855309845498449017e-01 -2.302081854524325177e-01 -3.895431028491719849e-01 -2.524329471171196104e-01 2.258332787944201392e-01 -3.440621910167449005e-01 3.807896953276413421e-01 6.904609985615042800e-02
-1.548019557803236848e-03 5.369727925194514029e-01 -4.448030397513815792e-01 4.804010856732416901e-01 6.555333660490340053e-01 1.803179848212782543e-01 3.149441856714087495e-01 2.763314954801796564e-01 -4.737682017861943318e-01 -6.527793169552026376e-01
3.099565914160392066e-01 -4.079630900083492939e-01 -4.593214439168610275e-01 -2.540542122270789127e-01 5.177975476140166400e-01 -7.496112274296143352e-02 2.255477856579500562e-02 5.664891072908826430e-01 2.868096708936831996e-01 -2.727236470396705581e-01
-8.463365494429277158e-02 3.197140543027754411e-01 -2.690437028574351741e-01 1.844077455910702878e-01 -5.268855926734227202e-01 -1.676709619420895803e-01 3.054378068210967245e-01 -2.730728582324145615e-01 6.927180619371819947e-01 4.766352537657699284e-01
-9.276824984220112535e-02 1.173186115698935383e-01 3.162629651540423970e-01 2.681409288684373782e-01 9.560403918866820783e-02 4.792605860239764204e-01 2.132468850133081018e-01 -8.953339946797318760e-02 1.248505377115519260e-01 3.487327741403374870e-01
