6.302482276963009555e-01 -8.006379632914180089e-01 -1.146035689973989302e-01 -6.205368277423610746e-01 3.236662620725591077e-01 -4.556011379298350317e-01 3.506553165142660689e-01 5.930921224670842040e-01 8.035291432243782950e-01 7.090533949396086166e-01
1.499206400709233999e-01 1.205558283807910414e-01 -3.895446333859132748e-01 4.034290968607294747e-01 3.973127367126535470e-01 -1.096924658001643266e-01 -2.518844472674577339e-01 -4.319633391692862534e-01 5.170968264973070383e-01 -2.684769215171087797e-01
2.810444342793523287e-01 4.425324123749869165e-01 -2.037922405115701746e-02 6.590833296720025603e-01 -5.703199932703024722e-01 -2.942337566325094467e-01 5.584773415985934131e-01 2.480296882961284810e-01 6.817122967563323810e-01 -2.661991612874646251e-01
1.486364247199422894e-01 -2.584196057998185969e-01 -7.760050750661430519e-02 -8.843216630054544225e-02 -2.050833207692360494e-01 -2.365369512392142270e-01 2.874627244170810392e-01 -2.543202668438031555e-01 2.014664715655770100e-01 -1.286257119048033470e-01
-1.034546780460600347e-03 -6.509676415434203361e-03 5.439845909411010483e-02 -1.729745837430276406e-02 7.167348072826930372e-02 3.812217858393381672e-03 1.870445560703682883e-02 5.856299739607988969e-02 -1.649475007622983914e-03 1.921927805459136898e-02
-4.456322492726221274e-01 -7.477707040883332379e-01 -4.072112926688086637e-02 -7.937908731836101905e-01 7.019200426343606969e-01 -6.937413134215936195e-01 5.532534542111511300e-01 7.115650972447249423e-01 6.746821057349744466e-01 2.297799294141515958e-01
-7.764630048241763678e-03 1.371742186119034590e-01 4.128021600230809274e-02 2.932360302769146734e-03 -1.352865086000546758e-02 1.144775992615339709e-02 4.613680694766065377e-02 -1.275981469175205231e-03 4.654538875076801030e-02 -4.082220453648614453e-03
-5.356816348681429085e-01 6.817139499614321974e-01 7.769401276089837882e-02 6.871144137258824447e-01 2.266915070127871190e-01 -3.248769769231917848e-01 -3.843469532459236060e-01 3.209220771499457503e-01 -6.055655731554180354e-01 5.611707253234392567e-01
-6.868224144324007463e-02 5.911072079534442913e-01 5.518336564941339617e-01 -5.611363689084112316e-01 -2.795550575550375116e-01 3.699694022304211294e-01 -4.223163645547520217e-01 7.187955024703612805e-01 5.173744019354392654e-01 -1.894571692086617631e-01
6.918238610425654633e-03 -3.632224809119641382e-03 -2.892693851766021430e-03 2.502022470180765429e-02 5.733275272620617924e-02 2.591404191702405269e-02 6.242805869238548036e-03 2.467462560490154069e-02 2.279517676966934941e-02 2.949015406075692833e-02
-3.508321993282029899e-02 7.287836948998425990e-02 1.001133743782459395e-01 -1.281331794323932738e-01 2.594384261467956310e-01 -9.233598637110462456e-03 -3.737462633368136833e-02 -2.400149283336101141e-02 3.175381773782100930e-02 5.490284879670352669e-02
3.425299292955428232e-01 -3.190648983552189510e-01 5.935032763101210085e-01 1.865401619125456878e-01 -3.493594289734163610e-02 -2.091316695164699702e-01 5.406046008855825979e-01 5.065527320981181303e-01 -4.535381248946825372e-01 4.089323575808683775e-01
-4.266968940424246126e-01 -4.263350550190454780e-02 4.480686171418630792e-01 5.874887756455912102e-01 4.660050536325831549e-01 -4.726968181623542598e-01 2.077984553797540268e-01 -1.352915461624439597e-01 3.181888514334348383e-01 -1.303786356673304614e-01
4.221059395722651097e-01 1.962409203278800141e-01 -4.646046698157230148e-01 6.424468413406970724e-01 1.748632364605568756e-01 5.435201104369411645e-02 7.440978028895876006e-01 -1.658075627949247288e-01 4.117415010470358294e-01 2.863466178075183555e-01
3.116120807734875098e-01 -5.511171188127134135e-01 3.549654001880043208e-01 -2.375013597915222041e-01 2.910303221561339471e-01 -1.822394373436674042e-01 -4.565644070777650776e-01 -1.675983835651145559e-01 -2.003116754583621484e-01 -6.869556014155568935e-01
-4.760076615458581906e-03 2.038855600526296580e-02 4.116225460882187021e-02 7.764085695107936051e-03 7.922178540271893402e-03 2.773538677947717801e-02 4.225482406457607178e-03 -2.229125732417684756e-04 2.644864930450000623e-02 2.705630001063779461e-02
-4.501408608655403376e-01 1.097634418951124735e-01 -5.842050231202923216e-01 -5.028104262003839642e-01 -1.004377943990781771e-02 2.195871563565454376e-01 -3.669448162514816342e-02 3.821049947991908002e-01 1.063046805687647839e-01 2.464903299709718942e-01
8.298460083459028302e-01 -5.337601628382725449e-01 -7.693534488766010648e-01 4.701683833495717280e-01 5.955880215002019584e-01 3.149176178615257227e-01 1.116469232111316073e-01 6.656331388224846490e-01 8.042154426641292542e-01 -4.411420947766441225e-01
1.924651200893996196e-03 4.268073847394869558e-02 -5.931392676432651889e-01 -4.783778379849231155e-01 -5.799639717607765199e-01 2.866215190487183540e-01 -3.651775088834359195e-01 6.668314929034917515e-01 6.766495182823302479e-02 1.288670297232802006e-02
-5.560007401367051544e-02 2.839060602078161688e-01 -1.468320261484481193e-01 5.110887773354058639e-02 1.743223052514925320e-01 -1.018940352262804050e-01 -2.483366179837498133e-01 1.856975441352790579e-01 1.756844267857251007e-01 7.683912805866734662e-03
5.194386324748271298e-03 -5.673045561697546979e-02 -2.564277187435895500e-01 3.840636585193654695e-01 -4.307605653799216894e-01 -2.601312952722589431e-02 1.917897587107987301e-01 1.771610650695387701e-01 -3.256604317194035647e-01 1.897983604615278985e-01
2.881247214022227832e-01 -9.619402545908167790e-02 -2.638754628229402210e-01 4.172770130482131856e-01 2.751600636382016685e-01 1.690477055792339867e-01 2.228619301104667882e-01 -8.674954988451677451e-02 -1.316100395383492383e-01 -2.166004650762915207e-01
6.555150351663784070e-02 4.528774560010184191e-01 -2.435098894684192272e-01 1.876274614557187637e-01 2.774802036615111045e-01 1.441997580541834467e-01 1.099378686112424258e-01 -8.539869698982137380e-02 2.654519481069469999e-01 -7.386562709031969931e-02
5.223524221318398553e-01 1.112418997291980266e-01 8.167601448111164730e-01 -8.843346141453619635e-01 -3.956721756608735929e-01 8.727513788075393075e-02 7.581440021632355197e-01 -7.726361337407329222e-01 -2.096652930909441159e-01 -8.085588991100448597e-01
-6.290437690105529223e-01 1.835693112301370056e-01 1.105656123741785742e-02 -6.620183712442349877e-02 3.376885598781740883e-01 -1.394415955838618493e-01 -6.868947157777609558e-01 4.677135585840453413e-01 -6.543666279375123240e-01 -6.083977182539976880e-01
1.347419935787509161e-02 -7.092345437626457194e-02 -1.753434346435321298e-02 2.620403568459532262e-01 -5.080540449006374359e-01 4.485142266985482351e-01 -2.175733019561072734e-01 -2.560567162246849340e-02 2.318977401452131382e-01 -1.173403255459487676e-01
1.711155559405940774e-01 -6.255265329296805232e-01 -8.105215498702822430e-01 -8.161875486132219581e-02 -3.101613096639793121e-01 -7.991111945660533955e-01 -6.675114138761395477e-01 -7.254096508352397832e-01 8.642969042287349524e-01 -5.170809482809600732e-01
3.713799175464164715e-01 4.768427389194219157e-01 -4.068615549108441781e-02 -2.697201910295180527e-01 4.403338200088911525e-01 -2.881447194086071417e-01 5.182579119972218207e-01 3.552986760346166784e-01 1.566646676664263105e-01 1.395606667504357135e-01
-3.198524075423371249e-01 2.865208118644321234e-01 -3.458025706818070727e-02 3.082820283290274577e-02 -6.927233811291616528e-01 -2.453748670560779443e-01 3.285040552386424562e-01 -6.565738450972604667e-01 3.885510932929047145e-01 1.382831811284152002e-03
-1.753079050583050136e-01 4.802163781181400526e-01 6.162020441223087230e-01 -6.402296605798270257e-02 -2.331382218160468756e-01 -5.435798399720018770e-01 -2.585570618870463022e-01 -4.167903035619060503e-01 5.246731692426397364e-01 3.674003095329196333e-01
-3.792631786082047984e-01 -5.467306482547392710e-01 8.693393333778915988e-01 6.488632682414219310e-01 5.130133654420339084e-01 -1.407006093550018100e-01 -6.786910953931888368e-01 -8.235608297099145103e-02 -5.815131669555188010e-01 -6.623624765402539305e-01
-6.624897339557625497e-02 -1.100528288465568716e-01 -6.943785543003540006e-01 3.348605735935905048e-01 -3.817623486233853725e-01 -5.887234612405501943e-01 8.020389483109939821e-01 -1.499716657622625626e-01 -1.324117810140977014e-01 3.511639555739018426e-01
-1.487545797305655781e-01 6.093365345936015975e-01 -4.906479054020464470e-01 -6.711043541176150429e-01 2.534058191108006786e-01 1.314331184275843167e-01 -4.232501795557528507e-02 2.487352685167261435e-01 3.150708752108103416e-01 2.528081833704781678e-01
3.120136152673207430e-01 6.391921389854791080e-01 -2.227904915052837664e-01 3.578467818775689091e-01 -6.288021262246179521e-01 -5.842786052754833648e-01 1.091277548576221612e-01 1.976447514249415061e-01 -1.141113652931824013e-01 -4.439535139747113890e-01
-3.324047625505392040e-02 3.138830425105889610e-01 3.534502359443652542e-01 3.143887711768211246e-01 5.186151429455921891e-01 -2.828260127589825035e-01 -3.716030864082159324e-01 -5.495139476332893541e-02 -5.656319857236745685e-01 -6.132463013672033447e-02
-3.529610856465910107e-01 5.940039358253186297e-01 2.732579525159427591e-01 4.331628994307532565e-01 4.087043455523834412e-01 -4.514596160795101842e-01 3.605686318648109179e-01 -2.693123253184996901e-01 7.210341533274633452e-01 -4.229802572757749290e-01
6.924278305879330575e-02 1.314370953063647568e-02 3.586776501934074018e-02 1.408773143954092236e-03 -1.853396494676563377e-03 -1.098137697379415398e-02 1.012461328739583388e-02 1.069224241150708438e-01 -4.224844415705271590e-03 1.272514794921868891e-02
2.102686049144791847e-01 -1.482043561800661796e-02 2.001794661222989352e-02 -2.520641287405605002e-01 -3.751901152437530640e-01 -9.879244009237106439e-03 -9.574121719267146557e-02 1.716615195934323435e-01 -1.288499358346671675e-01 -3.903451153593749945e-01
3.843409403776634758e-01 -5.507824651215674772e-01 -2.875415119150068199e-01 -7.055774527896858661e-01 -6.894643897300171964e-02 -7.012393249125871142e-01 -2.020104616338273262e-01 -6.341226808020415939e-01 -2.154313130480677366e-02 3.020525133930822559e-01
1.701028547445450692e-02 -1.240161183537916850e-01 8.313195480682355684e-03 -3.350062997897765987e-02 1.615848938260266987e-01 3.444854097012140653e-02 7.711778291775454874e-02 1.090165194429090767e-01 -4.075007315194838914e-02 9.947896092101951582e-02
1.230861945633571486e-01 2.572569627542275472e-01 -4.469892113235780090e-02 8.636162213995636494e-02 -5.510952290781787055e-02 2.092683958641151920e-01 -3.384813238628118226e-01 2.077130864063171656e-01 2.441870928973508426e-03 7.813869322684208196e-02
-3.942734561608832178e-01 -4.483750990569538436e-02 5.834791658873512699e-01 -5.123320162191655203e-02 -2.567273520548187804e-01 7.175251299221750978e-01 -3.183186744251749190e-01 -5.299558931627581515e-01 -4.084277753949197565e-01 5.387209871435352238e-01
5.807798266297496959e-01 -7.716638045139839752e-02 -2.597566673777776947e-01 6.623768105311718113e-01 -2.619761861442553852e-01 2.567911112994017073e-02 -7.759064807337402447e-01 1.499486363822670754e-01 -5.356116052794720472e-01 7.422143210411460412e-01
2.655058545207278353e-01 1.864771891527694792e-01 3.813528002915466536e-03 1.247136888380644681e-01 -8.362957006264228055e-02 2.664654692551206988e-02 4.249300554393922041e-02 6.410164555462194436e-02 1.282712507507910715e-01 1.545987644865704502e-01
-5.193612323142482445e-01 -8.477089358800800056e-01 1.531808005344300061e-01 6.032174546458479725e-01 -2.745714676438463786e-01 5.901351094998422697e-01 -8.408118605960509528e-01 -6.925157225363871849e-02 -6.881024545711510454e-01 6.393276507675696996e-01
-1.691901301144845687e-02 3.625559686483674493e-02 9.526809355259613366e-02 -1.058017064972740368e-02 -8.743216594769613603e-02 -7.704408443367390114e-02 -1.331654591202866278e-01 4.899455147478745665e-02 -1.106843279884193870e-01 -7.817846478837732482e-02
2.036162453811983242e-01 -2.402401665069988645e-01 -4.427805561226635933e-01 -2.966337814956272467e-01 4.295255160908287850e-01 3.691136449559609956e-01 -2.044705864933529238e-01 -5.478018529600320319e-01 -5.237035786996043774e-01 5.009345755485434815e-01
2.903505660841601554e-01 -5.296424450491191704e-01 -2.397943690650744183e-02 -3.534434333584183241e-01 9.742163782596391375e-02 -3.056271977960011710e-01 -4.340640919258783592e-01 -6.821058923795894624e-02 1.069628168670642629e-02 1.856267147676677054e-01
-1.265003067345876475e-01 -3.183456023342670083e-01 -8.613401092352047927e-02 8.989397449658416417e-02 1.472968477925241937e-01 2.404000057748094110e-01 2.707617467089208363e-01 2.311489906653896587e-01 1.486156932386085150e-01 4.240395815202065849e-02
-8.587730808136621041e-01 4.487098094440594709e-01 8.930917393686242656e-02 7.368751513400768616e-01 -2.696242499430677730e-01 -3.184722800518259844e-01 -1.519218299976281550e-01 7.645242954718538542e-01 -5.112888605039124512e-02 1.410404155332246612e-01
-2.502340195087063290e-01 8.457178544482728266e-02 5.683160768414812214e-01 -4.051258390388690067e-01 2.007212612709157462e-01 8.103950507370707435e-01 1.959817858449146299e-01 -7.796375795693098569e-03 3.383862012160209209e-01 -4.165525966683898407e-01
8.883851577030782432e-03 1.570482669881723692e-01 -7.826644561866499816e-02 -1.865022287341004947e-01 2.123225093104919581e-01 -2.526374406989145838e-01 -3.474051064977589504e-02 1.981407613424573944e-02 -2.114035255353267917e-02 -1.658201869101734449e-01
7.357905059944166992e-02 -4.473970292244377339e-02 1.551374989648686420e-01 -8.093649752245583168e-03 -4.294009292884470863e-02 -6.126641468882618874e-02 -3.592102636409866961e-02 3.006862213684370275e-02 -1.697891217707982181e-01 6.136083352138930330e-02
-2.864663748001105015e-01 7.702848259717247625e-01 9.186595378936255329e-01 -6.235958071700007377e-01 -1.046355829783150171e-01 -2.683888817499867074e-01 -3.116892389685884668e-01 -2.195753682620792679e-01 6.842555385616266861e-01 -4.164458406676103119e-01
-3.414293543039297329e-01 -4.371002450756806823e-01 -4.458437135699339082e-01 2.760384490869259855e-01 -2.321626816072223654e-01 7.245994461997039560e-01 -2.120037828781016764e-01 -5.154114941946593698e-01 7.626577592251060356e-02 4.425416914709451865e-01
-5.077523370599028585e-01 4.421340645771024147e-01 5.396786616304891648e-01 -3.209128211626389726e-01 -1.570557577009586148e-01 3.171842346327716777e-01 -3.199339666196351351e-01 2.316260594881073553e-01 -5.810342769220175896e-01 -7.129553185750254762e-01
-2.381924612623651794e-01 -4.579016071837028190e-01 -6.327006449715615322e-01 -4.071082802850801707e-01 3.852230069917406130e-01 -5.451746769912551027e-01 5.057712210219328375e-02 -3.230290576192657581e-01 -3.711393108914005090e-01 1.536063924270527348e-01
3.396480445860303871e-02 -5.187043603112492102e-02 -2.558458035698341071e-01 1.862939477585883186e-01 2.252254880790752894e-02 -9.529783726304000280e-02 6.942532173738756585e-02 -2.687018196584604890e-02 1.105884147758513097e-01 -2.477175608754050573e-01
-2.644946070220352552e-01 1.631881936942247702e-01 2.015908784668786202e-01 -1.519859711451304884e-01 -5.887156723913234968e-01 5.650825689711523880e-01 -1.312173147629515368e-01 4.416469963823075884e-01 -1.813553533060156264e-01 -5.550032395852675382e-01
9.421289303400535997e-02 5.579390461233042775e-02 -2.761130060875138792e-03 1.302625162428256156e-01 1.293757358915369471e-01 5.630771741819703274e-02 5.200957103525310349e-02 -1.425555999741717240e-02 -3.470283041904061172e-02 2.786235751186629667e-02
-5.667588123226169339e-01 -2.826737589657709049e-01 -4.581077737562124219e-01 6.329509217259021714e-01 -4.809898408702668049e-01 6.983206046805184863e-01 -3.441436780321913691e-01 -4.643350038866914109e-01 4.829791791477233143e-01 5.616403130588035753e-01
-5.396420837261891590e-01 -7.967754044098170063e-02 3.622984476362060557e-01 -3.792942398529844644e-03 8.203916108653616091e-01 -2.674751459564892464e-01 -2.280534933021832189e-01 5.785449587942159688e-01 -2.557624349011047293e-01 4.232880281949121248e-01
-1.364065114026105363e-01 -7.075959316889147976e-02 7.503095619348849887e-02 3.315523855999095992e-02 -4.360914365416441313e-02 -3.129783744658532624e-02 7.465594007392784004e-02 1.408489045131927240e-03 2.240988431340659032e-02 7.367255693708656128e-02
-1.196309192794891285e-01 2.483146198030000418e-01 -8.905789345325832926e-03 1.003500777451262205e-01 2.118253567809558202e-01 4.253031519791510701e-02 -2.031033165652585959e-01 -1.536826074600341763e-01 -6.429656520508968132e-02 -1.104738924247048448e-01
1.349897384402246221e-02 -8.710693016118939425e-02 1.460113167453712564e-02 -1.892893478602289681e-01 1.187081499765560016e-01 1.009487898739283296e-01 -8.809080605648531015e-02 -3.011658020574242145e-01 -2.950531759310729973e-01 -5.921229048973825071e-01
5.273933685344812661e-01 -1.291862832460631272e-01 -5.340082738342080138e-01 -5.708830461023278735e-01 1.305594304834094277e-01 8.804756767979948773e-02 -5.269869571416585519e-01 -6.671005611933192303e-02 -6.347082778830799299e-01 5.195265987697604837e-01
4.641642361756035950e-01 -6.386579490124968395e-01 3.796359653877647289e-01 5.761620084111952478e-01 6.326761131789637727e-01 -3.030964617322807753e-01 4.031947727716205798e-01 1.678641073450165000e-01 -1.171833905842513922e-02 4.834779604762846072e-01
4.308134894541523763e-01 -4.533318064258117230e-01 -4.056401704429609678e-01 1.736763159126242240e-01 -1.404833258694593856e-01 -4.196549352109896769e-01 5.161357130428272377e-01 4.319078461861813323e-01 -1.296956878193833707e-01 1.145988236648448344e-01
2.096670068992659008e-01 7.919646489746403617e-01 5.089006457778225689e-01 6.015101224774167532e-01 7.221003052276192546e-01 -8.033041610527701382e-01 1.669927732030170031e-01 7.955327375493068676e-01 3.091183247419320157e-01 -8.711418161373273295e-01
3.101297888453824481e-01 -1.277841249361397202e-01 5.804563700671987181e-02 1.424829307046538429e-01 -2.067207107395545307e-01 4.139269610415263756e-01 -4.601890710297787401e-02 2.317985891779080210e-01 1.492921964735870188e-01 3.402324411463131248e-01
4.405066665016911798e-01 -5.554493109866390776e-01 5.633448581631977925e-01 -3.556197413117859751e-01 -1.821788063724810169e-01 -1.576109870458203277e-01 5.518551192174635522e-01 -4.516659231594740143e-01 3.286109882211951105e-01 -2.389690879970426951e-01
6.766603046123557119e-01 -2.550215491743187957e-01 -7.074318853715316768e-01 8.932815452496349895e-01 8.627055316394642570e-02 9.339890347125934245e-01 6.929655607960317765e-01 -2.708394991846443944e-01 -9.291593204524697946e-02 7.890540273313763064e-01
-2.188417597622671906e-01 4.963595007273797349e-03 5.315518530509969614e-02 -5.355328884698978831e-01 -4.369462386955054178e-01 -2.346787386571010936e-01 2.284163147486827639e-01 -4.127313162468865260e-01 -3.029953209567996519e-01 1.482391005193305356e-01
1.011450761074368480e-02 4.205018947142901559e-02 8.294085887208039326e-03 6.133590590042025531e-02 -3.295095113214246193e-03 6.091503034124841343e-02 -2.682842206595839347e-03 2.217507499874688676e-02 5.875106242361428401e-03 1.520985559755476564e-02
-1.234549587781936936e-01 -6.047151432634036983e-01 2.806289240818695130e-01 3.210490012372833185e-02 4.856675936596011045e-01 -4.558431811262849132e-01 2.413884299950391776e-01 -3.974511998664977952e-01 7.168064880014889395e-01 4.417808644545225816e-01
-4.833200652384764817e-01 6.657720088189821306e-01 -1.043498341200901486e-01 -1.653312371436012895e-01 4.609756354128486944e-01 5.155009419361434864e-01 2.647819611678571272e-01 4.627931611530486378e-01 -4.672435971644644526e-01 -3.978841622929213395e-01
-6.905625056295093545e-02 -4.398089935329266842e-01 6.203072760869807883e-02 -5.129536264409410851e-02 1.744862435791853794e-01 1.715727605619266072e-01 1.230534893232845678e-01 4.247875817201026694e-01 -2.970822204923265208e-01 3.444859664097730811e-01
-6.784157477151858684e-01 3.946429721140183311e-01 4.489232283178116178e-01 7.216581250721731955e-01 1.311864783567801007e-01 5.902223838921732968e-01 -1.915985039894257391e-01 -8.847641997015706639e-02 7.064053032247173958e-01 9.213476885877198985e-02
-1.494597190921629071e-01 6.257420595258686991e-01 -5.626968422600292508e-01 1.922457560793148501e-01 3.075493258077016123e-01 4.190103325634657039e-01 4.011864086783968886e-01 1.160139667068375013e-01 -4.273602387124290913e-02 -1.582039018253318940e-01
2.054638102585783915e-02 -1.278301473783310244e-02 1.340457919415454988e-02 3.949873901819370842e-02 6.149230588982605022e-02 3.488815999778473176e-02 5.785186934022237479e-03 5.550713911549348678e-02 1.432895131643904460e-02 3.674964695881236670e-02
-4.908952974882180298e-01 5.970675681589516781e-01 -4.898141364350430682e-01 -5.286981944548387047e-03 5.716829818756462567e-01 -7.478055310683663359e-01 -7.994655286778059589e-01 2.626727712043054885e-01 -3.389012610574158035e-01 -7.031332923104588462e-01
-2.222193295143278235e-01 -1.880773451411246466e-01 8.624949898911883628e-02 1.399597320370238596e-01 1.519492129386170176e-01 -4.321903531339824633e-01 1.161053216908814467e-01 5.842814228959843925e-01 2.177594038569857227e-01 -8.440814620126411982e-02
-5.442745888000585230e-01 1.978239760306277351e-01 -8.120735899045483652e-01 -3.337753269683233492e-01 -6.751730908995730029e-01 7.825147182972559678e-02 -8.328003785376683066e-01 -5.074774777281432225e-01 7.987812356610312081e-01 6.884326202274082540e-01
5.043102763321077875e-02 4.975879603223676978e-02 9.088384695382273337e-02 -1.178985597179279532e-01 3.512236405999154959e-02 -4.316219866147827378e-02 -1.988976623545991862e-02 -2.086552011416995325e-02 2.580295460143596648e-03 -3.343228259782945327e-03
7.792450163280163766e-02 -2.088606755140612614e-01 2.946667104068493304e-01 4.344457559270040181e-01 -4.868629550212252299e-01 1.798385280550545418e-01 2.336745689621305966e-01 3.689058948543527672e-02 -4.999535319659783594e-01 -5.641957986077953402e-01
2.986650699015756527e-01 -1.561181491228766371e-01 2.915082395144071303e-01 -3.104166949090772162e-02 -2.432569161292092719e-01 -2.878938799397673942e-01 2.230065476979138928e-01 -3.440700724845915937e-01 -1.689989633159597326e-01 3.716677354463581162e-01
6.965853096243239673e-01 -4.808625779158820501e-01 4.770679320497530074e-01 8.243042957106225810e-01 6.136558677486906310e-01 -3.275320610050883041e-02 5.269430809823409945e-01 6.937686917636290973e-01 5.925903249964148412e-01 1.055008316090969012e-01
9.202349480612419252e-02 1.169888863159207759e-01 4.640675009287030806e-01 -1.456372210794200373e-01 1.899470249092502783e-01 -1.986783265622542594e-01 8.921164675508599928e-02 2.678469077498451534e-01 -3.747908326015602087e-01 -3.585438422694636751e-01
-3.592505299840663691e-01 1.338444237667851533e-01 3.862582207493396869e-01 -5.831198681882447943e-01 5.721836954449215362e-01 -1.264135570627914207e-01 7.231000845128786603e-01 -5.622342117440927156e-01 7.511985928639471066e-02 -4.119921990284065860e-02
1.635555088731952544e-01 -2.304886532490779960e-01 -4.364853182546777344e-01 1.436765648404349748e-02 4.952336650420088165e-02 -1.341315031456989486e-02 3.986488067268179614e-01 4.181545257329221665e-01 -3.223017942667840557e-02 -5.440742376249697587e-01
3.072960109739540369e-01 -6.189860284941891555e-01 -4.793927934807992730e-01 2.977860947599267338e-02 1.568526772399384539e-01 2.942636736493910998e-01 -2.646299930181729709e-01 2.025337883021580410e-01 -2.741052711519297302e-01 -4.053698737068125446e-01
-3.813920129865031039e-02 3.731356963213308120e-01 3.244073593489564256e-01 1.875518323052395853e-01 -6.353748443611305363e-02 2.230646249734211939e-01 -3.288472755008164938e-01 1.875603896245833790e-01 -9.264183703931574759e-04 -4.275208948868048919e-01
2.519686337650249852e-01 -1.879661851793065497e-01 -1.588482702492001741e-01 4.535938347256332492e-01 3.894759088251053547e-01 4.635348815627733376e-01 6.973263030537030227e-01 -9.197442332715335955e-02 -2.973158965628732719e-01 3.383657576808155598e-01
-5.165933470727153143e-01 -2.237602622562778476e-01 -5.283923248483830132e-02 -1.574596104832138438e-02 2.647471407567700830e-01 -2.616381045831226437e-01 8.251193777457234424e-03 -1.864293339444519637e-01 -2.878467690620326591e-01 2.425757235781562937e-01
-1.908649093876818303e-01 -1.056528565981331991e-01 -2.956967248850746466e-01 3.363151859618637163e-01 1.914715088324962233e-01 3.717806709804897802e-01 -1.739866485131191520e-01 3.596544924605298704e-02 -1.457239517976809465e-02 -2.958345556979495930e-02
2.221643903411338605e-01 2.404636221939043805e-01 1.788919729584016738e-01 -2.197560801667023944e-01 -3.713503295848128993e-01 -2.467023518347927213e-01 2.239952887468959764e-01 -3.279141145480244934e-01 3.619482595459395102e-01 6.736572431654046234e-02
-1.850221320524191211e-04 5.332866973085459428e-01 -4.413866684635830429e-01 4.755855017091256687e-01 6.473732861409203787e-01 1.772848726624987048e-01 3.220567439949595379e-01 2.758999800642553679e-01 -4.693015298352154474e-01 -6.467315516067456693e-01
2.923583629566995357e-01 -3.848400023632687628e-01 -4.189932020580930394e-01 -2.405311865618295353e-01 4.885940680802505209e-01 -6.435969289178132546e-02 2.181654125232499256e-02 5.360532068870415001e-01 2.711048519288357661e-01 -2.560007487407102711e-01
-7.454141759888067986e-02 3.010162936574260484e-01 -2.538103581110368046e-01 1.810118128619833122e-01 -5.152396378572885460e-01 -1.675218707725431022e-01 3.091801521374770156e-01 -2.763129326499099703e-01 6.731285075778525862e-01 4.560737742083732504e-01
-4.014402409802657334e-02 1.053418407119717376e-01 2.460968802576447845e-01 2.212170699215718350e-01 7.633642073920106352e-02 3.929700842394268645e-01 1.784339084494040994e-01 -1.003517109112883332e-01 9.813123200151821490e-02 2.802345277790238565e-01
