6.284995602243511614e-01 -7.932108429134673289e-01 -1.145627535642123468e-01 -6.190854001588956823e-01 3.216055483608174503e-01 -4.556465316584797920e-01 3.522742768603869257e-01 5.921227082655360352e-01 8.049232406883387592e-01 7.072803636605131672e-01
1.491447162739270305e-01 1.205888718823154848e-01 -3.868767171469184030e-01 4.044436550374423955e-01 3.951817154925520437e-01 -1.073724947703672689e-01 -2.523598036551029100e-01 -4.307527036851631075e-01 5.160429353503256378e-01 -2.686929840278173831e-01
2.783146329231934724e-01 4.414568971400968378e-01 -2.008443274006288526e-02 6.557064135140575623e-01 -5.670164456749946513e-01 -2.936518089197430181e-01 5.544587631955646412e-01 2.522887277507871451e-01 6.817519326739961416e-01 -2.658955167538462061e-01
1.645829161514623107e-01 -1.757880374380597632e-01 -4.266564642271988839e-02 -4.566619282101371663e-02 -1.439732869170105289e-01 -1.343729874647957012e-01 1.865073990616421817e-01 -1.507716963379145125e-01 1.352159478964071182e-01 -8.039886428296977305e-02
-5.517814751376129943e-03 -2.560212619843610978e-03 7.864405944164289120e-02 -8.868320549495104649e-03 7.769442612718836794e-02 1.421574675988513357e-02 1.352995170672955869e-02 6.469046104934528252e-02 8.767562946789850958e-03 3.528501381481369270e-02
-4.455923499545214606e-01 -7.468127829156447905e-01 -4.071560884146969983e-02 -7.938509622213578698e-01 7.015749416308969533e-01 -6.938225550803338582e-01 5.530817585913909706e-01 7.119487126266441646e-01 6.743595369486855562e-01 2.297303427636228912e-01
-4.881484466730671642e-03 1.806240261476204645e-01 6.226948247919432411e-02 6.665933908687111421e-03 -1.294096709606225304e-02 1.070576457776982286e-02 3.692466682199576494e-02 1.389137914077685429e-02 5.659336278940987897e-02 5.222476730216152503e-03
-5.348283781013531968e-01 6.801270453741744548e-01 8.211578815944087228e-02 6.852687249556250748e-01 2.256083426684110937e-01 -3.245083231328437789e-01 -3.837874337995511587e-01 3.201379641432163803e-01 -6.046064566732478607e-01 5.596605538705544669e-01
-7.008798506342510393e-02 5.908617539387690520e-01 5.494866525298632842e-01 -5.608773487877874997e-01 -2.790255452009988701e-01 3.696274364123380840e-01 -4.168028110225957539e-01 7.205894607807699082e-01 5.173384863666848910e-01 -1.901389749652987737e-01
8.781904137052468431e-03 -4.471783296853533082e-03 -4.991696799655926005e-03 2.655497911475787273e-02 8.674066805797217561e-02 4.781075741016171249e-02 1.002543100530010889e-02 4.849325963728290390e-02 3.264942960498835867e-02 1.669362356658837462e-02
-1.329575968251289937e-02 9.921858777942980934e-02 6.006523936655988605e-02 -6.422401500469307467e-02 2.137681136396554771e-01 1.526567668785299911e-02 -2.761275309790624938e-02 -7.333926956698246175e-05 2.770387308168171386e-02 4.861345671279468372e-02
3.422683842630267481e-01 -3.188804073979237264e-01 5.951942016812168390e-01 1.864078167529140961e-01 -3.493821848444546990e-02 -2.090166485761285609e-01 5.402707272530403726e-01 5.067711207052255640e-01 -4.532679703430329554e-01 4.087046078943223359e-01
-4.218056633314682391e-01 -4.400456314910772965e-02 4.411995841843209254e-01 5.797943924573751850e-01 4.669946886733070124e-01 -4.577935742063621860e-01 2.075314027981881859e-01 -1.355951171258659438e-01 3.158578261412645638e-01 -1.276206704418718640e-01
4.144167361961914597e-01 2.016660255153893133e-01 -4.658628055597585083e-01 6.357232880438338229e-01 1.752964681914152834e-01 5.422646731504358192e-02 7.430527400028119622e-01 -1.595798718352384460e-01 4.121725559546720596e-01 2.874357738520547656e-01
3.103296789469231487e-01 -5.497879792834576840e-01 3.613172435460982879e-01 -2.360497101377981577e-01 2.913611964344540728e-01 -1.801208735948522377e-01 -4.542428086898731565e-01 -1.668133764681661579e-01 -2.011063355051332935e-01 -6.822645679806362828e-01
-5.569017690756781960e-04 1.582197554898599062e-02 4.547963945671466834e-02 1.622417318811987183e-02 1.442243814319144404e-02 5.055788286834619893e-02 4.048189521638110959e-03 -5.297153533508877675e-04 2.193807174595132498e-02 3.876465119225544487e-02
-3.992558204133591637e-01 9.690340230551922063e-02 -5.362580308137737672e-01 -4.593232485050648406e-01 -1.445276672490912115e-02 1.941858399138676750e-01 -4.207268742293936853e-02 3.548765565030909119e-01 9.594593762048074514e-02 2.434223907369796325e-01
8.297674946572237697e-01 -5.337672859822352178e-01 -7.693720799870814586e-01 4.700892887380471730e-01 5.959919400232445152e-01 3.149311637468595326e-01 1.115673355012610363e-01 6.657052043399368513e-01 8.042207318055236698e-01 -4.411909377406209587e-01
1.380672247022255187e-03 4.163347849686570984e-02 -5.884528547546593602e-01 -4.765379001535099412e-01 -5.777022929914207294e-01 2.850137308344394826e-01 -3.636878933373179357e-01 6.706344494810446699e-01 6.699792684524014108e-02 1.281569062828236648e-02
-3.931508632720571994e-02 2.362723736650867157e-01 -1.334286697102044228e-01 6.181632587511420168e-02 1.894482502896301657e-01 -8.732624070625676083e-02 -1.959090499573131194e-01 1.330364737682393772e-01 1.405486848440405667e-01 4.761116356931220650e-02
-2.820625858560348465e-03 -5.350538434243790054e-02 -2.343993312626657666e-01 3.615303636365335138e-01 -4.054421531698494952e-01 -2.569674562829433323e-02 1.759796292508454540e-01 1.962454048647779559e-01 -3.034480039648042027e-01 1.725482626485437265e-01
2.742199367429035139e-01 -9.154569089073899546e-02 -2.202500408229441653e-01 3.999887702577095694e-01 2.630234596917748191e-01 1.635194097876837838e-01 2.068827602744879035e-01 -8.997104269719836955e-02 -1.247793498763841435e-01 -2.127914891358173577e-01
5.773774531985850084e-02 4.141001726533129479e-01 -1.983510570996591671e-01 1.701970936004707224e-01 2.523031572964176128e-01 1.291862060547663560e-01 1.010945142496539884e-01 -5.051526766002959606e-02 2.426263751055207918e-01 -6.966677476824141568e-02
5.222766516598609243e-01 1.115625851542163954e-01 8.166480525657457967e-01 -8.842801100115024182e-01 -3.956534620916024592e-01 8.721094443319205025e-02 7.580159035892362063e-01 -7.725632175790209111e-01 -2.094736290925790223e-01 -8.075645270753881722e-01
-6.267721096120167923e-01 1.825433099522360825e-01 1.289590481117076394e-02 -6.598435270946235998e-02 3.362396357902251443e-01 -1.334925641611287017e-01 -6.821565550404017353e-01 4.614599388503169419e-01 -6.515058966820717057e-01 -5.974765632527679893e-01
1.099876609736010445e-02 -3.171780675935832738e-02 -1.607161186924676091e-02 2.445496998521023424e-01 -4.846155347704623195e-01 4.158093459895522703e-01 -2.042176320985135685e-01 -2.447184498601590735e-02 2.171139479149476748e-01 -1.158610566489960275e-01
1.708275380083537076e-01 -6.254729673343478735e-01 -8.084516010988760382e-01 -8.179996919996412874e-02 -3.101036629017853152e-01 -7.991627352497919778e-01 -6.672341667142067667e-01 -7.253476418633041378e-01 8.637245641970687782e-01 -5.173482176904508067e-01
3.679766835171259798e-01 4.727490799401782851e-01 -4.057101476973501430e-02 -2.681461976788598323e-01 4.400455346527170075e-01 -2.757131079130258899e-01 5.125249586671581925e-01 3.511610521391025364e-01 1.543310836635944372e-01 1.384421105560966481e-01
-3.189509817308051054e-01 2.913673281972776197e-01 -3.574495587776484185e-02 3.164540190433650507e-02 -6.895868542676434343e-01 -2.372565757906475170e-01 3.312990590625193854e-01 -6.520736555079480468e-01 3.851437776806705404e-01 3.864345100729622276e-04
-1.714280458612139346e-01 4.747357298002248815e-01 6.125210817794483065e-01 -7.208591434572732271e-02 -2.124350740140934501e-01 -5.387695066197379923e-01 -2.582435362980639582e-01 -4.069741996813813212e-01 5.180841328439652616e-01 3.573507537412127233e-01
-3.801013759080659749e-01 -5.395471925735590979e-01 8.694431857823456955e-01 6.501510361167777141e-01 5.099618101674298076e-01 -1.409144370471190066e-01 -6.754385708725350046e-01 -8.335683730705560623e-02 -5.772372632691484817e-01 -6.631108202921366379e-01
-6.650208351663740303e-02 -1.099522422933297133e-01 -6.913636647028086335e-01 3.337066510448165046e-01 -3.806703587831288815e-01 -5.782652215596857381e-01 7.970747976026836268e-01 -1.520601669398566613e-01 -1.319948859860933243e-01 3.548748246254670446e-01
-1.489172820116917428e-01 6.063819474077116745e-01 -4.887279098194750593e-01 -6.683937526121752626e-01 2.550900620766579086e-01 1.323341889908368207e-01 -4.334134336506059726e-02 2.555354641566111029e-01 3.153654123179073787e-01 2.478633261154845613e-01
3.091250912626999359e-01 6.336127618604939782e-01 -2.221878098139400404e-01 3.525773604617467027e-01 -6.107224302284811612e-01 -5.779948497935781804e-01 1.087970705266443072e-01 1.923443543698552527e-01 -1.169167480312329060e-01 -4.402319884580861431e-01
-3.423139388564329366e-02 3.176737216627357197e-01 3.511062989772193443e-01 3.132324217885571471e-01 5.174552183952723095e-01 -2.783469951907264206e-01 -3.700718812358252952e-01 -5.302712232490610494e-02 -5.641355867512030109e-01 -6.187324654646726013e-02
-3.529868637555748645e-01 5.889062897755197312e-01 2.755772020471350392e-01 4.286892710009100327e-01 4.005561524029818687e-01 -4.514657523358231450e-01 3.558383958865040109e-01 -2.610576084760904969e-01 7.167899173339955521e-01 -4.221994844878153019e-01
1.035738745562761187e-01 3.546246835907022887e-02 3.555560993434996736e-02 9.219688678696024917e-03 -6.673328030068442600e-03 -1.001803231307746810e-02 9.311722193965021269e-04 1.704655170997956826e-01 -9.361368407364780916e-03 3.534093771601568967e-04
1.371764896319894733e-01 -2.481444414147974953e-02 -9.138909956869799289e-03 -1.683026675159585150e-01 -2.258724003374267542e-01 -1.276403326325173219e-02 -5.817506417099133770e-02 9.504073353041622707e-02 -1.160525972453189392e-01 -2.816011915640371788e-01
3.828169905968911713e-01 -5.490591349155605760e-01 -2.856813592633801746e-01 -7.030959337570449330e-01 -6.882305512497764732e-02 -6.943408912169815039e-01 -2.032963265288539045e-01 -6.339596956250576065e-01 -2.114801481741266503e-02 3.126488873914584632e-01
2.792522856046172203e-02 -7.850365579617848977e-02 -1.786786467170076121e-03 -1.812690108242021730e-03 1.718511762042699287e-01 2.069092274068341612e-04 6.842165591049764739e-02 6.120046138452212708e-02 -1.897450296152377452e-02 7.206708119533848655e-02
1.121927967708345880e-01 2.484761981262827157e-01 -3.400950313440303380e-02 1.154646848684602739e-01 -4.169837254878194788e-02 1.638164857344733827e-01 -2.789730707045768865e-01 1.806152310048944332e-01 -4.022298328697377148e-03 7.240928155873246896e-02
-3.825707606752132839e-01 -4.046798523819648136e-02 5.793178551205949711e-01 -5.068481228047955200e-02 -2.531456497626916047e-01 7.110833750000127296e-01 -3.183851175216155793e-01 -5.172660398170889628e-01 -4.078711334335655692e-01 5.435742858226628726e-01
5.803795002205668352e-01 -7.574828447184654701e-02 -2.596665156491189674e-01 6.618664758402345027e-01 -2.619479233487027048e-01 2.617235491417706575e-02 -7.756173013328020449e-01 1.503471543592409532e-01 -5.355016459356366498e-01 7.418765969898022394e-01
2.477818640762326219e-01 1.684979654596569232e-01 1.073761103614482432e-02 1.151059149932831815e-01 -7.204987723777224462e-02 7.354539193974067579e-02 4.442566076304265560e-02 5.121312605066225682e-02 1.148579242702217895e-01 1.376786297960931882e-01
-5.197975590630014020e-01 -8.463125668824214021e-01 1.550394767565911602e-01 6.035900232497368734e-01 -2.752824559485078648e-01 5.896812099707220423e-01 -8.403487450422583160e-01 -6.963895928552549242e-02 -6.876821264541123080e-01 6.391897532734435172e-01
-2.922905091569668896e-03 1.354044809083384746e-02 2.843195498870046758e-02 -2.492107475044496451e-02 2.872391276968295701e-02 3.374156378080046814e-02 -4.643220652478709243e-02 4.312385438824200418e-02 -5.680768294731569634e-02 -4.107268622080904874e-02
1.997116689039839244e-01 -2.354632306565762612e-01 -4.379435481281998555e-01 -2.986613460835383926e-01 4.339492770052849058e-01 3.656004223158943467e-01 -2.078800840207382650e-01 -5.327589991767612831e-01 -5.170696875032321227e-01 4.911471012413634596e-01
2.781327420732261912e-01 -5.082032346930702715e-01 -2.072126515218423309e-02 -3.383358993636139123e-01 9.759369736396683592e-02 -2.919452520186919253e-01 -3.942145129111643276e-01 -6.305339515985020071e-02 9.415477787233093171e-03 1.777888672106131829e-01
-1.109187796414562582e-01 -2.847836844807756784e-01 -7.690737664976816934e-02 6.905512837435620610e-02 1.739188910000763200e-01 2.141117091046620957e-01 2.343813405560373209e-01 1.939831421088932528e-01 1.217079906111881576e-01 7.836853926048635566e-02
-8.560241135099583287e-01 4.487853401917136220e-01 8.845673981701115962e-02 7.398091017250985058e-01 -2.688832306979018760e-01 -3.179028877719895507e-01 -1.515071041948498065e-01 7.620241967913629066e-01 -5.125865101671948920e-02 1.401574420427500467e-01
-2.421959642782285926e-01 8.393884964855678754e-02 5.651967043815256941e-01 -4.028370580301978143e-01 1.992843413007567566e-01 8.062891895463891734e-01 1.950889041782696287e-01 -7.679421084544349463e-03 3.365945215348016273e-01 -4.146720655803410871e-01
-3.198123344029481750e-03 1.234140912061072737e-01 -4.829033950539965425e-02 -1.123617324322149502e-01 1.415782262182018747e-01 -1.615800965060961158e-01 5.588648206518469219e-02 2.193346603119972898e-02 -3.811029599699301135e-03 -1.209439345639722468e-01
7.087736652300052898e-02 5.988405313920719744e-03 1.815704876334137685e-01 -1.805774574043502931e-02 -2.937905162043125476e-02 -4.311049521200688295e-02 -5.045099271516395242e-03 2.792074118921861192e-02 -1.216392489328511350e-01 3.005944030507614814e-02
-2.854934861533727219e-01 7.644647350725453094e-01 9.152482689423813156e-01 -6.203724376348117575e-01 -1.044194198699219533e-01 -2.517750299762624988e-01 -3.171356925527388237e-01 -2.256439451571384258e-01 6.805322624278216104e-01 -3.996040288734263868e-01
-3.384279523079422036e-01 -4.366599175328099713e-01 -4.447633196925384058e-01 2.743383067914647588e-01 -2.325715737222127377e-01 7.271060866058757233e-01 -2.088835612330063596e-01 -5.144241370203314068e-01 7.509456916831301621e-02 4.386417734000158108e-01
-5.075794474862442840e-01 4.419433213225910650e-01 5.393927786678570646e-01 -3.210082475315070294e-01 -1.558872395387514154e-01 3.177874479090995741e-01 -3.198790027875974551e-01 2.312071034671696057e-01 -5.809773505139818051e-01 -7.119599777987544176e-01
-2.343406807515178158e-01 -4.526277213031293378e-01 -6.240851932172107874e-01 -3.868581950966194505e-01 3.788993260409748709e-01 -5.362057533814112986e-01 4.749118088472297633e-02 -3.168372037164384203e-01 -3.663432501493474325e-01 1.464495817414180057e-01
8.207763740732816615e-02 -4.129581869372372926e-02 -2.385385664288700580e-01 1.680867571376426506e-01 2.921132527445997884e-02 -9.244532110664338553e-02 6.491955974242774596e-02 2.747353000210116768e-03 9.548510881829147534e-02 -2.195035172213746222e-01
-2.587024407113144853e-01 1.634979451434466213e-01 1.951648390678330791e-01 -1.448638382566533045e-01 -5.738769422713131396e-01 5.651324637871888434e-01 -1.266571075084675924e-01 4.393431135747811744e-01 -1.761197519099612085e-01 -5.504141060075721237e-01
7.452276558274441298e-02 3.142393535830726586e-02 1.756756916275255265e-02 7.097120593846206749e-02 1.055713282629112265e-01 -4.489864183612853749e-03 1.505834673300820992e-02 1.277958087032536258e-02 -6.623846764554021729e-03 4.026050035347424408e-03
-5.660229267774136153e-01 -2.820426613681693562e-01 -4.567065872519135983e-01 6.322089204143793717e-01 -4.834251742190257550e-01 6.928683007799434357e-01 -3.442087319761824582e-01 -4.583434306970941008e-01 4.824998241223380502e-01 5.608977695240148220e-01
-5.398461463790745762e-01 -7.968904299262263846e-02 3.621489731275550628e-01 -4.015432935252257786e-03 8.202424599938242800e-01 -2.675084982113388188e-01 -2.276482341615663485e-01 5.788032621090754004e-01 -2.556633877076309180e-01 4.228323767401314659e-01
-6.335595792912858404e-02 -3.699205380518852393e-02 4.392433332502357346e-02 5.441033085236490069e-02 1.268434155025162553e-03 3.259916440154623368e-02 3.451942768388538418e-02 -1.109909762007472295e-02 7.055095189391448647e-03 1.124106411948741918e-01
-1.015603479521738767e-01 2.412398309311102051e-01 -1.884911803784290393e-02 7.759112192566743060e-02 1.758989308166172827e-01 4.578895258526957668e-02 -1.556039787996851276e-01 -1.402491903661398920e-01 -5.023157121524826629e-02 -8.094733868407652522e-02
1.027286656211469015e-02 -7.119051278958223039e-02 1.580370424053140210e-02 -1.723527239092736973e-01 9.724432174939295903e-02 7.416212511121930695e-02 -8.504395448084006714e-02 -2.470279343772323055e-01 -2.767000414293611099e-01 -5.488952199507427521e-01
5.199729695906949445e-01 -1.093697538578429357e-01 -5.281270935933340960e-01 -5.622744421552049454e-01 1.243351810762476778e-01 8.675973430091374339e-02 -5.149303573048531479e-01 -6.762727000933414778e-02 -6.220682752787214387e-01 5.124560383038071487e-01
4.615124115757436307e-01 -6.364857618000794304e-01 3.784246280767439297e-01 5.747715758581509737e-01 6.294611793570604741e-01 -3.051225035954465703e-01 4.010026325347483267e-01 1.713277026257564450e-01 -1.261884925377068992e-02 4.826121841004702984e-01
4.209243357814970166e-01 -4.473051968784831356e-01 -3.827894848324539523e-01 1.670183050790976786e-01 -1.395052681622283852e-01 -4.141206617942214674e-01 5.046564182335238069e-01 4.236946734081323274e-01 -1.277653831523659911e-01 1.123306842517521331e-01
2.124116213389543040e-01 7.906716061052118105e-01 5.094719245066813285e-01 6.025250350334572236e-01 7.223490547720925470e-01 -8.030300788870494699e-01 1.673188031601895720e-01 7.929835530730977577e-01 3.089886781815096573e-01 -8.704041534556750115e-01
2.800203121323042721e-01 -1.157487025238184836e-01 5.431480867157872927e-02 1.361455901001847324e-01 -2.051539174312119740e-01 3.657435297710808220e-01 -3.373015828644262276e-02 2.358648910851990632e-01 1.430259785768416836e-01 3.472410839534099125e-01
4.324155983191291241e-01 -5.409321885775413286e-01 5.567243474463153818e-01 -3.538815839342132619e-01 -1.760992472694677680e-01 -1.590617515324322384e-01 5.541864889508264502e-01 -4.461680702734590609e-01 3.270342267452869267e-01 -2.337780697914818018e-01
6.766387347234890104e-01 -2.550036001543870556e-01 -7.074584532560286299e-01 8.932583712407800025e-01 8.626010642852723065e-02 9.341072077569158028e-01 6.929450204352914922e-01 -2.708447988666320971e-01 -9.290677505436950590e-02 7.890342439403916774e-01
-2.178650581979912071e-01 6.695732650609971526e-03 6.055739749082342943e-02 -5.234526775082869454e-01 -4.283541085553304040e-01 -2.351834346245313123e-01 2.193588801343131223e-01 -4.079360629240316727e-01 -2.970217512400428750e-01 1.437749417777038907e-01
4.219651873613914327e-03 4.085644916471980331e-02 8.260501449877824184e-03 7.821123333675343570e-02 4.353525087015510699e-03 6.444257257749481937e-02 4.705748610620637436e-03 4.465324425922626017e-02 8.537671020866928126e-03 1.793630837583274490e-02
-1.267632208745196054e-01 -6.032900814279901214e-01 2.762058837558678537e-01 3.356509328012454579e-02 4.916053493256546392e-01 -4.555380331393837356e-01 2.464152418407231371e-01 -3.979951324230664444e-01 7.151860435978266706e-01 4.425995600933297358e-01
-4.829437565194192872e-01 6.723462502045994826e-01 -1.038218603868835271e-01 -1.632983057521213144e-01 4.564003130004658515e-01 5.139889274261087992e-01 2.681277313728436251e-01 4.600301798686511345e-01 -4.636818847577974245e-01 -3.979000094319168346e-01
-6.611777931780511708e-02 -4.180116634619180371e-01 5.616641146197681733e-02 -5.722094542317662097e-02 1.577440271829302354e-01 1.744589988458478680e-01 1.138825431794674714e-01 4.115668459671505963e-01 -2.758333001281003671e-01 3.273983358286362000e-01
-6.774241741841668940e-01 3.952428540331776596e-01 4.481661272750512293e-01 7.199942771300973376e-01 1.306707085448423900e-01 5.890686188788126776e-01 -1.913538364977318829e-01 -8.503281292471064068e-02 7.054547085692047803e-01 9.196827512953700823e-02
-1.490626403653423360e-01 6.239661870755106587e-01 -5.614694318515949245e-01 1.915324484348238376e-01 3.063499015178237084e-01 4.249575835851400196e-01 4.000425732053444761e-01 1.155145611680425816e-01 -4.285914036093487617e-02 -1.581157762000876543e-01
1.178890201016426914e-02 -4.954101589356320508e-03 2.245309148447225192e-02 5.651038123215882530e-02 6.041764074916848581e-02 3.108800658892174260e-02 7.098399275051252635e-03 8.426192168125584692e-02 4.116427508031562238e-02 4.791217718537967712e-02
-4.907700247943013738e-01 5.990591783005092541e-01 -4.900774617684218737e-01 -5.596855472767896418e-03 5.722908029246923656e-01 -7.475727286445223996e-01 -7.993154092469689775e-01 2.622456206334533579e-01 -3.389254879067928328e-01 -7.029588075479420439e-01
-2.129745047467528074e-01 -1.617916680774555138e-01 8.083955876142505381e-02 1.388650323005050091e-01 1.421762359754794036e-01 -4.150727017765214466e-01 1.111869012673771528e-01 5.747529983900798722e-01 2.064627824829305403e-01 -8.258788128370878057e-02
-5.440549606090288037e-01 1.970221235510798141e-01 -8.104187362820789442e-01 -3.332808313108260867e-01 -6.752795406305633907e-01 7.863755283497851634e-02 -8.325225360473187397e-01 -5.071959213829153601e-01 8.000178911004427462e-01 6.874130350319398453e-01
4.768350594203417392e-02 3.128011419648497188e-02 7.853509996568032447e-02 -5.018514957217475730e-02 1.486950509900103815e-02 1.276627822130567413e-02 2.961037987841032629e-02 2.812635559240567185e-02 -3.254968096685506834e-03 1.207573682267925122e-02
7.533711664018176435e-02 -2.060061104407061028e-01 2.921117096657072643e-01 4.345287218682881702e-01 -4.835369487609895711e-01 1.845783821155471960e-01 2.263523295987672213e-01 3.696227731787678911e-02 -4.954865644111508538e-01 -5.567432039743440697e-01
2.164452331821745401e-01 -1.180968349133867112e-01 2.178447882269553826e-01 -2.655320754222427471e-02 -1.947527690320315086e-01 -2.240752186566294657e-01 2.244356473457694290e-01 -2.495295635409089663e-01 -1.150028319957848155e-01 2.886431095393767188e-01
6.965951452975022162e-01 -4.801905824365104158e-01 4.768306565244776474e-01 8.245691603836201589e-01 6.134469093058032563e-01 -3.285571079141302864e-02 5.271076839538845205e-01 6.937013677649375154e-01 5.925076876768848866e-01 1.054225898432022274e-01
9.600792600341281902e-02 1.153951964860821522e-01 4.715482203958697438e-01 -1.434239535892406769e-01 1.865662550543399356e-01 -1.969636668716167327e-01 8.843721484772675001e-02 2.651987304920246369e-01 -3.722985488065791992e-01 -3.561049501117570237e-01
-3.568945811004329283e-01 1.337347285232403094e-01 3.852157965102598336e-01 -5.816215208902932865e-01 5.703761036418569796e-01 -1.212759618608476170e-01 7.211034465212939892e-01 -5.608040542455898780e-01 7.488522639265346448e-02 -4.131757694876025955e-02
1.576844008056379476e-01 -2.182317627773854296e-01 -4.160658472190586488e-01 1.506304001635614537e-02 5.131310244522201830e-02 2.007972805270815536e-02 3.794568502418043665e-01 3.854386887958218266e-01 -2.960503521983027728e-02 -4.917516599656374665e-01
3.046242219509809335e-01 -6.142711688080449983e-01 -4.703023087553085402e-01 3.026719849340794161e-02 1.543332501324969352e-01 2.917233381784141155e-01 -2.634137735729933372e-01 2.000407313033393530e-01 -2.645600851813734722e-01 -4.029032422233332911e-01
-3.675622886138593670e-02 3.758898415958112915e-01 3.178714741970028457e-01 1.818295328351786366e-01 -5.321258453909502584e-02 2.233424960994724595e-01 -3.229937948625017929e-01 1.838711518728554373e-01 -5.428589877053258518e-04 -4.155248039915272473e-01
2.503306777795284432e-01 -1.879592095330738510e-01 -1.566516009233613338e-01 4.520216372487145806e-01 3.869837875987618969e-01 4.675366752533712811e-01 6.916662840306981863e-01 -9.404518505499347147e-02 -2.907977950867656758e-01 3.416571424286177217e-01
-5.107998823879527084e-01 -2.146841816174650808e-01 -5.477248935065160557e-02 -7.632813983824846688e-03 2.650577807583751611e-01 -2.370734527287718385e-01 5.605699601656267787e-03 -1.839542546260006517e-01 -2.864852371312133217e-01 2.394450151115223580e-01
-1.651956526755259391e-01 -6.648310209142532790e-02 -2.424009434186756295e-01 2.321306382620450803e-01 1.750991049965335278e-01 2.904639054098929751e-01 -9.669351130650032100e-02 6.280960851423844638e-02 -2.203274138092342974e-03 -4.391091098872788173e-02
2.122926794455726462e-01 2.408795540349646935e-01 1.723514412430913745e-01 -2.149802319602255596e-01 -3.649819758256788171e-01 -2.424317263011009638e-01 2.338694450652096801e-01 -3.128736665626563052e-01 3.508087538468278588e-01 6.445356098143401047e-02
-1.941863368987582742e-05 5.347186735629607668e-01 -4.410951187906618776e-01 4.749903504709669377e-01 6.462119084440755001e-01 1.769100054887941809e-01 3.234223795805832857e-01 2.757604514959380304e-01 -4.689033344322369734e-01 -6.461648056974722554e-01
2.815760020832138721e-01 -3.707819528045301349e-01 -3.924845091116175300e-01 -2.323552013992903342e-01 4.703540832522952742e-01 -4.669825601971702017e-02 2.089200983652180627e-02 5.167960040823794676e-01 2.615625240842237020e-01 -2.437472019679404189e-01
-6.740886185193831204e-02 2.967592467210571905e-01 -2.510212659293371007e-01 1.816840303469248741e-01 -5.121554489390178766e-01 -1.679297802925682204e-01 3.092994906146008249e-01 -2.790220083178502897e-01 6.674299627507497279e-01 4.501089082168776012e-01
-1.630009314001886964e-02 9.477016806215340927e-02 2.160259042248387218e-01 2.084039022549501463e-01 8.640838468201955669e-02 3.608387913867520669e-01 1.707386085633162409e-01 -1.084389569382122193e-01 8.830988810629780694e-02 2.592006435434491274e-01
