6.295414524615312590e-01 -7.958731588914261801e-01 -1.148715237739029449e-01 -6.200632933661488488e-01 3.224392375186523330e-01 -4.557311563719327885e-01 3.512485508168247672e-01 5.922964877349833346e-01 8.039132020728803063e-01 7.080765674182830649e-01
1.494224793964795683e-01 1.206007924845638596e-01 -3.878970116175664007e-01 4.040664052814690321e-01 3.956599259454479101e-01 -1.078194499919171295e-01 -2.522007408915414861e-01 -4.314933192637298021e-01 5.163222517500951625e-01 -2.684218406049127537e-01
2.787578608822418036e-01 4.416768164910898631e-01 -2.010767469495550186e-02 6.559440221725233444e-01 -5.671855838549192397e-01 -2.936645609527717138e-01 5.550201492375237411e-01 2.509632863004541137e-01 6.816058159302919028e-01 -2.659017772159242288e-01
1.569391280007020328e-01 -2.032399546316489003e-01 -5.442506382637873896e-02 -5.784415093479211567e-02 -1.633209818238466893e-01 -1.695362119034948545e-01 2.190337652049869077e-01 -1.878133818281008116e-01 1.559269870851563433e-01 -1.018229836490963103e-01
-1.393651836174910003e-03 -3.015655424290532294e-03 6.398764703560151645e-02 -6.415845403153970158e-03 8.644560487882101130e-02 1.313807319276123070e-02 1.959224113899215788e-02 5.714245977786410607e-02 4.394948061780147054e-03 2.762941723250051523e-02
-4.455883343667239593e-01 -7.470706012189803902e-01 -4.071297799731922462e-02 -7.938235974538346840e-01 7.016346114593011718e-01 -6.937914003316923983e-01 5.531062057715059321e-01 7.118142669585572069e-01 6.744042802668971381e-01 2.297472873903219914e-01
-6.174121572149913681e-03 1.597184901336271556e-01 5.403967454046156027e-02 8.606630130391602559e-03 -1.187886268821722845e-02 1.021340065899441381e-02 3.705263935727327873e-02 2.694420145805025927e-03 5.505852927802029617e-02 1.003783140738917978e-03
-5.348763068540132171e-01 6.802458217533214890e-01 8.136252685449960054e-02 6.854195178691847579e-01 2.257378498507393860e-01 -3.245261436077688244e-01 -3.838304611202890126e-01 3.202096277660537171e-01 -6.046861498260717172e-01 5.597678026176313715e-01
-6.964709591103590558e-02 5.906720570168291218e-01 5.498464351166452158e-01 -5.604465528385398354e-01 -2.787211123644033339e-01 3.701891137295890144e-01 -4.185204835560764058e-01 7.198022342770349358e-01 5.171637526015632202e-01 -1.898340722592378738e-01
6.474846182675896358e-03 -2.354003870418750009e-03 -5.250980899691492891e-03 2.420869132222403311e-02 8.477790874056087556e-02 2.775109935219067375e-02 9.149335267397057381e-03 4.436418788923515016e-02 2.492814035097347738e-02 1.783331841413908492e-02
-2.097541768283148547e-02 8.954221993602153040e-02 7.417859879822240321e-02 -8.583063753821745800e-02 2.319375628531387679e-01 5.433769851237769261e-03 -3.379709726030277056e-02 -6.465096116502332124e-03 2.412235269702448642e-02 5.017149389332020010e-02
3.422871358832580424e-01 -3.188963653645771057e-01 5.947111715520436714e-01 1.864173850319489345e-01 -3.494007786811956923e-02 -2.090273999068977262e-01 5.402984874208787147e-01 5.067955672990702709e-01 -4.532913095137411363e-01 4.087256258581389856e-01
-4.227080207414980473e-01 -4.381038017811323543e-02 4.424341857496537633e-01 5.812126014197003254e-01 4.664473450996042825e-01 -4.616660756761803430e-01 2.075996571121622447e-01 -1.354566331813141788e-01 3.162767969594000306e-01 -1.281377494156949182e-01
4.167117310745461212e-01 2.007434161419324459e-01 -4.644001931288054830e-01 6.362358186203210808e-01 1.749046888447211845e-01 5.352746217081290336e-02 7.427972240439403295e-01 -1.613620687335403370e-01 4.116163018206220325e-01 2.865799073099883909e-01
3.105281388466759607e-01 -5.497806047266132756e-01 3.582411167521081241e-01 -2.364631333316447037e-01 2.908097599246338150e-01 -1.808942992341911193e-01 -4.550217909022452045e-01 -1.670053020324266113e-01 -2.009325315805924050e-01 -6.839262400785667273e-01
-4.200638603695682448e-03 1.149908903614941733e-02 5.308910044371797227e-02 1.296462780611118935e-02 1.273380712560857539e-02 3.888930230570827873e-02 2.550588341873332495e-03 2.617344291175999725e-03 2.315062444025227720e-02 3.915107872982641346e-02
-4.208141227155444142e-01 1.032496472792104325e-01 -5.536020163926053117e-01 -4.769043303674382894e-01 -1.124640688973467702e-02 2.055321820359765905e-01 -4.129329880195557745e-02 3.642803651884550797e-01 9.852862873126405630e-02 2.431682874567568931e-01
8.297678730449211670e-01 -5.337675293889433403e-01 -7.693724308334711770e-01 4.700895031065353558e-01 5.959381263830173525e-01 3.149313073606773150e-01 1.115673863778106900e-01 6.657055079125170360e-01 8.042210985434748993e-01 -4.411911389309833842e-01
1.481713763710061941e-03 4.183386886927144277e-02 -5.895130452112637975e-01 -4.769710455599184273e-01 -5.782262223842199456e-01 2.853546712431730970e-01 -3.640301403689899518e-01 6.689057287872501867e-01 6.713367311723893172e-02 1.282196809043253255e-02
-4.731573821935502328e-02 2.497166841076653154e-01 -1.359140264985478352e-01 6.096025271423208963e-02 1.889392110664760149e-01 -8.960340546854274335e-02 -2.107259464353837264e-01 1.470251361815346769e-01 1.514444989933331209e-01 3.827518131512085142e-02
2.113510303178401875e-05 -5.540266979053683899e-02 -2.420104450578176025e-01 3.682796421116503183e-01 -4.121357291897371766e-01 -2.485344299227450204e-02 1.808146462632727047e-01 1.872584226820075692e-01 -3.123169554192996022e-01 1.790561537097458411e-01
2.790132089757126899e-01 -9.380796644806900508e-02 -2.368943862056703820e-01 4.052216470127751879e-01 2.692490821276088964e-01 1.653991941740232119e-01 2.130751291412288362e-01 -8.775369390711067197e-02 -1.272845088298110439e-01 -2.132230700716582772e-01
6.001334962147408802e-02 4.250162757126892399e-01 -2.123665808838999247e-01 1.749404958100062579e-01 2.593277785388501400e-01 1.331603798515111348e-01 1.036723297279704137e-01 -6.213927730398062510e-02 2.489583798201843445e-01 -7.105484031798357802e-02
5.222930495652257088e-01 1.115436686339057459e-01 8.166512716225350355e-01 -8.842813131263219661e-01 -3.956378461233761579e-01 8.722500422670038944e-02 7.580231123269659532e-01 -7.725532837627605565e-01 -2.096095263618379945e-01 -8.077975644883321760e-01
-6.272204215162784369e-01 1.830365853172359614e-01 1.272428256613125988e-02 -6.611046364683921539e-02 3.364977438004373989e-01 -1.359175347282195745e-01 -6.831345970636684140e-01 4.629185630636187820e-01 -6.516719738760283764e-01 -6.005318840048534668e-01
1.155086654814487142e-02 -4.540986253060021877e-02 -1.606232722063569845e-02 2.496861571794809498e-01 -4.910692639566879847e-01 4.257129768015237570e-01 -2.079790254555787532e-01 -2.465951529500698750e-02 2.215764984220015277e-01 -1.163183860068222608e-01
1.709334670978946424e-01 -6.255023131417473126e-01 -8.094618920602775214e-01 -8.169559671109925814e-02 -3.101170068074872166e-01 -7.991130399256468619e-01 -6.673620179479518022e-01 -7.254057619306206739e-01 8.639818832263315151e-01 -5.172284973925382889e-01
3.686710157915227271e-01 4.737026201377791401e-01 -4.053237651616992121e-02 -2.684323144242486969e-01 4.393620746855098069e-01 -2.790909362867153853e-01 5.133380700191580992e-01 3.517572597901461595e-01 1.546370925405576024e-01 1.385010020397965114e-01
-3.188819195126811334e-01 2.891794275029591077e-01 -3.566438314269416987e-02 3.113536839135426851e-02 -6.902454410459465395e-01 -2.389762489375233667e-01 3.291528509147325088e-01 -6.530573054798990418e-01 3.857593546034420173e-01 7.666983819990130528e-04
-1.724656958745183211e-01 4.769316114294152587e-01 6.136955016074416847e-01 -7.028224219678248785e-02 -2.190429239365867808e-01 -5.397853365681748450e-01 -2.589569847286801174e-01 -4.115224263907424351e-01 5.199238042919047675e-01 3.605363512437567142e-01
-3.793744586288653742e-01 -5.422822246109697542e-01 8.691032441387515073e-01 6.493543968285457879e-01 5.108765575238575218e-01 -1.408787098416108829e-01 -6.766638109409035540e-01 -8.313708976043833465e-02 -5.786249866787687157e-01 -6.625380479163599512e-01
-6.655570952029626897e-02 -1.095585553622008684e-01 -6.915635724526645323e-01 3.336914543522582766e-01 -3.807211209282743702e-01 -5.811628733426904558e-01 7.979640709696173007e-01 -1.515794291555457307e-01 -1.317904915278272915e-01 3.537269012226429421e-01
-1.486453320883100726e-01 6.071579284419672540e-01 -4.887242890778044635e-01 -6.689199916619045228e-01 2.550712671000670007e-01 1.317933969201262878e-01 -4.276525633232933221e-02 2.525526476558375144e-01 3.150950642174358829e-01 2.493047789430178074e-01
3.099926504131836347e-01 6.354931257516510668e-01 -2.220818781023117250e-01 3.537641105866727864e-01 -6.168891924788459935e-01 -5.798835106664137484e-01 1.082754418340647756e-01 1.933075885406417282e-01 -1.163074694489961841e-01 -4.412529262399651486e-01
-3.400042028908194930e-02 3.159158552735888414e-01 3.517758176471702525e-01 3.135743804153927616e-01 5.177734996988772043e-01 -2.789835929695960726e-01 -3.704583656082085508e-01 -5.352380470805525453e-02 -5.644669891140534634e-01 -6.163170594411052777e-02
-3.531590693757222232e-01 5.902217575951171913e-01 2.743891599014183225e-01 4.292346770500135578e-01 4.028269386459607526e-01 -4.505225214566723757e-01 3.568530286662712214e-01 -2.641836418870244785e-01 7.183552219763914559e-01 -4.221780519415248012e-01
9.082803680049433837e-02 2.583209196684993145e-02 3.159533552805266626e-02 2.652682891116299631e-03 -5.351308071412407170e-03 -3.341267006943716197e-03 4.324238185858286440e-03 1.409620612327090738e-01 -8.741165889045056717e-03 6.125639797290953308e-03
1.666914185692272565e-01 -2.565737522833023976e-02 6.827028310822883667e-03 -2.005626084084706495e-01 -2.853177634603027979e-01 -6.355379339526422144e-03 -6.804743831821952194e-02 1.256477719342316557e-01 -1.249589578467467099e-01 -3.202646232367405421e-01
3.830504215183979655e-01 -5.491458172708552077e-01 -2.861063555943401115e-01 -7.036501384131523817e-01 -6.877227878977544562e-02 -6.967774800422251724e-01 -2.026689479511572245e-01 -6.334724301356515763e-01 -2.101362042265529292e-02 3.090758949281239287e-01
2.479438819249493026e-02 -9.625495603493945673e-02 3.356151369842797806e-03 -1.636888996847517957e-02 1.645377644079070167e-01 1.602556924299114102e-02 7.200349065617067668e-02 7.831243182915065271e-02 -2.791753864318612111e-02 7.779349625020143266e-02
1.135409980741771963e-01 2.501013172941168872e-01 -3.730794646844935031e-02 1.056398534748744233e-01 -4.489678399470412723e-02 1.790421765886716088e-01 -2.987709456555778242e-01 1.882291361738269719e-01 -2.771299356125252189e-03 7.166520525754035975e-02
-3.863304042759270751e-01 -4.131087635482416642e-02 5.803070730163970570e-01 -5.055796733579388108e-02 -2.538836235108588024e-01 7.131262214817789546e-01 -3.186113578896793697e-01 -5.206647177271940263e-01 -4.080860320221416648e-01 5.413770318320851871e-01
5.803995636200617314e-01 -7.618264234507393651e-02 -2.596717006520061766e-01 6.618960653826772011e-01 -2.619597944657710009e-01 2.614572788671728695e-02 -7.756437476767824579e-01 1.503526554006391625e-01 -5.355096938677843532e-01 7.419016932061694991e-01
2.516647068998143499e-01 1.754410966272721140e-01 7.154019389576278531e-03 1.173297697045090487e-01 -7.459969751173331498e-02 5.634475487439377650e-02 4.389689570182112033e-02 5.733270697332014387e-02 1.200415988696182795e-01 1.430608697641374272e-01
-5.197318386474915064e-01 -8.465310570407795776e-01 1.542387712953513790e-01 6.035255898510956118e-01 -2.751597629926665900e-01 5.897275503163016408e-01 -8.404202564432696754e-01 -6.950021542532666685e-02 -6.877151707463980967e-01 6.392063403209615746e-01
-1.414564257521024743e-02 2.541154748063828225e-02 4.861665508635193422e-02 -2.841341458220861607e-02 -1.772899354991200674e-02 1.131880909802286499e-03 -8.139397880633823801e-02 5.148448187231376150e-02 -7.387568593591828381e-02 -5.887471235432353150e-02
2.012510637726135088e-01 -2.368653169837464934e-01 -4.395204009705990789e-01 -2.979545588428931246e-01 4.326462376124869391e-01 3.663475773891958776e-01 -2.067601433622412721e-01 -5.400525427058191497e-01 -5.197295306498255218e-01 4.949907973090995061e-01
2.815915201193491257e-01 -5.148760149700709610e-01 -2.104435319099211624e-02 -3.429423096186959841e-01 9.678525467537703320e-02 -2.964004824662844761e-01 -4.088072016603481740e-01 -6.508338546335455665e-02 1.019117426450866226e-02 1.803674523292611576e-01
-1.158326141108821372e-01 -2.947577496839571820e-01 -7.962588581671031784e-02 7.413198262778263048e-02 1.642855744151184849e-01 2.225106119920764736e-01 2.433778991984033302e-01 2.031440066410066525e-01 1.283328583795102229e-01 6.543567999150640135e-02
-8.562767599880457547e-01 4.482356579265384666e-01 8.853755299059547224e-02 7.389808267997186597e-01 -2.689453949963563906e-01 -3.179462421673596162e-01 -1.515446343253525341e-01 7.622450087939671715e-01 -5.124836108384649841e-02 1.402418346621624734e-01
-2.445096420628348199e-01 8.407637699189894620e-02 5.657428665617482144e-01 -4.032362173269976036e-01 1.995630409814907469e-01 8.069680202466268382e-01 1.952430062159684898e-01 -7.681024809143127338e-03 3.368874609633724648e-01 -4.149646585348329975e-01
8.642888822247620786e-05 1.399122308935810688e-01 -5.714371954465494868e-02 -1.458418820514371383e-01 1.691438189436695050e-01 -1.973719213639986148e-01 2.134747024130179138e-02 2.451757060390827997e-02 -7.299463154962540154e-03 -1.383532897008169504e-01
7.623122022594390479e-02 -1.181412809726721004e-02 1.669665775110840966e-01 -1.580812560105116296e-02 -3.677065245319740411e-02 -4.823714206634779206e-02 -1.953511277530685722e-02 2.846356996383797924e-02 -1.386959902426141977e-01 3.903620765522490543e-02
-2.859059230006511521e-01 7.671316678007561451e-01 9.165728538574627882e-01 -6.221866297302793836e-01 -1.042590640245101147e-01 -2.604310643059861152e-01 -3.146329757503447122e-01 -2.226068895788061996e-01 6.825631871775793558e-01 -4.074767583690202533e-01
-3.394784847099100999e-01 -4.366977708790524826e-01 -4.448325791329121870e-01 2.751206183315349496e-01 -2.321331546094703158e-01 7.260417534448149190e-01 -2.101715577529346957e-01 -5.144127113566108189e-01 7.541211863778778113e-02 4.398934206810686254e-01
-5.075895057344746997e-01 4.419601828125716003e-01 5.394234213896018648e-01 -3.209830386465480356e-01 -1.561818953640673469e-01 3.177919166314232546e-01 -3.198807240622487114e-01 2.312737817508002114e-01 -5.809612277899833810e-01 -7.122474685802647754e-01
-2.352069960735959919e-01 -4.533931638464018810e-01 -6.255321175298583780e-01 -3.918691730317681587e-01 3.801908908101747087e-01 -5.369574689203596707e-01 4.795132455766539653e-02 -3.175502902984976838e-01 -3.668744662746105667e-01 1.478826040698731914e-01
6.353117072700170676e-02 -4.493008001707711474e-02 -2.457685743523682353e-01 1.753277614105408500e-01 2.676591897874183376e-02 -9.321308174695105975e-02 6.724898897564847433e-02 -9.229864615061070601e-03 1.006339886400624828e-01 -2.322346387046386462e-01
-2.609312847094516497e-01 1.656192649163589770e-01 1.989044724686719334e-01 -1.501893415884189009e-01 -5.798186009270047681e-01 5.633348906834578784e-01 -1.282690651165291629e-01 4.411685545371444306e-01 -1.789688571819167406e-01 -5.507701736028574047e-01
8.161530738393077411e-02 3.881183075116779319e-02 9.668779441356972412e-03 8.995507533838269232e-02 1.119801528536048946e-01 1.737262409475096372e-02 2.890792014322882825e-02 -2.121085986931827913e-03 -2.149569761332929124e-02 1.119582526715532864e-02
-5.664925878398435755e-01 -2.821946718529046438e-01 -4.571679163607133001e-01 6.321635175185349453e-01 -4.819600671290028560e-01 6.943112821893042685e-01 -3.439700140719602062e-01 -4.612090967696892974e-01 4.826358619290156415e-01 5.605130925141975640e-01
-5.397855700886792230e-01 -7.967465632825021515e-02 3.621645679841017373e-01 -3.985964542834992061e-03 8.202174124448777803e-01 -2.675108261557102018e-01 -2.275692510849952610e-01 5.785775295230016768e-01 -2.557264189995952508e-01 4.229512283296353314e-01
-8.714634511136584716e-02 -4.877553939784708831e-02 5.412664303108342262e-02 4.016203355659282714e-02 -1.496920004377405057e-02 1.025174872758321046e-02 4.763868366610398558e-02 -7.486173237561152653e-03 1.215150171586658855e-02 1.035483467222643311e-01
-1.055695086536635047e-01 2.412839543846218016e-01 -1.338872111757221685e-02 8.365743043955790881e-02 1.858622062845584899e-01 4.132707700409719853e-02 -1.711971488498837402e-01 -1.444083766884322884e-01 -5.649094129562170358e-02 -8.855513821999481949e-02
8.599023919912884492e-03 -7.687164535817540834e-02 1.222266034033138958e-02 -1.801888041996821954e-01 1.085407832264672356e-01 8.503011939428932464e-02 -8.597518364342363051e-02 -2.701414118821705013e-01 -2.837667545736134445e-01 -5.686045437884831300e-01
5.236107023776570557e-01 -1.193882664252043230e-01 -5.309052891120784601e-01 -5.664677810202149999e-01 1.272741710645944879e-01 8.717228003344575094e-02 -5.192670061150257421e-01 -6.685248399716994805e-02 -6.272283716648870966e-01 5.158043831878760255e-01
4.620193267814927118e-01 -6.368214678678025820e-01 3.784334895217942307e-01 5.751536929475854487e-01 6.309771222241281619e-01 -3.044379912803897303e-01 4.015699516078212739e-01 1.693885187494185707e-01 -1.231135683874073558e-02 4.825043986905612203e-01
4.247630700907614187e-01 -4.496079354346940726e-01 -3.923801807726528534e-01 1.695889086263522028e-01 -1.393891306869920743e-01 -4.162044410993505084e-01 5.090683080563982443e-01 4.267429036001260667e-01 -1.283995985781573035e-01 1.132494086729780858e-01
2.116777907570904227e-01 7.910115988101430462e-01 5.094170337886655409e-01 6.020653148797718845e-01 7.221648333824900456e-01 -8.031037052438159130e-01 1.672724993008287697e-01 7.935356948517463538e-01 3.089448765971100630e-01 -8.706123059328362279e-01
2.887584379892710329e-01 -1.189448739147989376e-01 5.477281998427691728e-02 1.378527544666274252e-01 -2.040107682721715165e-01 3.807386041834127655e-01 -3.737165113985377318e-02 2.335997889817101603e-01 1.453775309494828860e-01 3.440867419236946501e-01
4.345720143839337246e-01 -5.459700528457895885e-01 5.586497897102278287e-01 -3.543525885588360569e-01 -1.769407223620349801e-01 -1.587392431985335806e-01 5.537058197759971989e-01 -4.484742038541749687e-01 3.273289909501595485e-01 -2.345984017781127529e-01
6.766387347234890104e-01 -2.550036001543870556e-01 -7.074584532560286299e-01 8.932583712407800025e-01 8.626010642852723065e-02 9.341072077569158028e-01 6.929450204352914922e-01 -2.708447988666320971e-01 -9.290677505436950590e-02 7.890342439403916774e-01
-2.180119207469337628e-01 5.957186053825233064e-03 5.791110547440309064e-02 -5.272845495858788922e-01 -4.302799088902456992e-01 -2.344343092918833860e-01 2.225745597039719137e-01 -4.093416249114906202e-01 -2.990560797611506727e-01 1.452079354357836416e-01
2.405065392258199514e-03 3.746616399194005465e-02 1.512408902573975956e-02 5.958893731635297314e-02 -4.882209783867505828e-03 6.563516373840007356e-02 1.199416377660422490e-03 4.392707443930984890e-02 1.018613003265400087e-02 1.701617378101744765e-02
-1.254381316233889876e-01 -6.034204452132627683e-01 2.774824116462012435e-01 3.234422093121343267e-02 4.892525176653687025e-01 -4.556718218355419459e-01 2.445852571919882035e-01 -3.970178753086473500e-01 7.156575524513975051e-01 4.416999196968337538e-01
-4.826827863824570408e-01 6.697983067082087238e-01 -1.043053046342658219e-01 -1.641528816514069566e-01 4.573771526595073467e-01 5.143920124085429313e-01 2.675884348350690001e-01 4.606624314117261920e-01 -4.647533936322565951e-01 -3.975871559140977674e-01
-6.778762102379479182e-02 -4.245801878536966112e-01 5.824985397732605069e-02 -5.578152299530543534e-02 1.639991012901259593e-01 1.718028684043669818e-01 1.155360020604257743e-01 4.165798496131101758e-01 -2.828488720892379793e-01 3.316320086788941413e-01
-6.775939204867760246e-01 3.952408352080671872e-01 4.482568154950686834e-01 7.204604563168450770e-01 1.307266957033453025e-01 5.893676295383912800e-01 -1.913824451746157507e-01 -8.624099095143401839e-02 7.057265463645795434e-01 9.196313926714611009e-02
-1.491414629751917076e-01 6.243092414058371009e-01 -5.615768501804874191e-01 1.916925576942743736e-01 3.065851397034466963e-01 4.229759428693429801e-01 4.002504926178466760e-01 1.155951966802903907e-01 -4.280391049581588891e-02 -1.580702638503772572e-01
1.136589629833006238e-02 -6.716766741553084445e-03 1.633147682176703391e-02 5.178826248665514137e-02 6.277220263191946037e-02 3.312333610055564342e-02 4.591856362040598952e-03 7.055936512173645314e-02 2.954041597817270992e-02 3.705410474136253129e-02
-4.907615864012490614e-01 5.985812657076140519e-01 -4.900035653023251392e-01 -5.555957423486992258e-03 5.722241948946109602e-01 -7.475734457644083175e-01 -7.993017176120323919e-01 2.623171290170517311e-01 -3.388896382809826746e-01 -7.029595158426241719e-01
-2.154150040597396232e-01 -1.701073685793351165e-01 8.227375935266406648e-02 1.392506360643607777e-01 1.445396264013371068e-01 -4.191222973940034180e-01 1.124645529848471298e-01 5.751602805933011542e-01 2.092754923996397731e-01 -8.290149660587645131e-02
-5.441272822197900094e-01 1.973922331292693177e-01 -8.114294269287711803e-01 -3.335042063153940139e-01 -6.753129154084651642e-01 7.851548779058961647e-02 -8.326644225540963395e-01 -5.073178667437775458e-01 7.997101420531684823e-01 6.878943638597461163e-01
4.394743484464173205e-02 3.325269104265310416e-02 7.950872226956560984e-02 -6.515263282852166993e-02 1.761748666393963408e-02 -2.177541074438779211e-03 1.726092794213792553e-02 1.244132773101107488e-02 -3.776401323026137066e-03 5.860963400824953373e-03
7.586690011183018501e-02 -2.070399505678258145e-01 2.928090923783999155e-01 4.346062877341023145e-01 -4.844260064050114889e-01 1.828273480429334352e-01 2.284343358700406390e-01 3.663015075261319420e-02 -4.968436998480180167e-01 -5.588046068834623403e-01
2.497608094770339682e-01 -1.281209376308305725e-01 2.515518755014183871e-01 -3.511507186827070998e-02 -2.174360307661860336e-01 -2.495315915213434099e-01 2.256519548755999971e-01 -2.835739570076158400e-01 -1.345729311441266063e-01 3.193954977684805852e-01
6.966116343639476849e-01 -4.805282062678747357e-01 4.769001411361780685e-01 8.245816668480679956e-01 6.134979437397415358e-01 -3.284403666711089437e-02 5.271008821328849736e-01 6.937010072069060840e-01 5.925005887395240478e-01 1.054271106993008300e-01
9.436015666419859949e-02 1.156643759464287546e-01 4.689585086452544571e-01 -1.438761671110152518e-01 1.877181039559915054e-01 -1.972867236123639623e-01 8.880414118811097435e-02 2.659800629175957387e-01 -3.729376761421828723e-01 -3.566411095085134653e-01
-3.570633282136969067e-01 1.337647054859412710e-01 3.853078146484310018e-01 -5.817608229513306917e-01 5.705142396995207532e-01 -1.225740751019588209e-01 7.212766527057901111e-01 -5.609407934199118761e-01 7.490146513639470149e-02 -4.132262785240320424e-02
1.588892007540535223e-01 -2.194716064197206329e-01 -4.187694363042555046e-01 1.247453697097004356e-02 5.119687357489131896e-02 6.350756430447966269e-03 3.853719875690242991e-01 3.950596480149793921e-01 -2.772201427224795997e-02 -5.092272713049642574e-01
3.052677121792205517e-01 -6.154335866011693135e-01 -4.737500882756022769e-01 3.027691123113558994e-02 1.550072727051510224e-01 2.922673871995667416e-01 -2.636741146764313704e-01 2.006352207272285859e-01 -2.672045479416327307e-01 -4.034570127912909254e-01
-3.696098587155301207e-02 3.739342472717698818e-01 3.196430783174813994e-01 1.832534664824179149e-01 -5.668584099078624594e-02 2.227832431594586049e-01 -3.245193671970110216e-01 1.850945152421775985e-01 -3.844467625788953059e-04 -4.184751033926916719e-01
2.505828098266680293e-01 -1.877522915485668742e-01 -1.567353570920818340e-01 4.523190072302120668e-01 3.875640367061197189e-01 4.662914449684097962e-01 6.930069392821898155e-01 -9.346160045191853616e-02 -2.929785038461339974e-01 3.405711462070559747e-01
-5.123629992389714394e-01 -2.170922495855567014e-01 -5.359106766709680059e-02 -1.017903500896469825e-02 2.637602398039889939e-01 -2.466076527768476245e-01 5.950301910144236740e-03 -1.838787296796831894e-01 -2.868832582286716115e-01 2.400570188204772248e-01
-1.763711840223264604e-01 -7.624575067066294287e-02 -2.614462793909843596e-01 2.608377402881484342e-01 1.805661153428757548e-01 3.189245928218202852e-01 -1.210222723209510576e-01 5.839400292670059167e-02 -2.512922215682208103e-03 -4.103451637407651287e-02
2.140809225880910827e-01 2.403786799067892943e-01 1.735929792309790221e-01 -2.156720613425477939e-01 -3.651239923571709123e-01 -2.434199209867615177e-01 2.313739218706161449e-01 -3.179809155109605268e-01 3.537555868698528116e-01 6.561294980457878234e-02
-2.163812189948639714e-05 5.342593673294092627e-01 -4.411036343380321245e-01 4.750345402868150213e-01 6.463006894381276846e-01 1.769493336206776068e-01 3.234375539005377442e-01 2.757944875668305595e-01 -4.689231347665610006e-01 -6.461881715067859799e-01
2.840572920357877784e-01 -3.742401301758684351e-01 -3.996668289939049878e-01 -2.343153204322653560e-01 4.745930648512531325e-01 -5.288037503349925922e-02 2.098751002691575177e-02 5.214162195147097334e-01 2.637605820926148259e-01 -2.464452512407263041e-01
-6.958961873511744500e-02 2.973323584992300095e-01 -2.512598260178854348e-01 1.814543679635478857e-01 -5.124772072889588470e-01 -1.677717545673759192e-01 3.094833217917988266e-01 -2.780709049390482912e-01 6.686095220086553104e-01 4.514840615681887659e-01
-2.394787156654865773e-02 9.801580387971446651e-02 2.259921528968771576e-01 2.111530201696563136e-01 8.103852303118086464e-02 3.725684641148717113e-01 1.732962735007692601e-01 -1.040742261504335187e-01 9.107640959890032917e-02 2.652081276890593808e-01
