6.299234749433737512e-01 -7.984520935465951874e-01 -1.145143904791612738e-01 -6.199456977545865222e-01 3.228818089466365948e-01 -4.557171226615744919e-01 3.510592413297093928e-01 5.925454096564166662e-01 8.038433545517095213e-01 7.085717696856471681e-01
1.497945254195918730e-01 1.205781445859718665e-01 -3.894502299475134932e-01 4.034990546483115392e-01 3.968829119214531964e-01 -1.092398077296034831e-01 -2.520038015003358001e-01 -4.319125235093501103e-01 5.169157397498600481e-01 -2.685469556060227081e-01
2.800558222731848734e-01 4.422065892802719556e-01 -2.012237480426309552e-02 6.575171181980511426e-01 -5.686093084966276079e-01 -2.939034669826652291e-01 5.570239073820775211e-01 2.490249742010659517e-01 6.818794439752998704e-01 -2.667984702664408236e-01
1.516429011483598488e-01 -2.443614422480027970e-01 -6.822568119354063820e-02 -7.807715425152217392e-02 -1.967642408624300510e-01 -2.175376308234485412e-01 2.684380064271408850e-01 -2.409418998618713115e-01 1.887408047311756876e-01 -1.228826144712758389e-01
1.684503600570448796e-03 -3.585396137127377838e-03 4.871945192463481705e-02 -1.202806219114624375e-02 8.883848632422804148e-02 8.464731842105048532e-03 1.736602855526197392e-02 5.623673275860325421e-02 -1.332095436936181184e-03 2.592365048345117440e-02
-4.456157161216883211e-01 -7.476350404312906983e-01 -4.073371265092337601e-02 -7.938003231728222309e-01 7.018079667019702095e-01 -6.937594841826769665e-01 5.531929612884541880e-01 7.116794279616657226e-01 6.745695390457040475e-01 2.297672362900620435e-01
-6.673321440103274424e-03 1.442063853942734952e-01 4.784889605799751144e-02 1.861988786111787178e-03 -1.412746294487861667e-02 1.116166929762018797e-02 4.744198251183196630e-02 3.624341906761456827e-03 4.591900481876955847e-02 -1.011912465744852635e-03
-5.355476073778614454e-01 6.815419388971801773e-01 7.801681980367322633e-02 6.869254060324424538e-01 2.265783773298464809e-01 -3.248322309413209097e-01 -3.842576162311130417e-01 3.208041331299273935e-01 -6.054377213390382817e-01 5.609888204037211112e-01
-6.881527202565952683e-02 5.907802963509329874e-01 5.512502398031573492e-01 -5.608545512027127700e-01 -2.794189363935006276e-01 3.695872438456123121e-01 -4.205493101544716117e-01 7.188878873087352073e-01 5.170252135088621026e-01 -1.892958261069494774e-01
5.217757695311101181e-03 -7.070451812540851609e-03 -2.254260825676494308e-03 1.848613834053307314e-02 4.999044368275033789e-02 2.662417805031115289e-02 9.691388375193054142e-03 3.804903428964866163e-02 2.528537086994271307e-02 2.375030712437894639e-02
-3.121589778420792022e-02 7.512168832688366493e-02 9.357220613321193259e-02 -1.181865560413554589e-01 2.523926537947016047e-01 -5.208185327148725369e-03 -3.587899485648105707e-02 -1.978153574208048673e-02 2.797793732083379489e-02 5.406477525103778325e-02
3.424034517918019827e-01 -3.189751885930529607e-01 5.939184883391869230e-01 1.864759697604309874e-01 -3.494016644848903230e-02 -2.090784125529237814e-01 5.404437027784964043e-01 5.066560242849209583e-01 -4.534098178845251681e-01 4.088416292704992183e-01
-4.254293595021540475e-01 -4.304580256372106395e-02 4.461392879102934472e-01 5.856040514116727103e-01 4.663793684704260478e-01 -4.697757936593756067e-01 2.078787516902381727e-01 -1.353183270440152242e-01 3.177232023389617299e-01 -1.295905147407378777e-01
4.205808705776382661e-01 1.970939175503197138e-01 -4.642464668205891765e-01 6.408357390398696785e-01 1.743893092988699767e-01 5.432327502078437148e-02 7.431318490283607137e-01 -1.647720098139981160e-01 4.110331755853984803e-01 2.872574202755772133e-01
3.113103116137637683e-01 -5.503444868629133735e-01 3.557168092833508100e-01 -2.370644709149670182e-01 2.907071759459066151e-01 -1.818573552430949036e-01 -4.559814388684860775e-01 -1.671958663553163305e-01 -2.005103573112866355e-01 -6.863025285569345213e-01
1.639773726510941002e-03 1.300226441737524496e-02 3.930299498978809952e-02 7.032855825272805138e-03 9.647058624734231383e-03 3.865360950985017446e-02 8.087052745969700029e-03 4.658736061626964943e-03 1.966662349769196516e-02 3.194007124731674391e-02
-4.401427272154306292e-01 1.091686874811035879e-01 -5.726285197329544774e-01 -4.940185240803566247e-01 -9.123275458375327412e-03 2.131826585201005431e-01 -3.844880252876907434e-02 3.768943807745646635e-01 1.029357139473621591e-01 2.418549521625256160e-01
8.298056838351568487e-01 -5.337690333544031773e-01 -7.693704982080232790e-01 4.701121091128973584e-01 5.956781937926036719e-01 3.149362053370818315e-01 1.116004067616824247e-01 6.656861739748116680e-01 8.042363797602708475e-01 -4.411738089351232017e-01
1.824623739457613891e-03 4.244105501846715672e-02 -5.918529164560785150e-01 -4.777899085289057934e-01 -5.792671834336140524e-01 2.861630715759929666e-01 -3.647204495595168794e-01 6.674439572492018025e-01 6.748982218373270059e-02 1.285284816721235512e-02
-5.703613206014868792e-02 2.743978393714919806e-01 -1.449942562753889219e-01 5.668201398743584474e-02 1.828570710667024868e-01 -9.968398577980358555e-02 -2.371039007019948575e-01 1.718035044534078903e-01 1.682581963212052278e-01 1.906307505214776751e-02
2.818175831612585672e-03 -5.680016905189732429e-02 -2.525259903942893014e-01 3.765339724897252549e-01 -4.229334986275293806e-01 -2.434359714670978822e-02 1.873774410701717907e-01 1.799789569442937220e-01 -3.218966553409450260e-01 1.854736410434013605e-01
2.851404055454848097e-01 -9.547710279398227695e-02 -2.558482741561249330e-01 4.137612540644106107e-01 2.746391313584398142e-01 1.687308874586167518e-01 2.197803907061836315e-01 -8.669073952171896247e-02 -1.300021330112083318e-01 -2.152592483317547212e-01
6.381266448063688257e-02 4.446065458501549106e-01 -2.364463222977657431e-01 1.837994461536256730e-01 2.719857952242659693e-01 1.408307463073522614e-01 1.080283841196854749e-01 -7.807934877692945808e-02 2.604061776027649100e-01 -7.308941517079488304e-02
5.223095922923229883e-01 1.113625513318386578e-01 8.166939760334909204e-01 -8.843034869572030665e-01 -3.956664118013835107e-01 8.724148481951327083e-02 7.580811136384727478e-01 -7.726008955190621919e-01 -2.096628763590125955e-01 -8.081948147842020758e-01
-6.281624832587374696e-01 1.830165321366209186e-01 1.111115285776367347e-02 -6.573296169789483168e-02 3.371197691328308710e-01 -1.381224002464785661e-01 -6.850356425640738989e-01 4.661178773677912002e-01 -6.534560625827146030e-01 -6.060172631964634293e-01
1.280076590706402499e-02 -6.370993742022740269e-02 -1.681415542108519873e-02 2.585745352855893797e-01 -5.024004892197400096e-01 4.417926277603360097e-01 -2.145015331427071459e-01 -2.453299195994815968e-02 2.292382000546211440e-01 -1.170152355041009090e-01
1.710852736496819293e-01 -6.255114328036109894e-01 -8.102864176648504335e-01 -8.161871438810382184e-02 -3.101523097506788673e-01 -7.990903799327494506e-01 -6.674847557449834490e-01 -7.254003307361299724e-01 8.642361718063739096e-01 -5.170832304438984783e-01
3.702048224355031225e-01 4.755532709167123451e-01 -4.067469793223529861e-02 -2.688533306406828416e-01 4.390402972972001217e-01 -2.844114425648771038e-01 5.161712653195189571e-01 3.538937574823336485e-01 1.557939138040244087e-01 1.389045268696723900e-01
-3.194869569180225910e-01 2.867586518256218797e-01 -3.473196457062743825e-02 3.069028453505896759e-02 -6.920200777785231461e-01 -2.442030127790673633e-01 3.283792560902379920e-01 -6.557025423209802417e-01 3.880051136145012403e-01 1.462742394541024582e-03
-1.752121548549899488e-01 4.802170766974582228e-01 6.162189547659202571e-01 -6.703989546070579508e-02 -2.289909949071450013e-01 -5.426366342347987981e-01 -2.604356564306983812e-01 -4.159191860743524094e-01 5.240668573827992338e-01 3.653177366565574791e-01
-3.792785220317236861e-01 -5.456653297281562898e-01 8.692223446844676848e-01 6.490367678983441913e-01 5.123689042299581775e-01 -1.405155591458459863e-01 -6.783794816879175071e-01 -8.282689683226643340e-02 -5.809285363796821144e-01 -6.625566237011000226e-01
-6.616059073065311269e-02 -1.099529533888428667e-01 -6.936662292411994724e-01 3.345192745269015000e-01 -3.813541537871065201e-01 -5.865057013566133959e-01 8.012051010001490781e-01 -1.498220180472793206e-01 -1.322509712373847734e-01 3.508197796171809157e-01
-1.486209442605971598e-01 6.085698518090877362e-01 -4.900658845428771948e-01 -6.700660053346035872e-01 2.544433659561385341e-01 1.314445357900045075e-01 -4.227968931252130275e-02 2.493450049213929154e-01 3.144379584609510170e-01 2.519804962132926596e-01
3.117131463250545353e-01 6.382041318496852744e-01 -2.226307657176775368e-01 3.563490652570119877e-01 -6.255125802362890841e-01 -5.830452082806862890e-01 1.089073182619478691e-01 1.963531371891631960e-01 -1.150293539804609910e-01 -4.433856927847820151e-01
-3.355763722771235025e-02 3.144953565564657105e-01 3.527512289669704759e-01 3.141316725100646856e-01 5.183906456978865096e-01 -2.813955496946375368e-01 -3.712433571137386257e-01 -5.463445397980874751e-02 -5.652361202626267067e-01 -6.145621844729740046e-02
-3.529295554522793865e-01 5.931136557806384602e-01 2.735150120471968038e-01 4.324418557945609587e-01 4.078973781853210689e-01 -4.507624246767237830e-01 3.598200807182499461e-01 -2.680464723995071852e-01 7.207844629894706312e-01 -4.222943908026989268e-01
6.806930784903629517e-02 1.597249822379357559e-02 2.950646266130581979e-02 -5.027078286854740410e-03 -5.145880836590613003e-03 -1.325682451657141971e-02 5.310222132086039014e-03 1.281197815022193376e-01 -9.336986898386393299e-03 6.856041660891199190e-04
1.933026325493719388e-01 -1.958301275427251631e-02 1.610865148887068166e-02 -2.334773080029450276e-01 -3.442217798547095864e-01 -7.979765203464822890e-03 -8.549158664587497292e-02 1.542558390988081896e-01 -1.299818499752338485e-01 -3.642459799343867877e-01
3.840435153950733094e-01 -5.504363544264125885e-01 -2.875303988875628769e-01 -7.046216414756110158e-01 -6.892067901780923878e-02 -6.997908911788113251e-01 -2.016587424464065248e-01 -6.335879303136094931e-01 -2.144978574669340401e-02 3.041293748302403288e-01
2.011789767364103101e-02 -1.182223566687145427e-01 1.013819749270393131e-02 -2.434272608559211182e-02 1.652782123506277567e-01 2.964930363739597466e-02 7.895330595851900168e-02 9.571599584915919945e-02 -3.931168376511755963e-02 9.617367643201067684e-02
1.206750655270637795e-01 2.535379888188477038e-01 -4.235494053535287379e-02 8.921256818108369568e-02 -5.367611282359427416e-02 2.013388356629120246e-01 -3.278428170159657373e-01 2.002210550752104579e-01 5.358837503176780166e-04 7.561455538431997858e-02
-3.921041548933700271e-01 -4.483129250330668975e-02 5.822578782470806402e-01 -5.122338777891675271e-02 -2.570776465592895521e-01 7.161035357439945459e-01 -3.178854395371038533e-01 -5.289463311509428056e-01 -4.078333795449584076e-01 5.382879845455553758e-01
5.806140638230155027e-01 -7.697821960132950059e-02 -2.597283650580908265e-01 6.621737297916348020e-01 -2.619474557676701454e-01 2.585985257372958729e-02 -7.757964702406066060e-01 1.500302153213246004e-01 -5.355668109462677906e-01 7.420846649812267160e-01
2.624296858708917712e-01 1.829297269958929661e-01 4.447167290243754512e-03 1.222807788183159911e-01 -8.145178123282970084e-02 3.408324026872423113e-02 4.372836757622096393e-02 6.194782877581378466e-02 1.272609197069658749e-01 1.503377644099428423e-01
-5.194288095512792358e-01 -8.473892461923744346e-01 1.534204754720420727e-01 6.033008088841819161e-01 -2.746501693347004336e-01 5.899447982879818531e-01 -8.406829027191244919e-01 -6.927175691748525821e-02 -6.879868887510740549e-01 6.391932985572758019e-01
-1.610444755748202325e-02 3.486339240433165149e-02 8.522292444772577857e-02 -1.434383780273998030e-02 -7.219575591217364252e-02 -5.960577923274915091e-02 -1.228507513768542919e-01 5.096613231359363450e-02 -1.028916901907848264e-01 -7.183673116725575181e-02
2.028599130437055142e-01 -2.393635544107723390e-01 -4.419387016497508536e-01 -2.975960580321068694e-01 4.313675206325798817e-01 3.684971951291741710e-01 -2.052784949162488326e-01 -5.451755028546768633e-01 -5.228983469675382301e-01 4.989961162355606716e-01
2.880019240771426459e-01 -5.258965966675540615e-01 -2.294004860704298293e-02 -3.507160738103817788e-01 9.657965324993304790e-02 -3.034507005888445463e-01 -4.281918922053765675e-01 -6.767409152446779430e-02 1.097286202424022951e-02 1.844020741995458790e-01
-1.229694930880314563e-01 -3.114246310873061141e-01 -8.508054533896317051e-02 8.458217928645588024e-02 1.522174677448609181e-01 2.357769330494576265e-01 2.610203065373087328e-01 2.223137684077075016e-01 1.410756450577508037e-01 4.831402300825750340e-02
-8.574474439637904677e-01 4.481050434778170444e-01 8.893828938823100660e-02 7.375732051187897653e-01 -2.692700636857219831e-01 -3.181864669560107717e-01 -1.517283738527800685e-01 7.633062178474568915e-01 -5.120069692891645458e-02 1.406281058568657483e-01
-2.474823848472539056e-01 8.431464440442365538e-02 5.668909530065434632e-01 -4.040988301430231133e-01 2.001375818118908689e-01 8.084660306715114597e-01 1.955579262223266501e-01 -7.723792796628819492e-03 3.375473048324834635e-01 -4.156558611919864976e-01
3.603810825893779407e-03 1.547730324241869682e-01 -7.564758613234900952e-02 -1.747907515550568280e-01 2.047536580221723246e-01 -2.371536547381359605e-01 -2.349069266725250724e-02 2.338137203365335190e-02 -1.668583954198158900e-02 -1.575285154116123354e-01
7.664420894372003801e-02 -3.678782660669479426e-02 1.581448995950402447e-01 -1.054147499224171967e-02 -4.249014534329333820e-02 -5.481198708897227351e-02 -3.259135954927648571e-02 2.904146857563424944e-02 -1.608585422140479115e-01 5.746347185068010482e-02
-2.858514498079823829e-01 7.687729769217361842e-01 9.168113785623164258e-01 -6.230921380368430462e-01 -1.046909069763077293e-01 -2.666032942661904492e-01 -3.109063014767838307e-01 -2.196039560644399147e-01 6.837715924737817197e-01 -4.151733688887715434e-01
-3.408096272761542145e-01 -4.369310776817917352e-01 -4.455916512216706593e-01 2.757640790459180424e-01 -2.322207641998188521e-01 7.249271646529606983e-01 -2.114864613738682009e-01 -5.149210971448452412e-01 7.595822430100930556e-02 4.413400614600166416e-01
-5.076669008017914431e-01 4.420586621821374074e-01 5.395931376928981837e-01 -3.209173004532181461e-01 -1.567670087525365741e-01 3.174969516345966802e-01 -3.199187096739642966e-01 2.315160806051614339e-01 -5.809666318653718964e-01 -7.127050140010643409e-01
-2.374206479073455722e-01 -4.559521229593127001e-01 -6.302223608869870208e-01 -4.026375797513849775e-01 3.835615532955009566e-01 -5.421450800362259681e-01 4.950162007750931459e-02 -3.208890154729029942e-01 -3.693088472781437259e-01 1.514968343971986320e-01
4.124493665912947610e-02 -5.025146991911522837e-02 -2.527292486117118653e-01 1.823102094264711370e-01 2.313571642581751728e-02 -9.481295020199397017e-02 6.902826033089355662e-02 -2.352779235242846365e-02 1.067279665066289546e-01 -2.444763322488006096e-01
-2.619065985273343333e-01 1.639901359237886103e-01 2.009496371904497536e-01 -1.498380297396577909e-01 -5.853818030022508445e-01 5.636548429638429392e-01 -1.296268872652997506e-01 4.412621865717018532e-01 -1.807828017055330416e-01 -5.522999765083154156e-01
9.984306268429958553e-02 5.089891150024408728e-02 6.194965343810928705e-03 1.228365997326740927e-01 1.278216010925034840e-01 4.430813567749089521e-02 4.819941900289004960e-02 -1.374813144475576024e-02 -2.984271905753551474e-02 2.167741762893635182e-02
-5.663021470309618222e-01 -2.825652292017056255e-01 -4.573007380981385928e-01 6.331294030155375507e-01 -4.810503430661779434e-01 6.970044051848388600e-01 -3.439573942840470355e-01 -4.638846839795163768e-01 4.828850445272930836e-01 5.608569618907731646e-01
-5.397024527315635867e-01 -7.966667640429458963e-02 3.622161043239688905e-01 -3.901278613818390858e-03 8.202995575900650094e-01 -2.674880505503927086e-01 -2.277197038082379443e-01 5.784551386960437025e-01 -2.557550295308488875e-01 4.230978652158901565e-01
-1.223628685741073724e-01 -6.455903028760080764e-02 6.957541133426323188e-02 3.653176015936925036e-02 -3.446576865133604145e-02 -2.020678186821288011e-02 6.613427328153859142e-02 -1.401990311322382681e-03 1.921370667199006135e-02 7.999849096207896360e-02
-1.164146036036000920e-01 2.461877839877751051e-01 -9.698128943674191177e-03 9.611926788451141679e-02 2.053986044390785082e-01 4.175776068247669809e-02 -1.945888113673796549e-01 -1.505178702896657894e-01 -6.312298933559822023e-02 -1.036341896003793034e-01
1.242262114675824446e-02 -8.614806391310379785e-02 1.424116229114024378e-02 -1.883230915882974366e-01 1.178699433938970170e-01 9.774557793267327210e-02 -8.645754856332517335e-02 -2.963178714375394596e-01 -2.934112876595815211e-01 -5.885721817005817869e-01
5.260862775831046667e-01 -1.266950682035866138e-01 -5.330668330462063897e-01 -5.693003945274764943e-01 1.296257261107471581e-01 8.811901934777076340e-02 -5.247703313909038991e-01 -6.704338985572270981e-02 -6.333678166396508047e-01 5.181440053381108912e-01
4.637643153494135917e-01 -6.378275535009476638e-01 3.795097047625510811e-01 5.761117707628597984e-01 6.329845223468382187e-01 -3.032785327591574487e-01 4.027615845786212123e-01 1.675184739635535991e-01 -1.222473258292784346e-02 4.820797855079422267e-01
4.290419315870304118e-01 -4.523788122648214061e-01 -4.021305198089652477e-01 1.725173504481648246e-01 -1.405572973710224882e-01 -4.186452327956634023e-01 5.141397152834250583e-01 4.306749634848078823e-01 -1.291797565718966478e-01 1.146219930108982044e-01
2.101251773480702356e-01 7.917558637914633435e-01 5.092085300009117077e-01 6.017458831285140697e-01 7.219875445820734816e-01 -8.034328284525605879e-01 1.669822980660610190e-01 7.951192344651427657e-01 3.089534915005962001e-01 -8.711922614883411686e-01
3.050509604582490319e-01 -1.249796666454952992e-01 5.781115043775576084e-02 1.422915832747204123e-01 -2.054982645759774185e-01 4.040157150230477279e-01 -4.292009637242865522e-02 2.319151727209879388e-01 1.481767943127615117e-01 3.411474971943363466e-01
4.373073499973008649e-01 -5.519152094471796444e-01 5.610598175853819258e-01 -3.538633621412607400e-01 -1.795188837951660621e-01 -1.569879859162053026e-01 5.527691062410139411e-01 -4.502726817004678583e-01 3.283312371636435967e-01 -2.363806873230752392e-01
6.766530356844133731e-01 -2.550034859944405041e-01 -7.074410484769584340e-01 8.932708063450185421e-01 8.627156505183415647e-02 9.340167748168541895e-01 6.929504104558887878e-01 -2.708216910241757480e-01 -9.290479089843439731e-02 7.890526293404547253e-01
-2.183664434010438582e-01 5.098276210163532086e-03 5.535896614555213535e-02 -5.327441637730118140e-01 -4.354048814166981418e-01 -2.344202319558142122e-01 2.269849107092160867e-01 -4.116640411996030369e-01 -3.017128114300862141e-01 1.475350441135753476e-01
7.451476513437083928e-03 3.517090228296663318e-02 5.003835518064695190e-03 6.492860280323481392e-02 -8.773822045624442290e-03 5.455125445605166906e-02 7.842907062346179958e-03 3.304095594401995628e-02 1.041286580388998267e-02 1.636823827740502973e-02
-1.239859397508827621e-01 -6.049483540737952136e-01 2.799217916718804156e-01 3.261663759178325822e-02 4.867853763546031720e-01 -4.558580290472605268e-01 2.421654924607316017e-01 -3.979222192430590943e-01 7.158836239895428610e-01 4.424581154692247553e-01
-4.831324193388201182e-01 6.669278160163892855e-01 -1.042647680238861646e-01 -1.646588955983563085e-01 4.594628991042375432e-01 5.151685620814027144e-01 2.657503523773238063e-01 4.618638604253087476e-01 -4.664421524477337933e-01 -3.978468209442767023e-01
-6.910564783303342618e-02 -4.351925141926491492e-01 6.124050826020120686e-02 -5.259614368364731729e-02 1.731679487912332338e-01 1.721086900171998058e-01 1.205527126586957848e-01 4.222372592218719967e-01 -2.935387717821769105e-01 3.417338002168263666e-01
-6.781289864715064342e-01 3.949392593630502435e-01 4.487045876260614130e-01 7.212317003126554882e-01 1.309612536894862178e-01 5.899562536417951586e-01 -1.915443252960278564e-01 -8.785870971159333298e-02 7.062180897846145333e-01 9.207139179801762663e-02
-1.493230783908639780e-01 6.251063563092822406e-01 -5.621680558662791594e-01 1.919958009265710641e-01 3.071130891308861965e-01 4.203457566057403061e-01 4.007644895341158087e-01 1.158159957716110161e-01 -4.276828650792238729e-02 -1.581464879320312045e-01
1.836334320360496000e-02 -8.824943970046406072e-03 1.507586846382414671e-02 4.264545824822355002e-02 5.522469279409157605e-02 3.750337543943156604e-02 3.359064277750956496e-03 5.408813408231812753e-02 2.280320974612958657e-02 4.204011790239211427e-02
-4.907926074211542700e-01 5.976164210170641367e-01 -4.898186790030495397e-01 -5.388255288136305395e-03 5.719359274622237699e-01 -7.477024959979204910e-01 -7.993287359919191148e-01 2.625830451570728141e-01 -3.388332765426203541e-01 -7.030589349783979980e-01
-2.200778856894563540e-01 -1.833374770229630191e-01 8.486176894615196642e-02 1.399930673808869042e-01 1.498116261277091799e-01 -4.282767784811989387e-01 1.149807278535349975e-01 5.806237073989749531e-01 2.151102275148893961e-01 -8.405008961315116323e-02
-5.441951033029402973e-01 1.977146783638698280e-01 -8.119503138375619988e-01 -3.336738739376088891e-01 -6.751918890799099016e-01 7.837390480445331764e-02 -8.327222073273904401e-01 -5.074177531279272513e-01 7.992065045814419344e-01 6.883230407613145641e-01
4.738795611039015032e-02 4.621689841662555975e-02 8.531247069360275992e-02 -1.032638587480486092e-01 3.066115236005060099e-02 -3.352623834384556994e-02 -1.035260183892978275e-02 -4.870281036484673531e-03 -7.820867323264556951e-05 -2.950980807836797205e-03
7.739383124729778962e-02 -2.086528993362425921e-01 2.929021633772876387e-01 4.339520996129656583e-01 -4.857873753668118244e-01 1.801760832559074210e-01 2.330212941110937630e-01 3.718490494533507884e-02 -4.988918698779614691e-01 -5.633557426481720087e-01
2.884228898419546328e-01 -1.476318483920239233e-01 2.843740999755245413e-01 -3.015351308362538424e-02 -2.382459030268754274e-01 -2.809530575367555905e-01 2.239905385729514808e-01 -3.280086228365342027e-01 -1.600497015238976917e-01 3.610014642562773268e-01
6.966036927371842546e-01 -4.808369357324576709e-01 4.770075934583666299e-01 8.243948273586942932e-01 6.135939439827253761e-01 -3.279562976695018367e-02 5.270435733666427591e-01 6.937512515612409558e-01 5.925475217306325204e-01 1.054654420936345510e-01
9.279068532399654956e-02 1.170136451219443291e-01 4.652876394015841299e-01 -1.453346226114634598e-01 1.895017591440354976e-01 -1.986534061246408578e-01 8.909240447833634280e-02 2.673839028033389020e-01 -3.741674552911711249e-01 -3.582454326916606480e-01
-3.582968870618827295e-01 1.338693462280064750e-01 3.857511637132200466e-01 -5.823849494112030012e-01 5.712628987434700267e-01 -1.248316387405073863e-01 7.221183805740992723e-01 -5.615443560934894052e-01 7.499996946541113985e-02 -4.127020559291072477e-02
1.626410015560375288e-01 -2.267428048375977612e-01 -4.318697585535735128e-01 1.420695321691088815e-02 4.914671433855637150e-02 -1.086056347609759207e-02 3.976565136566876935e-01 4.132073764184691633e-01 -3.059477128535380286e-02 -5.377525747361725506e-01
3.064095068109022879e-01 -6.175857202161126880e-01 -4.773939443441434505e-01 3.004215247420469539e-02 1.561830008737368491e-01 2.933911208835583428e-01 -2.642221109522593925e-01 2.017269467079707834e-01 -2.714251169625794824e-01 -4.044349137665965710e-01
-3.768635878323004645e-02 3.730533828758006987e-01 3.227259699152953965e-01 1.859414261165799331e-01 -6.153480632970594055e-02 2.230934376448869272e-01 -3.271543415821157041e-01 1.863372119994666787e-01 -6.051442420160863759e-04 -4.240761729523971346e-01
2.514662676870477731e-01 -1.880280667449533982e-01 -1.582663535591562198e-01 4.530483143005151758e-01 3.885990937524688715e-01 4.637957584173175163e-01 6.961670861889732720e-01 -9.215898075220427255e-02 -2.958926450121930896e-01 3.384833511978515008e-01
-5.150853952067389052e-01 -2.219170211062372611e-01 -5.245947697321889230e-02 -1.415687049900065005e-02 2.636731921732081707e-01 -2.578097332450291490e-01 7.576387306869975143e-03 -1.854132326864345037e-01 -2.873221772279925812e-01 2.416603150365938535e-01
-1.894500889185934400e-01 -9.707455819319724122e-02 -2.905112436127145759e-01 3.203480801726791283e-01 1.930538979997837024e-01 3.593725313259371057e-01 -1.621374481336284035e-01 4.410924075818091483e-02 -9.757852726557157338e-03 -3.372075628638427497e-02
2.194345336661943369e-01 2.401973490749751416e-01 1.773246019099120885e-01 -2.183042715868677430e-01 -3.688100688296154228e-01 -2.453837423712231514e-01 2.259168863989278464e-01 -3.251618399887872268e-01 3.588898782064914861e-01 6.563292969213910255e-02
-1.011836531164629947e-04 5.334219171256786574e-01 -4.412469417798219884e-01 4.753419200607060247e-01 6.468680560611902441e-01 1.771494101725976378e-01 3.226858427918973815e-01 2.758668349588250246e-01 -4.691202670563214827e-01 -6.464658576712077886e-01
2.912976097966592515e-01 -3.835567487989688940e-01 -4.174027677286527571e-01 -2.398354571149116932e-01 4.868319647837089370e-01 -6.249740668366376289e-02 2.159306171931284907e-02 5.342602388223257615e-01 2.701150659522311703e-01 -2.546696869028552968e-01
-7.330174083006374408e-02 2.998849895504330787e-01 -2.529540928141862377e-01 1.813615472152171060e-01 -5.145138566861325868e-01 -1.676848684147805024e-01 3.093045857186966785e-01 -2.768408846416646751e-01 6.716542105610424640e-01 4.545694017463809411e-01
-3.542245033013306788e-02 1.012928890265014092e-01 2.396542111973628264e-01 2.182860453679608681e-01 7.889792508345491728e-02 3.857861268631370133e-01 1.780819905800510583e-01 -1.023351568863082178e-01 9.462425822409974152e-02 2.778334750613011828e-01
