6.481982547144928830e-01 -8.387782505675535072e-01 -1.199635939285120245e-01 -6.350559568249501963e-01 3.458477083106066829e-01 -4.656573560750684182e-01 3.488085916014453391e-01 6.088908179152977551e-01 8.210438890310024496e-01 7.363134967315461132e-01
1.600248178276137689e-01 1.224753259239366454e-01 -4.559087852298045473e-01 4.569732922339769798e-01 4.499312477370500107e-01 -1.224794739894349282e-01 -2.518345788695382503e-01 -4.639783571188033640e-01 5.509067084168021156e-01 -2.882754803992659820e-01
3.205630188059089836e-01 4.806500128720231357e-01 -1.309481766449183300e-02 7.309965789359726962e-01 -6.567820239107556857e-01 -3.240361470787488929e-01 6.272869001821438362e-01 2.626472131072082883e-01 7.404339698077166965e-01 -2.900212194930550935e-01
1.244839816038287306e-01 -4.327563406273357560e-01 -1.466325348623561675e-01 -1.935926281169980667e-01 -3.363926890715836504e-01 -3.758827090845267560e-01 4.625867699769286578e-01 -4.980606435315330649e-01 2.806988988736554558e-01 -2.400968635200853019e-01
4.295412938197894215e-02 -2.150199619664036263e-02 7.937088857565692546e-02 -1.998536652877824435e-02 2.668004028493829120e-03 -1.770100516660991913e-03 -1.914727494455445433e-02 6.816866200122603803e-02 -3.774102294511449962e-02 2.766038453276140410e-02
-4.474574169397254053e-01 -7.628253031623887237e-01 -4.151323451197552750e-02 -7.966604739387099787e-01 7.190440219318212645e-01 -6.985650682663632205e-01 5.668358969162539118e-01 7.205206655252388570e-01 6.904126826463101718e-01 2.365448538180352223e-01
-1.798616413663325572e-02 4.943909099746800900e-02 9.087246759959909104e-02 -9.519776990782302661e-02 9.734434265811976088e-04 5.353333734826740131e-02 9.993696461371538720e-02 -2.058847115497847852e-02 -8.167524149583592352e-02 -1.009962071583601906e-01
-5.826450812421581915e-01 7.360025383517148079e-01 6.814667375070676547e-02 7.351292387933583417e-01 2.369828332060431586e-01 -3.419666113555214770e-01 -4.171507569374248714e-01 3.422737947908043865e-01 -6.477142437573737421e-01 6.122859667970839137e-01
-7.642493737017606870e-02 6.213192654325102593e-01 5.714394139488829794e-01 -5.829370218116637359e-01 -2.867729074495046215e-01 3.847104722927839338e-01 -4.603877840604456706e-01 7.442389734883712027e-01 5.440361697350855064e-01 -1.958792290685447413e-01
-4.966417933289545353e-03 -7.897483886081926863e-03 -1.833561825753024510e-02 4.055885175639811248e-03 2.479964334146005089e-02 -8.003830776902024673e-04 9.031545398762858001e-03 1.914382454360612218e-02 1.470493741086419982e-02 1.044092039521848925e-02
-8.567808367292965854e-02 -5.500565402764032857e-02 2.170372458762725998e-01 -3.202928687541467534e-01 4.039451185198177363e-01 -1.554900256688568957e-03 -5.289632900306451974e-02 -1.186067743125300833e-01 2.146602162617295556e-02 8.987856083760227544e-02
3.595723434239715965e-01 -3.346358109896068744e-01 6.045224413888403703e-01 1.909715293488976895e-01 -3.294022986770021866e-02 -2.203916801826854566e-01 5.659639001130941649e-01 5.274671938079052991e-01 -4.776866068215923633e-01 4.163859320489851634e-01
-4.803367624309526351e-01 -2.760809212954476108e-02 5.303040020986490299e-01 6.711800122380777722e-01 4.956064555299596885e-01 -5.913703756174214510e-01 2.041414573069949834e-01 -1.539015553642814893e-01 3.563239478526021853e-01 -1.514843772498555285e-01
4.549459051408286103e-01 1.698322029458708415e-01 -4.989471179476859253e-01 7.118137928336216724e-01 1.999440356728938994e-01 5.881907714988560132e-02 7.968700835404270988e-01 -1.927812198962225165e-01 4.487534767246694756e-01 3.194237177497708524e-01
3.392277277217567444e-01 -5.958150388722163182e-01 3.581100901530758773e-01 -2.558639933639690889e-01 3.131463889125170041e-01 -1.995125043362993289e-01 -4.897853008059632751e-01 -1.960300902385342103e-01 -2.102714360213453759e-01 -7.322186739257691146e-01
-3.193902724351700695e-02 4.762961811159633491e-02 3.581738154435193389e-02 7.195493963295151833e-03 -1.999030113414428447e-02 5.536560968860514825e-02 2.832795788387626468e-02 -1.756829170592616104e-02 5.933770845058067289e-02 7.753223114580175268e-02
-6.181276868297526095e-01 1.570932321930029185e-01 -7.731155107188266706e-01 -6.467654928705033335e-01 -5.228515413429086350e-02 3.484862737018595280e-01 -4.836471104336701604e-02 5.138334999006878290e-01 1.005086961179671584e-01 2.256033090529677154e-01
8.404563686605268646e-01 -5.391435362937333498e-01 -7.758552129940177178e-01 4.786595089611551668e-01 5.956651055611206225e-01 3.164049542387343816e-01 1.122913165567219762e-01 6.707514287700809819e-01 8.116411278853501443e-01 -4.409005804004741957e-01
2.100211885095106413e-03 4.073076423255225786e-02 -6.388316265848106301e-01 -4.997733100040246401e-01 -6.067877886980779234e-01 2.995573380188892854e-01 -3.844629644094444965e-01 6.899437536623941325e-01 7.359303125875604756e-02 8.780014079492852452e-03
-7.259437210883623592e-02 4.367220301902159374e-01 -1.758820375639295330e-01 2.328299844892637097e-02 1.342425003868242817e-01 -9.502708037379622996e-02 -3.891707765978059119e-01 3.286081667963142716e-01 3.132130964540854046e-01 -4.414553999117187821e-02
3.250991279747014739e-02 -5.129985305841770760e-02 -3.850724976338140149e-01 5.023086225335039456e-01 -5.755567895530078193e-01 -1.666636155281382703e-02 2.831720833063618992e-01 1.903916688465958074e-01 -4.217611772064793207e-01 2.453886448456590319e-01
3.592982543493600800e-01 -1.177424040077560824e-01 -4.079959916066319137e-01 5.325687446637150657e-01 3.686476536124725922e-01 1.775355072041661653e-01 3.098916439617586671e-01 -1.065319749716580611e-01 -1.683558370684062333e-01 -2.512731642355715556e-01
9.659111013933821543e-02 6.018507365354549554e-01 -3.586179631961480818e-01 2.658479593978964051e-01 3.884791350841957369e-01 1.893932356339793066e-01 1.390452206121496614e-01 -2.003127251669902797e-01 3.536175297562808018e-01 -9.871394741160867403e-02
5.414302399816069977e-01 9.628721643832176269e-02 8.398324271739311397e-01 -9.078744979241464286e-01 -4.112116054619227579e-01 1.001765914726585882e-01 7.818656725282177034e-01 -8.035424245573846713e-01 -2.198807223591464077e-01 -8.361295410438982501e-01
-6.681811213323598508e-01 1.859333172671613910e-01 -1.292632542447215080e-02 -5.636773801370634218e-02 3.576968935145201089e-01 -1.589867266848655203e-01 -7.260086951960680324e-01 5.200708530969068155e-01 -7.120486976903430687e-01 -6.836167250825455621e-01
3.613319030264122017e-02 -1.830316373606471481e-01 -4.366539467136722891e-02 3.497619236236973461e-01 -6.384261414331702245e-01 5.861247977043279045e-01 -2.898070776542536753e-01 -3.099674291182434593e-02 2.796101590227589861e-01 -1.176865350013638623e-01
1.739542692783341005e-01 -6.338680628762842773e-01 -8.289340265092964843e-01 -7.959051931391018797e-02 -3.155599575819390545e-01 -8.123902027848438623e-01 -6.777178836937737261e-01 -7.329725770917803196e-01 8.740298844291635172e-01 -5.219141167355962896e-01
4.176236929477002424e-01 5.266357047311643891e-01 -5.768549774355628823e-02 -2.803243758862212220e-01 4.858709564215019650e-01 -3.613172265817634066e-01 5.807448319732185782e-01 3.903656429718422305e-01 1.710135211896240126e-01 1.552841963065481889e-01
-3.448157707392371929e-01 2.903840618297875986e-01 -3.568261503452958838e-02 1.611992979594441266e-02 -7.342228511820158010e-01 -2.822768435963908806e-01 3.550932562643321910e-01 -7.047695678841864320e-01 4.103535420231558817e-01 2.325116134824551165e-03
-2.050934872888100502e-01 5.279281906845576522e-01 6.613971208107589650e-01 -4.344203745277473716e-02 -2.981520491492719582e-01 -6.199473628205190989e-01 -2.738000604210230615e-01 -4.519746210421819455e-01 5.954429888168253360e-01 4.149465303063700206e-01
-3.827700860669847605e-01 -5.717997010666009405e-01 8.786881086435894828e-01 6.569323681629921641e-01 5.266979382518257591e-01 -1.412158100767569313e-01 -6.932802898913612566e-01 -7.961442545669983328e-02 -5.983298540012015332e-01 -6.601356691956735689e-01
-7.667356558623898699e-02 -1.092652177652572720e-01 -7.461608450189013420e-01 3.615594301842747771e-01 -4.154939854152250867e-01 -6.731512848076331990e-01 8.664718121440022625e-01 -1.498224086904371422e-01 -1.525105881530886553e-01 3.548533247320056483e-01
-1.704992306123986612e-01 6.642237663239369816e-01 -5.526154191227274914e-01 -7.320427409104046657e-01 2.500062018700356936e-01 1.431624618435851093e-01 -4.497457027096944671e-02 2.554434148462724763e-01 3.470361596639632840e-01 3.072881895048021339e-01
3.405738419549758644e-01 6.809507340083797988e-01 -2.365722546117697001e-01 3.966621593022144343e-01 -6.979528929984153418e-01 -6.430989949362029279e-01 1.132823053186937518e-01 2.248292173030323748e-01 -1.079222777299414099e-01 -4.730767018611274910e-01
-1.903151122836169509e-02 3.255664165705675628e-01 3.779053306767657383e-01 3.231559444613768539e-01 5.604832006091933216e-01 -3.252602477369558875e-01 -4.033173408111175307e-01 -8.624306577364759807e-02 -6.034559710352574990e-01 -6.898782201434441874e-02
-3.729449455577071304e-01 6.240628091270999933e-01 2.530312374567882938e-01 4.866860681850412873e-01 4.577110425766374169e-01 -4.519828690160511142e-01 4.043516120503729550e-01 -3.058529525979853947e-01 7.574779446785870896e-01 -4.399942256198706159e-01
3.974317289897857236e-03 5.764566638898481477e-02 -3.052056176229124909e-02 -6.399560144143942586e-02 -3.870279931351989361e-02 1.168864512743615636e-01 7.275268474040010036e-02 4.284127700409280648e-02 1.769853489864585405e-02 4.735514967004126469e-02
3.657336744665521389e-01 -1.593588524390129185e-02 9.822482151958102092e-02 -4.722160325390476476e-01 -7.011411654137712501e-01 4.231564286778770334e-02 -1.693175506881305636e-01 3.935725651228516586e-01 -1.508865591981364274e-01 -6.395686113525104188e-01
4.141541344569947269e-01 -5.983016413374996345e-01 -3.162936216903719511e-01 -7.598883160606063614e-01 -7.765767408320538301e-02 -7.631089943439646195e-01 -2.153460017514816360e-01 -6.833338222918206029e-01 -2.828210972830804207e-02 2.859272485189056634e-01
-4.450281437333337281e-02 -3.198573560049146058e-01 -1.780159485113780998e-02 -2.319205391903598201e-01 1.130641191829442893e-01 2.479831139963038777e-01 1.109935742719676266e-01 3.544963127557531068e-01 -8.622515365338734306e-02 1.731620897419664518e-01
1.615137418176236239e-01 3.036044002812763321e-01 -9.395136053933444975e-02 8.710910192111363803e-02 -1.066748414742630380e-01 3.757749500662093678e-01 -5.336299869411759156e-01 2.858654038090842620e-01 2.862874651577460711e-02 1.202817255864769147e-01
-4.308715843887014341e-01 -6.705934300970547990e-02 6.228936304313725802e-01 -7.356782974794155716e-02 -2.723666437439797861e-01 7.753111687623418513e-01 -3.342342918718768097e-01 -6.013835459618425139e-01 -4.278713383322294561e-01 5.410694045401751584e-01
6.085130995577773261e-01 -9.555035660954504240e-02 -2.668589802984590031e-01 7.052915210939217916e-01 -2.755559691271935452e-01 2.194036200738695361e-02 -8.045299152158045253e-01 1.453521205316344322e-01 -5.550286023070720720e-01 7.734755201114508205e-01
3.075719266862347867e-01 3.021320152204262088e-01 -1.414322385176289623e-02 2.110043432887437898e-01 -1.656722829663960228e-01 -7.401449040912634614e-02 7.820249519411739958e-02 1.499406489200136861e-01 1.607683340579912079e-01 2.521998772089274476e-01
-5.231726735026926978e-01 -8.654035945970666166e-01 1.427945442386043817e-01 6.122455401140216580e-01 -2.683065358314564719e-01 6.112976102204913387e-01 -8.559953338712469328e-01 -6.827930592304755353e-02 -7.051784462086094774e-01 6.462617162390188463e-01
-7.707339528922563243e-02 9.126775013920963853e-02 2.395796434318785695e-01 4.876242602066341303e-02 -3.231076596783501453e-01 -4.122177915680920735e-01 -4.095316519763996244e-01 4.730356051820572283e-02 -2.451902019778055275e-01 -2.019426583074080683e-01
2.419623967127031150e-01 -2.725740804209934587e-01 -4.756014131637818498e-01 -3.067594809222655150e-01 4.186748026470192841e-01 4.040017537226426869e-01 -1.992238814254999046e-01 -6.187298391103822626e-01 -5.631708534933057564e-01 5.432890400678654919e-01
3.729860684833127271e-01 -6.466804501391802962e-01 -5.076853088019680355e-02 -4.283201480803617844e-01 1.393706693783058059e-01 -3.829402809386896478e-01 -5.772953174004267218e-01 -7.271125367579735210e-02 -3.269097154575027059e-02 2.265757883172528075e-01
-1.788226946808551543e-01 -4.381190643002503826e-01 -1.276752689803296315e-01 1.538713802332294378e-01 1.394825605059177853e-01 3.117608959806508762e-01 3.862476087595054786e-01 3.355271320785668254e-01 2.455842247838232739e-01 -3.124508123249905914e-02
-8.984773888679181697e-01 4.500348866305751150e-01 1.020461141671237387e-01 7.608861800612053417e-01 -2.858516483123723639e-01 -3.304760131725725802e-01 -1.519034573468965588e-01 7.974458899511492893e-01 -5.499111580178342451e-02 1.470395982800786761e-01
-3.053590043381131935e-01 8.915130784026170652e-02 6.169765006894876169e-01 -4.338685122618188283e-01 2.233987016419412275e-01 8.714784143499016977e-01 2.165708406917777884e-01 -6.569468661301888432e-03 3.642981584470609269e-01 -4.440455386936141835e-01
3.190428947537096716e-02 2.531179392094164426e-01 -1.944069667963734815e-01 -3.337278731283103705e-01 4.004016432821926874e-01 -4.581632962946303178e-01 -2.277215829985231588e-01 3.212182257233794219e-02 -4.369471792293178752e-02 -2.914345853535092457e-01
-1.132749407760730645e-02 -3.184247814728328185e-01 1.409344030250148927e-01 2.516271070957122602e-02 -9.387651130619520390e-02 -1.575334267723207948e-01 -1.053809191880846763e-01 4.121184892577729048e-02 -3.781308403050014366e-01 1.609960598692056766e-01
-2.974108622101365729e-01 7.911137128309173594e-01 9.299312911446382390e-01 -6.386714372941580953e-01 -1.026316468121041964e-01 -2.889716614707283360e-01 -3.114518469058422112e-01 -2.052457767676061917e-01 6.857221767430830006e-01 -4.497804765594116683e-01
-3.639890103126620646e-01 -4.431070437538068285e-01 -4.757284908052563099e-01 2.906278954669648806e-01 -2.535028094699459111e-01 7.345830425103639927e-01 -2.172631838502441515e-01 -5.472151426921025852e-01 9.861603318821117459e-02 4.867227207159508517e-01
-5.213315561671443277e-01 4.562114598570481405e-01 5.470847358036835528e-01 -3.192386878081651669e-01 -1.746411108387649902e-01 3.082819638156730213e-01 -3.114557157355368755e-01 2.392290482381394245e-01 -5.912525730573628957e-01 -7.281582741107767154e-01
-2.832416715692876452e-01 -5.035419686989531796e-01 -7.190714586352894289e-01 -4.895910695361787579e-01 4.221944541380550642e-01 -6.029782444061436708e-01 5.944728063613525376e-02 -3.537206649657204105e-01 -4.029483072955335476e-01 1.850919587385666532e-01
-1.189972134979117302e-01 -1.048733238385086142e-01 -3.707300288916363096e-01 2.951559343862587559e-01 -2.182991970585575897e-03 -9.823078033558609035e-02 8.401731864715769604e-02 -1.233494658596667876e-01 1.747673269658195916e-01 -3.795738213884493062e-01
-3.226634808285102074e-01 1.940107319396099095e-01 1.762850014021564715e-01 -2.068711947201625490e-01 -6.510055995898433867e-01 6.087266037954466302e-01 -1.363827421367274917e-01 5.092211935159220992e-01 -2.032483721804001775e-01 -6.130643424725006341e-01
1.883684170126613544e-01 1.790998330770795510e-01 -1.324462361309564629e-01 3.687929674418815584e-01 1.215097154870218576e-01 3.929788935484041512e-01 1.121763339138877047e-01 3.529804249515809678e-02 -1.567373799980374405e-01 -3.875709134841801972e-03
-5.869449702574258687e-01 -2.944038232739498162e-01 -4.697806909608472359e-01 6.491537513700489370e-01 -4.832053235222002474e-01 7.481083113968907128e-01 -3.551448743631039906e-01 -4.847022690547486690e-01 4.898455950949256454e-01 5.753482265633077519e-01
-5.603266461882288052e-01 -8.386221774918586891e-02 3.770589566635537127e-01 -1.344048211294984361e-03 8.586889635472576554e-01 -2.743467714031968541e-01 -2.554296393987820490e-01 6.230763265413722385e-01 -2.651043355814461377e-01 4.371776330792719878e-01
-3.487705420571006742e-01 -1.587965584023394439e-01 1.871356295977966155e-01 -5.261702110883448302e-03 -2.065828684797424153e-01 -1.231151675598778084e-01 2.198339304742882860e-01 4.449857145761024202e-02 8.200608156207983557e-02 3.679950498237144658e-04
-1.916090271885955432e-01 3.031490481065637899e-01 -5.444499002563109660e-03 2.302414477930548320e-01 3.758939162622725871e-01 8.711304983561890536e-02 -3.589396313893437607e-01 -2.429468925484885855e-01 -1.227573786912678905e-01 -2.078238411835006405e-01
-3.348280613989988025e-02 -1.515365411556342801e-01 -2.630498562188466477e-02 -2.253665901029652252e-01 1.351555680007256177e-01 2.178591331201786274e-01 -1.303058139107021174e-01 -4.261296618672278380e-01 -3.818036546683752364e-01 -7.118262652110514122e-01
5.699641833410793446e-01 -1.951584516851625206e-01 -5.673159530696271213e-01 -6.193409130548314101e-01 1.583964567591771844e-01 8.413892742464118557e-02 -6.069417686405703671e-01 -7.443207137842744459e-02 -6.874847514882238553e-01 5.739363030885981098e-01
4.760491403563107404e-01 -6.688254032776400626e-01 3.856945257316709008e-01 5.995873420274546728e-01 6.476092449626691394e-01 -3.040909344361221733e-01 4.179344880840352716e-01 1.734316865456224654e-01 -6.124161470686469329e-03 5.040934908947054538e-01
4.682431191965408246e-01 -4.795795090354510459e-01 -4.617998331513016308e-01 1.951748724823258729e-01 -1.479211995101581134e-01 -4.554216265369976369e-01 5.683385877833714295e-01 4.691421437099368985e-01 -1.518824331197590194e-01 1.239169527110328822e-01
2.040860717966697102e-01 8.006973012902943720e-01 4.989023616191275434e-01 6.061326111190825650e-01 7.260794216539518953e-01 -8.130881617372569536e-01 1.720456288657194188e-01 8.194889799792578478e-01 3.093338008523822125e-01 -8.914015768355537661e-01
3.982824985868836376e-01 -2.340969585847614554e-01 6.403503311451795577e-02 2.011360669384253397e-01 -2.675502474695803379e-01 6.392551479519127389e-01 -8.839365717812559808e-02 2.537597506034953154e-01 1.653088855082464059e-01 3.717896978988489143e-01
4.886962340498397506e-01 -6.235125739556437452e-01 6.210865425846373578e-01 -3.821539789396568576e-01 -2.215973572168615235e-01 -1.647795642155680529e-01 5.803781270038185225e-01 -4.813999998462604735e-01 3.633188524566277611e-01 -2.789910855690833635e-01
6.836679905254762213e-01 -2.575324687967128767e-01 -7.152075107953548283e-01 9.032601218317783953e-01 9.094583002175936348e-02 9.337394987321139261e-01 7.006640102586766394e-01 -2.733967031728023467e-01 -9.490793911976569408e-02 7.950108630194132608e-01
-2.482404910060127257e-01 7.306727939990488932e-03 3.415520805682789162e-03 -6.236998001878529818e-01 -5.044494736724915995e-01 -2.724089926582511922e-01 2.907339849308347990e-01 -4.696113734020197494e-01 -3.571455855725045314e-01 1.586631998745517691e-01
6.202196760103301926e-02 -4.660888985147971370e-02 4.528237792698357189e-02 -3.881770528392557845e-02 -5.875275543143497481e-02 3.660992385683548705e-02 -3.491652942138730176e-02 4.272965013154506010e-04 4.039585342955218789e-02 1.199412554479099141e-01
-1.269970680666221707e-01 -6.305247632219503906e-01 3.030234848414351534e-01 4.230383859043083949e-02 4.919305402369089641e-01 -4.573626918380297446e-01 2.312498239065613748e-01 -4.111146501942797293e-01 7.473958266759977986e-01 4.526307615546908969e-01
-5.186785170076994023e-01 6.892259653258004937e-01 -1.041547429862283158e-01 -1.859470053277068602e-01 5.091364573087477918e-01 5.527076918148405849e-01 2.620009668804539338e-01 4.977900508547312142e-01 -5.005765018979558834e-01 -4.246156401371767863e-01
-7.540803441912047322e-02 -5.560720393777327519e-01 7.429497816410697564e-02 -7.214556105760746088e-03 2.199072186673244056e-01 1.982390214561183805e-01 1.984206426823818536e-01 5.020478607141150018e-01 -3.830535011864557582e-01 4.397510514678652505e-01
-7.153155809406015475e-01 4.083370298637916118e-01 4.714669517986968539e-01 7.690692921731625553e-01 1.500450811728969991e-01 6.192960083279176464e-01 -2.048426024428070258e-01 -1.064022094566881294e-01 7.441392598389270363e-01 8.792303548331532881e-02
-1.668875021549012239e-01 6.798920297678281432e-01 -6.055841748489337872e-01 2.151133379806449974e-01 3.209883101289823792e-01 4.249052523943915305e-01 4.311334743625773736e-01 1.287814013181792228e-01 -5.003255395147548912e-02 -1.768716404478984927e-01
3.985510787892919404e-02 -1.958566804867553288e-02 1.421120673187395433e-01 8.990109716148152186e-02 -6.383746975717902172e-02 5.950129564649792729e-02 5.140277141757904067e-02 4.748988687852057078e-02 4.618687559009793803e-02 -1.505286914372960805e-01
-5.025594250998576262e-01 5.966025439015647525e-01 -4.921006337066122227e-01 -2.936253399368469498e-03 5.803805454887766002e-01 -7.593790919789383809e-01 -8.071824357305859010e-01 2.677930776714597116e-01 -3.464462858489777974e-01 -7.118733954038667378e-01
-2.767002559581329124e-01 -2.717844538419863509e-01 9.685525146691001397e-02 1.763237935651765509e-01 2.173936276110713384e-01 -5.429921978724479015e-01 1.375796206640474140e-01 7.135261857386657747e-01 2.957541377076644551e-01 -9.969136043052331808e-02
-5.602288518811211482e-01 2.077844922196300792e-01 -8.390416378048399793e-01 -3.477577333752948641e-01 -6.890020258257382180e-01 7.425744556722067846e-02 -8.525394330874624949e-01 -5.228157071849501847e-01 8.104330039937041041e-01 7.062265051220674161e-01
1.412529909856973243e-01 1.208195769438881184e-01 6.300715486063158954e-02 -4.057822273688965198e-01 6.627022353390255027e-02 -1.856769252346632260e-01 -1.242811911142228665e-01 -1.911851857137969735e-01 2.771059883619655245e-02 1.334457066838462547e-02
1.113293727527156773e-01 -2.578906734231544706e-01 3.184463933860832707e-01 4.730801521807282972e-01 -5.437044973698279549e-01 2.037228137505164849e-01 2.799787052753362482e-01 3.461454088102602911e-02 -5.554299895538385989e-01 -6.483049330747210348e-01
4.578556856555400789e-01 -2.395279554588935766e-01 3.752973509587003709e-01 -1.070650729270417045e-02 -2.885265172398213673e-01 -4.408418174663203959e-01 2.471982015454023685e-01 -5.719625521740175911e-01 -2.604388523741721362e-01 5.480441428356894740e-01
7.012138378923447046e-01 -4.867846927238161925e-01 4.892649586240586657e-01 8.305840211613682023e-01 6.278386440955728842e-01 -2.861083278642222866e-02 5.331356242493417996e-01 7.007626352510127887e-01 6.037965793541467674e-01 1.048692736708310425e-01
9.263373189799789520e-02 1.303836635908664499e-01 4.662056989448640776e-01 -1.576842010161410568e-01 2.356184210993922945e-01 -2.205086401542412089e-01 1.127028753436126740e-01 2.987195487867156940e-01 -4.250579705794815255e-01 -4.072398546490930138e-01
-4.012943363229091731e-01 1.389275300063263496e-01 4.272883683665613663e-01 -6.356378887667091249e-01 6.226415876762629864e-01 -1.580004062330946923e-01 7.978186074074078427e-01 -6.088593193489985067e-01 8.003846795582507390e-02 -4.658855007211494537e-02
1.856907022626461679e-01 -2.932709077144130538e-01 -5.173078297082330801e-01 1.786904197258634003e-02 4.005072733740720065e-02 -8.311857026090435641e-02 5.002126498322152504e-01 5.310623360095703127e-01 -8.810563540031349228e-02 -7.227368848313372451e-01
3.356320581221838850e-01 -6.655928419423737807e-01 -5.131478811013080454e-01 2.273345874646672676e-02 1.765059583597868853e-01 3.195313728479202142e-01 -2.637728291476117426e-01 2.172217871847086090e-01 -3.256906610848394057e-01 -4.467612076327862614e-01
-7.186988169117491942e-02 4.612635049520533714e-01 4.159628267084899966e-01 2.400987724346302088e-01 -1.101546671296040614e-01 2.583792834992690302e-01 -4.099347802354637582e-01 2.411387713867949867e-01 -1.227656520747412786e-02 -5.674039537392246979e-01
2.827207356866648369e-01 -2.169267521206610094e-01 -1.918085943386347858e-01 5.073038793756886600e-01 4.499199257854861744e-01 4.855362461582933276e-01 7.818779330264528094e-01 -9.173649735998880284e-02 -3.558349755837556527e-01 3.566013364318032508e-01
-5.836899648722315703e-01 -2.892530622163914100e-01 -6.742225053758314768e-02 -7.624205982935132464e-02 2.938953980919763453e-01 -3.453334768787115205e-01 2.815080843139534592e-02 -2.200853232807688520e-01 -3.379543125457902253e-01 2.708508184187270462e-01
-2.511760766459758543e-01 -1.885074434366771634e-01 -4.506902036004246659e-01 5.605717391726404708e-01 2.985351119536646114e-01 4.675439617382650681e-01 -3.515448543541297433e-01 -4.102641596104429633e-02 5.670216286197353635e-03 1.006920805153211675e-02
2.615994672867877902e-01 2.406428836349621125e-01 2.116544595354842573e-01 -2.687327952891092053e-01 -4.296700440685100042e-01 -2.859353015090852490e-01 2.693369771800933621e-01 -3.921682337244590255e-01 4.269253176527232352e-01 7.311824210397177559e-02
-7.186077685561945670e-03 5.492870973517418598e-01 -4.531753160143249803e-01 4.904352618935874930e-01 6.740517666626000270e-01 1.864782417192544506e-01 3.078201585932309747e-01 2.815901378605245031e-01 -4.833196392644975026e-01 -6.693643915525770982e-01
3.450362088365700464e-01 -4.565140070364300251e-01 -5.282438403663582971e-01 -2.872558317428852148e-01 5.697473422282569588e-01 -8.570417289307034892e-02 1.273911175368121380e-02 6.294022286378974096e-01 3.195741571439092432e-01 -2.990854335611565218e-01
-1.197911119537370811e-01 3.574414888328301121e-01 -3.356867521339381710e-01 2.247939696645648855e-01 -6.054215485469152114e-01 -1.507540226524705929e-01 3.412872872578053829e-01 -3.166698050825810240e-01 7.876013307440097311e-01 5.705428073608332928e-01
-1.386012187686337660e-01 1.342396552487513939e-01 3.854009585900677326e-01 2.993917650047863699e-01 7.708422740117749916e-02 5.782169031240069756e-01 2.409351515573878721e-01 -5.858137595125254699e-02 1.766628969924821102e-01 3.911327394544926173e-01
