6.333726823726777422e-01 -8.098578315264516325e-01 -1.151313380403190811e-01 -6.237370744110131149e-01 3.270842353109120748e-01 -4.565481991655308547e-01 3.480653224238355326e-01 5.950640226051541193e-01 8.034928792932238828e-01 7.129115833245582845e-01
1.492999059794555272e-01 1.215313605054345603e-01 -3.978123528183195590e-01 4.068716710388146640e-01 4.021821875231739174e-01 -1.122509768328767005e-01 -2.517431976104009816e-01 -4.347713993223899509e-01 5.212343409712189013e-01 -2.712810323041978111e-01
2.882962477888011410e-01 4.491391740651766717e-01 -1.929758548980153865e-02 6.713233836526389942e-01 -5.861069686525985922e-01 -3.003334211098558915e-01 5.716972911412925296e-01 2.471800754956486879e-01 6.920428552691060275e-01 -2.718370150258743734e-01
1.522741374013398263e-01 -3.097972930856005003e-01 -1.123325953042563913e-01 -1.134156535329694515e-01 -2.509655501743373596e-01 -3.055596815986847403e-01 3.561183787958069891e-01 -3.188544301363044897e-01 2.409825526163502096e-01 -1.646174098668029273e-01
4.981587997882384357e-03 -6.263250383054708333e-03 4.453795378878487587e-02 -1.910261754091435379e-02 4.809435114234381775e-02 7.396486553010971944e-03 1.993145001985704989e-02 4.281835210096350541e-02 -5.130939297601021243e-03 2.435283465689855667e-02
-4.458966394858188687e-01 -7.488181457452142142e-01 -4.090007330107370276e-02 -7.939568631565304679e-01 7.030291406092216144e-01 -6.938159797569501963e-01 5.538976976078897607e-01 7.111894608875320989e-01 6.757193806336931896e-01 2.294805575764500560e-01
-5.381824498187841137e-03 1.178736779479176155e-01 4.132309983688853966e-02 9.754617319146586044e-03 -1.214213270479540599e-02 2.755011686257235332e-02 5.882884587951107969e-02 1.328032526577688395e-03 3.461341272762120946e-02 -1.204553941427787857e-02
-5.392517464397813542e-01 6.871355003847502418e-01 7.201523008382608448e-02 6.921436062089534325e-01 2.282202614142365138e-01 -3.265924943841077566e-01 -3.863693803412953653e-01 3.228827659381034998e-01 -6.084678776852439075e-01 5.664147149784134472e-01
-6.903185725332457168e-02 5.936057499587176212e-01 5.542135276868584981e-01 -5.633020733280964532e-01 -2.805765142843693605e-01 3.711110634668804420e-01 -4.278708545704069111e-01 7.198435448916763457e-01 5.194422459725278607e-01 -1.896340570616524279e-01
4.823714744610487631e-03 -1.544038746090271126e-03 -2.069231457278975037e-03 1.147625130357361918e-02 4.021246077020445425e-02 1.947160905670426712e-02 8.161609815651569080e-03 3.457866246685429440e-02 2.012435562067583020e-02 2.446699886988093833e-02
-4.833678687994296536e-02 5.304688967879730294e-02 1.313757086630788773e-01 -1.822478527388998459e-01 2.962938806285024262e-01 -2.352715820813929687e-02 -4.442277767878666933e-02 -4.306467064797240424e-02 3.767299819807123917e-02 6.427088926638573063e-02
3.440561300964866676e-01 -3.203974869954067661e-01 5.920516196955627475e-01 1.873537796601852656e-01 -3.495548899450722641e-02 -2.098410601586856161e-01 5.428080902599672353e-01 5.075991378034024892e-01 -4.553963116963339330e-01 4.091502636315588748e-01
-4.387920923994292344e-01 -4.008234647221839420e-02 4.640156252339717180e-01 6.065232737017612896e-01 4.744107086726756517e-01 -5.009904601705270633e-01 2.108411857645928478e-01 -1.377164856241718804e-01 3.264010757874940549e-01 -1.343854487234952266e-01
4.310988164487926655e-01 1.902339426054173721e-01 -4.690436940537479060e-01 6.545397822639450469e-01 1.796489898308811228e-01 5.299047533500082785e-02 7.488107896780372696e-01 -1.703124054055687175e-01 4.163098940446158802e-01 2.843457729583397375e-01
3.147500268746694085e-01 -5.544928687501815556e-01 3.515726777137676007e-01 -2.393599248623450582e-01 2.937945926896097792e-01 -1.848828492402945778e-01 -4.606698889119715812e-01 -1.698577729259089231e-01 -2.005900774591687918e-01 -6.937314794305532439e-01
-1.122757751881660500e-03 1.774230804158204861e-02 3.256739348721549021e-02 1.083342767428823426e-02 -7.388493314359420756e-03 4.058532568311294664e-02 4.882072874842551154e-03 -1.191628711917934284e-02 3.160429549321094184e-02 2.614586415773768879e-02
-5.138693330051339325e-01 1.320501643386637891e-01 -6.432470436261634728e-01 -5.610078754248561950e-01 -1.632462421390813018e-02 2.569808175902654757e-01 -4.377236677007568383e-02 4.329153283570135180e-01 1.065859870537197995e-01 2.355182060394770682e-01
8.304619013412404271e-01 -5.339193351086126693e-01 -7.695342913245959426e-01 4.705091288226690982e-01 5.945552518905971029e-01 3.147573000257367637e-01 1.118611433004586125e-01 6.654457434349816403e-01 8.044857978072912363e-01 -4.410958721806868543e-01
3.132955450645717559e-03 4.393221670516325034e-02 -6.035708527330245765e-01 -4.830937776148577778e-01 -5.861670034678275742e-01 2.903058603074981647e-01 -3.688579046689094421e-01 6.674252910707361153e-01 6.932913573905848115e-02 1.308361313488146625e-02
-6.444133931002460347e-02 3.358600112983540775e-01 -1.584009993285143414e-01 4.073288340143620123e-02 1.635170712420618289e-01 -1.119481877235264239e-01 -2.984213674314535325e-01 2.439561875635778698e-01 2.148037437269239847e-01 -1.995925275632587023e-02
1.479122570024703036e-02 -5.874747870584455522e-02 -2.809373781552791383e-01 4.080357516969592702e-01 -4.673637000295882138e-01 -2.899133062151444673e-02 2.177762462775328089e-01 1.731636861976626474e-01 -3.466579872272406160e-01 2.014525896892399859e-01
3.056348283239018193e-01 -9.918507121305376872e-02 -3.109857238383531008e-01 4.478390673414212042e-01 2.980672057123684993e-01 1.754675014944806766e-01 2.498572783402659425e-01 -9.193240914780990980e-02 -1.400441354903110280e-01 -2.303818423704059593e-01
7.382555141904073581e-02 4.972329175058627371e-01 -2.813903190416375266e-01 2.081298624837380207e-01 3.082452342760201303e-01 1.598177468267410195e-01 1.189598526505211834e-01 -1.205435717941567980e-01 2.919423904461340702e-01 -8.019173096406041756e-02
5.226897585745612362e-01 1.105362342552243943e-01 8.173703668540077683e-01 -8.848319196913145834e-01 -3.961891313250187618e-01 8.741091804090660167e-02 7.588035531386648769e-01 -7.737761328577109632e-01 -2.098051236458623459e-01 -8.102339011254526824e-01
-6.372509435016500134e-01 1.854018882894779563e-01 7.722125792170689111e-03 -6.662709134234580388e-02 3.415122699168122167e-01 -1.439328365681775690e-01 -6.966541443291827118e-01 4.799673193316313369e-01 -6.655351823346389306e-01 -6.292481627528029309e-01
1.660424999524927683e-02 -1.044901809793051806e-01 -2.000436115711105509e-02 2.863140731745783540e-01 -5.434467190647757073e-01 4.818399044111562612e-01 -2.328075235980344437e-01 -2.685824381621519999e-02 2.501849006015388621e-01 -1.194151078957020190e-01
1.717372908579235524e-01 -6.262993441617237256e-01 -8.141626171210856189e-01 -8.153149664939400576e-02 -3.106321435507279349e-01 -8.002218637595386319e-01 -6.685931510766103258e-01 -7.259692812424044517e-01 8.655349134747750695e-01 -5.174487530193738749e-01
3.812410204388222978e-01 4.883117170936999152e-01 -4.229137101386035158e-02 -2.748251691793762719e-01 4.503453766168596939e-01 -3.087133351591073160e-01 5.325915698809502441e-01 3.648588562557101289e-01 1.613804932363958611e-01 1.442537484269744708e-01
-3.243497557423416500e-01 2.853417518132251862e-01 -3.242751812311401444e-02 2.877370626262574366e-02 -6.997841647994603731e-01 -2.563120729283623889e-01 3.331212120671013244e-01 -6.671312685117863905e-01 3.942944120597408064e-01 1.918970626693158616e-03
-1.815742001274824879e-01 4.865674497390295450e-01 6.184153123674366315e-01 -5.675687951229891476e-02 -2.478780115359181246e-01 -5.513854650407031821e-01 -2.601581089955540826e-01 -4.236561134254516192e-01 5.361714778733255304e-01 3.770844525626030341e-01
-3.795591209389772014e-01 -5.538029868478310247e-01 8.711410334999045713e-01 6.498209171802394879e-01 5.166591608762671761e-01 -1.412225704241201474e-01 -6.814576209285356789e-01 -8.135475675265578521e-02 -5.847838433222991572e-01 -6.624232298922615447e-01
-6.724615578600928734e-02 -1.099015931060365742e-01 -6.999052145438356964e-01 3.385786184958701206e-01 -3.856200453824911722e-01 -6.030496136784873062e-01 8.102699484375406325e-01 -1.496517484842992407e-01 -1.347460054917077044e-01 3.501554992070702865e-01
-1.525954842486234864e-01 6.190604259401728537e-01 -5.033096946759864077e-01 -6.777813688699090289e-01 2.466047328367418356e-01 1.330763179301516774e-01 -4.245237564440716010e-02 2.458866666473888130e-01 3.192872312388530531e-01 2.654221804799953843e-01
3.183244443171436844e-01 6.510187267075917550e-01 -2.245269205431141279e-01 3.671323963977279337e-01 -6.504661242108801256e-01 -5.973117251806540073e-01 1.089464247671548675e-01 2.048623360690328410e-01 -1.123847988656757474e-01 -4.513723055261037453e-01
-3.037799245778000090e-02 3.128587686316784411e-01 3.566603890889394890e-01 3.163250815654375936e-01 5.225193432859391862e-01 -2.910371975492905272e-01 -3.774203646039429594e-01 -5.963469585632816955e-02 -5.698132989694836281e-01 -6.033796769767333507e-02
-3.566697314927495532e-01 6.014461089534175464e-01 2.646361466502925586e-01 4.447886893345609494e-01 4.226989843945374581e-01 -4.489546712842458209e-01 3.717556099131740788e-01 -2.792556154355406717e-01 7.296313494636152974e-01 -4.291645297947928595e-01
4.136687883812013855e-02 8.908256123590647946e-03 2.593043895121328879e-02 -9.960773273144795867e-03 2.251270466855013943e-03 9.877996761927002826e-04 5.847110698402976058e-03 1.041549169317411982e-01 -1.802754028245736424e-03 7.597367573976228361e-03
2.762911209804890245e-01 -1.428780242503399980e-02 4.310212393749562887e-02 -3.381863989131524417e-01 -5.114679844219347515e-01 -7.984375814148817960e-03 -1.277869590326202176e-01 2.489710829338519782e-01 -1.502364191561836593e-01 -4.975860228766550986e-01
3.878438408345991073e-01 -5.558767468435049652e-01 -2.908574414063495039e-01 -7.107735669169458204e-01 -6.954191410071944301e-02 -7.088133239678553466e-01 -2.024604015373813737e-01 -6.389629902533475736e-01 -2.357931570130552060e-02 2.940835210826336921e-01
7.550327209072006142e-03 -1.682032728552278200e-01 7.879196290767501859e-03 -7.777197195003804353e-02 1.446308582066987980e-01 8.281294343598043228e-02 8.611723089301788481e-02 1.938330863035543083e-01 -5.520157494573248169e-02 1.224306705158758057e-01
1.305753997931554666e-01 2.607233533307419804e-01 -5.444736988682818274e-02 8.226840814226692167e-02 -6.784930223089691292e-02 2.500134030023231646e-01 -3.857884602949629427e-01 2.205517566700538612e-01 9.313468099957292537e-03 8.027849963439463721e-02
-4.042336943422145112e-01 -4.542300984442133871e-02 5.891200324790943910e-01 -5.210128378188869785e-02 -2.582065410262866512e-01 7.300203067103019361e-01 -3.245502362111693517e-01 -5.386919055047579841e-01 -4.130979957840757444e-01 5.370936779786215087e-01
5.828520375881324211e-01 -7.932714843896604417e-02 -2.604917483465835626e-01 6.654719535061097702e-01 -2.625612801991190626e-01 2.418717541740706897e-02 -7.782351790369100852e-01 1.491690115866592947e-01 -5.365657876857173880e-01 7.445828134368870366e-01
2.694512399888096543e-01 2.036893607774663828e-01 -3.038231056389825713e-03 1.360734230659889354e-01 -9.843215315109758723e-02 -7.627023427097205828e-03 5.126959444509930630e-02 7.395598486778844072e-02 1.338146108576210580e-01 1.724127051902819008e-01
-5.184722379369123280e-01 -8.508809645720912807e-01 1.514620743701962091e-01 6.036115326211727306e-01 -2.732444573148045119e-01 5.921704053947688395e-01 -8.420104950300706381e-01 -6.877115182626172829e-02 -6.888237197201292350e-01 6.401926862558533493e-01
-3.945219712812095963e-02 6.067177027640085346e-02 1.363619184748851576e-01 -6.740762383974473713e-03 -1.749581837370360327e-01 -1.659521486073793628e-01 -2.199711278047137286e-01 5.841316054518691514e-02 -1.554694983732863578e-01 -1.210367654481341315e-01
2.079329280885618692e-01 -2.434866568212600557e-01 -4.469924200199471009e-01 -2.994326591147298822e-01 4.288662492068879284e-01 3.714564101105742866e-01 -2.022483526389043662e-01 -5.597327320611212853e-01 -5.306342011126633507e-01 5.091282183208079015e-01
3.026200716750004349e-01 -5.467746855403978756e-01 -2.860781348203728786e-02 -3.654195287925466884e-01 9.993199904737042061e-02 -3.169778896795314993e-01 -4.609698474767212062e-01 -7.018204433841300494e-02 6.570592937043961621e-03 1.945879725048774989e-01
-1.456157534004031140e-01 -3.532190078902250896e-01 -9.682870410967962804e-02 1.131434440702237532e-01 1.415047278611202553e-01 2.688859012593796671e-01 3.047678762253410167e-01 2.688870553846979816e-01 1.789665258745458121e-01 1.959516547277471640e-02
-8.654162561307401358e-01 4.480904371765276895e-01 9.075781519595589597e-02 7.385980178713724698e-01 -2.718792735636722524e-01 -3.205869095628797738e-01 -1.530315129777182204e-01 7.707545022839050741e-01 -5.117351083891394370e-02 1.424330969696579741e-01
-2.617578605807442949e-01 8.611046112240626493e-02 5.763859841269627360e-01 -4.104287559071967961e-01 2.040477255370980458e-01 8.218858121801098093e-01 1.982834918963025661e-01 -8.570543093187438580e-03 3.434878344147963558e-01 -4.206540148059569884e-01
1.724455786460068335e-02 1.865570760384359650e-01 -1.086011069747290642e-01 -2.384672568988177310e-01 2.722214585337343618e-01 -3.245731445099780954e-01 -1.066466411487546756e-01 2.066000649795651095e-02 -3.445265609224603537e-02 -2.077195230284667182e-01
5.508576382374499869e-02 -1.126899115278666846e-01 1.462489054084187279e-01 -1.297132159579587364e-02 -5.972875606741637894e-02 -8.220575910879272807e-02 -6.278118802666482479e-02 3.988032041946786704e-02 -2.287333413715567365e-01 8.750604692815745766e-02
-2.886648882019445250e-01 7.749705673217403001e-01 9.219568339038908267e-01 -6.245896920450041412e-01 -1.056634510200323979e-01 -2.758706581687323522e-01 -3.101360918520306709e-01 -2.165292245322902320e-01 6.848764796027415613e-01 -4.258545110450051574e-01
-3.451170923351923325e-01 -4.385128016403153639e-01 -4.490725929994520138e-01 2.771674904514989657e-01 -2.336686130813870055e-01 7.232718677592222534e-01 -2.157658076150173743e-01 -5.184634601516362462e-01 7.634380344256402884e-02 4.472794482183787279e-01
-5.082599992920667775e-01 4.425866692558848570e-01 5.402057194862036615e-01 -3.210484040845781872e-01 -1.578446769049533238e-01 3.161512617485022214e-01 -3.199552234253238980e-01 2.320606577588582853e-01 -5.814702046167894434e-01 -7.147924739693329865e-01
-2.498516587462189520e-01 -4.659084136572959611e-01 -6.494056308610647310e-01 -4.212668773543946088e-01 3.924194621841514685e-01 -5.518752989516033658e-01 4.926674379150822181e-02 -3.275506417634929668e-01 -3.762156930760360840e-01 1.609497446701292911e-01
-1.330987674992551578e-02 -6.274857881144803307e-02 -2.835131971247407123e-01 2.091260270523187526e-01 1.914062612032249242e-02 -9.941692231175701389e-02 7.361537944820258084e-02 -5.370471163167925277e-02 1.275132685685021749e-01 -2.809725984593086645e-01
-2.828682423981234706e-01 1.699689995566794065e-01 1.955550611505883218e-01 -1.671221139268303513e-01 -6.007863900344007080e-01 5.719074994792993083e-01 -1.364257119972760446e-01 4.592930853753309228e-01 -1.834275363101755540e-01 -5.681915682935924083e-01
1.210023619600803235e-01 9.128863136735074213e-02 -2.684411874062879108e-02 1.822124720040509960e-01 1.474142850368587720e-01 1.287219953475463030e-01 6.328969915752814812e-02 -4.964815430851433550e-03 -6.663559002354642324e-02 1.407986327654845576e-02
-5.681047388841498069e-01 -2.845664245557565364e-01 -4.573539962933861891e-01 6.359140440490215207e-01 -4.801335185450071319e-01 7.054050023390550095e-01 -3.446869384410590209e-01 -4.694041315905376766e-01 4.847341570511728426e-01 5.615662627445715538e-01
-5.401633893499374617e-01 -7.985750629079250984e-02 3.632748031879645123e-01 -3.376879786662649683e-03 8.218937889752653270e-01 -2.674703118992382556e-01 -2.307481028956554214e-01 5.808798353314688079e-01 -2.565410843763541449e-01 4.246156739491716570e-01
-1.967124946099105542e-01 -9.674419432017644649e-02 1.055635701951591343e-01 2.215824419949495583e-02 -8.948279428820929415e-02 -6.617333350887880106e-02 1.112318052850073818e-01 1.204716535396921188e-02 3.938178356455879214e-02 3.695980918060101650e-02
-1.438181494468524779e-01 2.592424334190482349e-01 -6.855494430977654777e-03 1.313139283259283918e-01 2.599400319599171616e-01 5.581994768360755421e-02 -2.524481969288890348e-01 -1.732042622254917064e-01 -7.789143392860951864e-02 -1.455301307641517494e-01
4.706230906456820677e-03 -9.693135764019158995e-02 4.126039169314844879e-03 -2.025308450377228398e-01 1.297578550349642867e-01 1.328103483730767309e-01 -9.601676931318578467e-02 -3.414362477411066465e-01 -3.120381298256113545e-01 -6.325340723966411671e-01
5.360242178921321710e-01 -1.455697300477212797e-01 -5.407790215321456317e-01 -5.821201646586509071e-01 1.378411802552415855e-01 8.827066031485254760e-02 -5.406742116192218006e-01 -6.433594073781753742e-02 -6.451818574794095928e-01 5.297300085191960495e-01
4.668062643443660065e-01 -6.411022966736377171e-01 3.804835722289975908e-01 5.810527839765998737e-01 6.331479056928844829e-01 -2.997619047631754907e-01 4.050837164591049588e-01 1.668083103552918944e-01 -1.011358279199151694e-02 4.852582583771145597e-01
4.382494728998991285e-01 -4.577257273951956251e-01 -4.186413744881500310e-01 1.787636350150319797e-01 -1.431158554373576919e-01 -4.234025445702600532e-01 5.258012397181220932e-01 4.379894995698727089e-01 -1.325218187516117307e-01 1.165776079236045676e-01
2.046564558448421278e-01 7.949551280280389154e-01 5.070355755561737343e-01 6.006980993108819167e-01 7.218058858706846159e-01 -8.035796003303987689e-01 1.666352746233047133e-01 8.009508559155288365e-01 3.088043371559531791e-01 -8.745851074650297097e-01
3.326800210037796912e-01 -1.454537578354673510e-01 6.069111372594612058e-02 1.548868432452301658e-01 -2.144556983314757359e-01 4.684575933996747432e-01 -5.787783312521139339e-02 2.341781603182346294e-01 1.564710102752527032e-01 3.421524719325434449e-01
4.535746399528319817e-01 -5.711818100783991881e-01 5.779558924763465999e-01 -3.627022068351672957e-01 -1.931880448346122714e-01 -1.641047766371458161e-01 5.543653093716887081e-01 -4.599678456646027480e-01 3.347178455624928439e-01 -2.490007359666092934e-01
6.768172570724406700e-01 -2.548819273211057612e-01 -7.074995096510908743e-01 8.936763677242286485e-01 8.646957878108595119e-02 9.335449682525215342e-01 6.932878852260205838e-01 -2.710826348098800964e-01 -9.277540425719475736e-02 7.891039961220348564e-01
-2.217822969701110647e-01 5.220642755394061703e-03 4.265872554596895211e-02 -5.454077801510471835e-01 -4.453110822915714029e-01 -2.377414257232933759e-01 2.403695964846639666e-01 -4.188321739339954664e-01 -3.086364319858867500e-01 1.487779430212286258e-01
1.355538700277836295e-02 4.044199584637728218e-02 1.406166957107523631e-02 5.708295350173942656e-02 -3.973565164282940633e-03 5.507040327283909548e-02 5.133052075704851793e-05 1.674623219945387681e-02 1.363687711585624684e-02 1.669473160676361589e-02
-1.229007390719656784e-01 -6.077241765980520016e-01 2.857563766603768429e-01 3.073818894439388910e-02 4.845443049401186308e-01 -4.571957027324499157e-01 2.361631717383013140e-01 -3.981046824288857477e-01 7.202139288255090532e-01 4.422078776359376073e-01
-4.867795752764801920e-01 6.662322354467038465e-01 -1.055230965860159548e-01 -1.696840051533844429e-01 4.705604366027893448e-01 5.198620361667435352e-01 2.601435813164251765e-01 4.675872776211236204e-01 -4.744839689056070120e-01 -4.008372536017031362e-01
-7.316925550266888123e-02 -4.653978138299094125e-01 6.739312475912152822e-02 -4.224768100624148176e-02 1.884182548373518895e-01 1.795560166278380443e-01 1.389336808384453725e-01 4.455869264548837361e-01 -3.209351973452591600e-01 3.647805914362340363e-01
-6.816668852662541855e-01 3.939073466582710958e-01 4.511968625261532639e-01 7.263320022117771835e-01 1.329303305684708392e-01 5.936288187319064269e-01 -1.927767353213415136e-01 -9.310329195511987677e-02 7.103528583089274706e-01 9.235649534455546428e-02
-1.508944335602135645e-01 6.321902016365450461e-01 -5.679436891069784554e-01 1.946922222017760939e-01 3.086165026329117933e-01 4.132370608157971414e-01 4.048249655090319643e-01 1.176751274945742332e-01 -4.309891328075256961e-02 -1.596333710657540927e-01
2.397716857435448073e-02 -1.044709397551811005e-02 9.610721449482613477e-03 3.025836214597457663e-02 4.140980630395498657e-02 3.788625656685210008e-02 1.361421000811824898e-02 4.503717235748112835e-02 2.020832312807777781e-02 2.382449584558989433e-02
-4.922007465792627157e-01 5.949966685227878749e-01 -4.903412311492089115e-01 -4.665488089163015266e-03 5.717856311822105964e-01 -7.498314083059433033e-01 -8.015918368201288002e-01 2.639965473463498635e-01 -3.397955947483874972e-01 -7.048376994416786223e-01
-2.342216764114223304e-01 -2.108351795580532539e-01 9.142334820520900407e-02 1.468091115996028873e-01 1.643271293166826408e-01 -4.552239686457136281e-01 1.223149304751116051e-01 6.061314124587400265e-01 2.337091516260385027e-01 -8.812918827594873328e-02
-5.464057896825001981e-01 1.991616543802312012e-01 -8.149884061054528672e-01 -3.362408814256295231e-01 -6.762455566144484065e-01 7.821033003030171404e-02 -8.350118575857927716e-01 -5.084367714107914660e-01 7.978949952116474176e-01 6.909887091228158473e-01
5.148218295752107765e-02 7.712902043247579775e-02 8.294872103939421315e-02 -2.007203302802690326e-01 5.454169896246616189e-02 -8.538826042161672125e-02 -5.866271165462486753e-02 -6.620605127177438265e-02 1.912107224578048909e-02 -4.744069991160892140e-03
8.443603170988060735e-02 -2.164586031951766243e-01 2.962839747316469707e-01 4.440637789803021929e-01 -4.998146261985494943e-01 1.752604832711578686e-01 2.472362396983587562e-01 4.165643423398678741e-02 -5.138412754156040929e-01 -5.818897086566949817e-01
3.376818212607687886e-01 -1.752862722599238532e-01 3.162252465337039298e-01 -3.433108405657757378e-02 -2.557499122510165646e-01 -3.275660332648903661e-01 2.271584260206181149e-01 -3.954982509164533533e-01 -1.877489466212009517e-01 4.109361812155827853e-01
6.966188100407150197e-01 -4.813847721401645074e-01 4.784799204021156771e-01 8.243921511468196295e-01 6.153297933108937690e-01 -3.217092667854133670e-02 5.261143348737666869e-01 6.946005950833775699e-01 5.937060795940760638e-01 1.056229074855911110e-01
9.007937453477131429e-02 1.213002679720820987e-01 4.549625468459743693e-01 -1.488752678708377963e-01 1.969549914278130032e-01 -2.034702847150052230e-01 9.026288282872510504e-02 2.753409389948755503e-01 -3.807978318698169162e-01 -3.661896796555388911e-01
-3.646755024219908159e-01 1.330600601761854629e-01 3.904850025293756799e-01 -5.876404807943521602e-01 5.777873313727283078e-01 -1.316953422771330318e-01 7.299149104038087366e-01 -5.669222418840268451e-01 7.589882103274793457e-02 -4.132975365212829266e-02
1.672380196678970865e-01 -2.473029024762203043e-01 -4.530210499597945306e-01 1.965335909538761666e-02 4.497747988145842785e-02 -2.435830539851117915e-02 4.149454833891004224e-01 4.475236962943953678e-01 -4.555072032726006914e-02 -5.884819496317448273e-01
3.124487256955327252e-01 -6.259173768268947446e-01 -4.898461980350813372e-01 2.986673279712839454e-02 1.614508113010617862e-01 2.985293700673673500e-01 -2.655888058980373501e-01 2.063462149172810844e-01 -2.830350301762101783e-01 -4.113798009112049625e-01
-4.246199458769554791e-02 3.859730922801258846e-01 3.398279078333938941e-01 1.981344721786899576e-01 -7.396398556622854614e-02 2.254322441386030773e-01 -3.437136234732470763e-01 1.950349104597402239e-01 -3.544335639786246571e-03 -4.542705441358012575e-01
2.562764556920131276e-01 -1.897071652184310897e-01 -1.637088821698828023e-01 4.605903893713554353e-01 3.949201115855307531e-01 4.631196653633158911e-01 7.087520333102806935e-01 -9.144916907291464336e-02 -3.072296825210036331e-01 3.390199332964763945e-01
-5.242249908748979337e-01 -2.361463812340219848e-01 -5.317757854612294166e-02 -3.285877210960951728e-02 2.656330210405034586e-01 -2.842182281622854800e-01 1.183728696484950133e-02 -1.912175656028625992e-01 -2.932961515217479831e-01 2.448687252846729057e-01
-2.256542636766117049e-01 -1.209601665219755401e-01 -3.606100260220169162e-01 4.116713641011851554e-01 2.206277384956936427e-01 4.181206952904302776e-01 -2.439204020910933635e-01 2.289421781908622389e-02 -1.877211678667715586e-02 -2.218059803749318146e-02
2.331885278592084887e-01 2.381113886161197735e-01 1.855092599280427634e-01 -2.284012276174124390e-01 -3.864221686653275256e-01 -2.523713721980494484e-01 2.237553119718814765e-01 -3.401292335728463567e-01 3.778368285275147676e-01 6.959724749210285943e-02
-1.286908785939664497e-03 5.356502261353183192e-01 -4.432185373870161094e-01 4.782976885591827543e-01 6.524634288590636100e-01 1.788283305268913159e-01 3.170808064872300824e-01 2.758299871998655117e-01 -4.717449528335188047e-01 -6.503123619897521746e-01
3.037559091356455965e-01 -3.995739834022834502e-01 -4.444330473770115031e-01 -2.489979289251791628e-01 5.075359210060387261e-01 -7.141472165413242923e-02 2.257835080246529263e-02 5.554966960635573381e-01 2.812009342775484422e-01 -2.680910988609520595e-01
-8.136068282464334334e-02 3.099192960066491920e-01 -2.599629830533032870e-01 1.826774169261128067e-01 -5.226220774956965576e-01 -1.691330430288226216e-01 3.099720250946393918e-01 -2.746278211323725515e-01 6.832117409972713329e-01 4.659509534628153982e-01
-7.791382551141895485e-02 1.170034592801736661e-01 2.955825867677031038e-01 2.525137905011681783e-01 8.518142348869565950e-02 4.568341342336825761e-01 2.020044235012148914e-01 -8.990694738652847684e-02 1.149665560941018211e-01 3.262448209797262355e-01
