6.280974204562856933e-01 -7.907227550761695145e-01 -1.144456105320045408e-01 -6.186166761012467097e-01 3.209831460703718164e-01 -4.557715081813138447e-01 3.528782129419124614e-01 5.918742334853550613e-01 8.054759272536372583e-01 7.069572809585668027e-01
1.489167873191120650e-01 1.206424941093016401e-01 -3.855005345611041689e-01 4.049630026726236953e-01 3.948151663091563068e-01 -1.070011011327077627e-01 -2.524276650659291743e-01 -4.295438799282487174e-01 5.158651341053205330e-01 -2.689197666644614348e-01
2.778488166308472618e-01 4.412884938833290804e-01 -2.001129800913860682e-02 6.552774930321111357e-01 -5.666110079629673724e-01 -2.937881248957929792e-01 5.538202193133401341e-01 2.538513708191340590e-01 6.821904802199009188e-01 -2.664565725368080451e-01
1.848829965936457098e-01 -1.441987678407354867e-01 -2.071936379403545997e-02 -2.753637399078317366e-02 -1.197602216397965352e-01 -8.609223589942505139e-02 1.429870447232184649e-01 -1.156372607566226868e-01 1.039626850576941403e-01 -6.202790042565730494e-02
-7.177985675899739397e-03 -2.315836608913646438e-03 8.544736777974654141e-02 -5.430139173527883528e-03 7.726570509133220965e-02 2.878221637164427721e-02 1.153762247186401226e-02 6.670417466343821211e-02 1.699393606376350604e-02 4.185351936737263800e-02
-4.455954193871452529e-01 -7.467146615610793514e-01 -4.072227557382239460e-02 -7.939372131256363652e-01 7.014865111908418216e-01 -6.939194102246996065e-01 5.530552335096592387e-01 7.123315459564502072e-01 6.743071988908483361e-01 2.296976399851060890e-01
-4.921290706284674014e-03 1.639417427657334225e-01 9.303970137851608202e-02 1.654845109842039558e-02 -1.521050382633813182e-02 6.781964335642948899e-03 3.748213118813019384e-02 1.822989056169187216e-02 7.845080265269033237e-02 7.313888852400649357e-03
-5.348089398639065406e-01 6.800726002128154590e-01 8.283948807517749202e-02 6.851930111344668450e-01 2.255275197833865042e-01 -3.245036528983294977e-01 -3.837665041045314474e-01 3.200916475076134304e-01 -6.045742360409638305e-01 5.596119825494264566e-01
-6.976715013145630417e-02 5.906330353639616115e-01 5.494256662641824329e-01 -5.613018231588422502e-01 -2.799291970485162651e-01 3.677991403180584928e-01 -4.136919668368778669e-01 7.202958254918594427e-01 5.175309698273093950e-01 -1.895772139583333238e-01
5.274204739740561559e-03 -4.564634276674009797e-03 -1.091323520163529036e-02 3.402568565213623386e-02 1.097565115325829371e-01 6.468789751846650005e-02 1.328288718644131047e-02 4.535793630241976432e-02 3.700308380030717381e-02 8.967399687161273225e-03
-4.593067040933008875e-03 1.182722931511687586e-01 4.573979549895823560e-02 -3.931107915235111661e-02 1.916833445374623857e-01 2.754633266931260163e-02 -2.300401712343623159e-02 1.080833014036847693e-02 2.722297466702427310e-02 4.073182734889475159e-02
3.422647574389383052e-01 -3.188770284029711077e-01 5.955067304829912977e-01 1.864058414949260334e-01 -3.493784826394532445e-02 -2.090144337451631806e-01 5.402650023103402477e-01 5.067657507388706462e-01 -4.532631673192395461e-01 4.087002770832247611e-01
-4.213592825754591265e-01 -4.419400510271048049e-02 4.405197500917492626e-01 5.790003685484069740e-01 4.676402360353762444e-01 -4.546001679425074049e-01 2.075074126310076095e-01 -1.357482155291738490e-01 3.156858312949044620e-01 -1.273120128461021627e-01
4.145925681449016964e-01 2.024955247756183574e-01 -4.652200277642388748e-01 6.349668587935606290e-01 1.742890281126598107e-01 5.296307393240540923e-02 7.444008629164485802e-01 -1.598686695908993483e-01 4.120507509263781620e-01 2.895719046808086228e-01
3.108796218681453283e-01 -5.498633373936977486e-01 3.642435938670147699e-01 -2.359848181212339802e-01 2.923504839413343936e-01 -1.800486392081205589e-01 -4.541816322606436196e-01 -1.671455682018678501e-01 -2.016097308003016730e-01 -6.815928741189656304e-01
-1.643580913872900431e-04 1.555003268893308775e-02 6.326008652543746447e-02 1.712865776984237934e-02 1.525270915419263233e-02 5.234426797061422082e-02 4.821510039517429465e-03 8.082945285818982431e-03 1.468043375436937394e-02 4.234799145724892772e-02
-3.773619844109023513e-01 9.362902725039271012e-02 -5.183120238599315810e-01 -4.417044555284696528e-01 -1.509004818167232302e-02 1.841788608553976692e-01 -4.580942833940728626e-02 3.492263578831159565e-01 8.993282372333592789e-02 2.415582628917700703e-01
8.297674729851544084e-01 -5.337672720411712479e-01 -7.693720598924340681e-01 4.700892764601407037e-01 5.960068153834070515e-01 3.149311555214108216e-01 1.115673325873182270e-01 6.657051869528861632e-01 8.042207108006910188e-01 -4.411909262174888435e-01
1.319154573189914919e-03 4.148136559736431001e-02 -5.876910434121777049e-01 -4.763454083738921097e-01 -5.774747694289973365e-01 2.848398639726115733e-01 -3.635316828596023564e-01 6.723968084772914411e-01 6.690831370850219839e-02 1.282715360618891937e-02
-2.964601515578501809e-02 2.178505726149424504e-01 -1.256836002993441392e-01 6.050485640170804452e-02 1.889321874790602374e-01 -8.328839314798494597e-02 -1.766158625577303742e-01 1.145648586592577650e-01 1.279219983691861628e-01 6.201645277189310468e-02
-7.255222844158039017e-03 -5.473467806922217155e-02 -2.292318882813009773e-01 3.533464809364929016e-01 -3.955246930182290122e-01 -2.643717517238580034e-02 1.676301679922357624e-01 2.107674042199775555e-01 -2.946923614832076543e-01 1.623330971648128396e-01
2.704021265475877733e-01 -9.018135651930740682e-02 -1.990828755413432960e-01 3.952522202961550324e-01 2.585543066257355860e-01 1.610462977968877274e-01 2.018617038817691056e-01 -9.022200384964845776e-02 -1.225134498099821473e-01 -2.122005880131999367e-01
5.492835948634150478e-02 4.002902378983472231e-01 -1.793340791213770546e-01 1.645594668759135792e-01 2.439744949747540692e-01 1.247898111687159445e-01 9.786764533938235866e-02 -3.403354591109201965e-02 2.349153659868561117e-01 -6.754195763961845511e-02
5.222546873662509137e-01 1.115889767350359135e-01 8.166424838334545022e-01 -8.842741619754057592e-01 -3.956939753369462798e-01 8.720107798198499516e-02 7.579953308529209233e-01 -7.725790106522212319e-01 -2.091108479935636366e-01 -8.073662477918313041e-01
-6.267358697190750227e-01 1.823788461166407637e-01 1.325551195847965089e-02 -6.648964457851802567e-02 3.358869462242713988e-01 -1.315725928763075425e-01 -6.816539490858157802e-01 4.604879459494878868e-01 -6.511459357765678746e-01 -5.961867825493563089e-01
1.072205625553049498e-02 -1.922786435246207418e-02 -1.655178009742004630e-02 2.406961062588127975e-01 -4.795486211115928543e-01 4.084389834947592113e-01 -2.016241178200052775e-01 -2.460349426068582715e-02 2.136072958433774538e-01 -1.154016571023051274e-01
1.707681535955229701e-01 -6.254422259241122495e-01 -8.072568371582601321e-01 -8.183447044366963519e-02 -3.100838201957173967e-01 -7.991793391284849335e-01 -6.671505614274506613e-01 -7.252957653722958975e-01 8.635775154884514082e-01 -5.173929964107792934e-01
3.677578157712690365e-01 4.725540036939619437e-01 -4.058213459577655891e-02 -2.680113025117873415e-01 4.402975146301953413e-01 -2.732639227720611852e-01 5.120896757259141285e-01 3.508357763620475467e-01 1.541494914520429305e-01 1.383323494107821239e-01
-3.188457117267990415e-01 2.924188004649481698e-01 -3.612075281651890707e-02 3.175079959415995356e-02 -6.891428070872831491e-01 -2.337680702938222943e-01 3.330244348269181254e-01 -6.513039846682342482e-01 3.844338499065909631e-01 -4.380040243296272779e-05
-1.700640218265556669e-01 4.724818405665880405e-01 6.105236564714586756e-01 -7.397990269727861001e-02 -2.030680628366869356e-01 -5.375384884543757957e-01 -2.577343389843470001e-01 -4.019267817733803150e-01 5.157403913935002526e-01 3.536585215686174899e-01
-3.802339184990971011e-01 -5.362047765020935275e-01 8.693396095408448820e-01 6.504506911855783002e-01 5.090296322921321615e-01 -1.410436884357472165e-01 -6.745775316958069201e-01 -8.365607484206569189e-02 -5.760756263953041856e-01 -6.630669666800663720e-01
-6.687369001237071509e-02 -1.097028747054019093e-01 -6.902457390670283521e-01 3.332078283441564648e-01 -3.807773400292652766e-01 -5.755492894696158102e-01 7.954969483425708976e-01 -1.530831039755276846e-01 -1.317269468624171491e-01 3.562986680035497011e-01
-1.494453442790225073e-01 6.056358404226078740e-01 -4.882737815157619510e-01 -6.682619005992861405e-01 2.552748990283715824e-01 1.322300606625722297e-01 -4.429570151591297883e-02 2.599328030182905258e-01 3.158822495786250406e-01 2.462859057096501436e-01
3.088575658954072489e-01 6.332466572715282904e-01 -2.220664566880022062e-01 3.519969560174933121e-01 -6.077541016069533120e-01 -5.775696452920309198e-01 1.101957221810824922e-01 1.916754472816064314e-01 -1.171722522782192993e-01 -4.398235819791863621e-01
-3.440876480506584872e-02 3.200121715272573608e-01 3.504557301752437848e-01 3.130461908487868206e-01 5.172501827390514340e-01 -2.777923627572811971e-01 -3.696620702482373844e-01 -5.280041070247846330e-02 -5.640586759482378865e-01 -6.215407049737375900e-02
-3.543275270515197639e-01 5.874523919314087461e-01 2.763680601084144706e-01 4.280337171509784877e-01 3.979938448890213420e-01 -4.540258088177138163e-01 3.549398853342923266e-01 -2.565750986922030741e-01 7.149771130141776565e-01 -4.217202461627957977e-01
1.041033416223065555e-01 5.348384855972728585e-02 2.933111453714266556e-02 1.146191116541230362e-02 -7.878912999960682034e-03 -1.819496785771949204e-02 -7.956868158416358777e-04 2.114465350556013479e-01 -1.198774416590567445e-02 -3.209803732071232849e-03
1.143036463649579337e-01 -3.205460938296974399e-02 -7.768501966539331782e-03 -1.429694602890425326e-01 -1.730392745974545232e-01 -1.147678020301111899e-02 -4.140737343842621626e-02 6.721874688327171554e-02 -1.031173052368807991e-01 -2.435846158718487364e-01
3.823475632979227989e-01 -5.486893274693718237e-01 -2.849011122388886985e-01 -7.030306746751414648e-01 -6.899414879300387604e-02 -6.919702069574155123e-01 -2.040930523836633204e-01 -6.344654574776333877e-01 -2.098154574331322075e-02 3.150318115783784512e-01
3.676305685497155418e-02 -6.447940209208199991e-02 -8.426559848555868065e-03 1.581482640580116018e-03 1.814353227940732061e-01 -1.277576428419612171e-02 6.439850194282044360e-02 4.716612275265804483e-02 -9.179616606667407100e-03 5.009602425804809966e-02
1.141602259530638819e-01 2.424177803009519849e-01 -2.937180223322269357e-02 1.305682357680291727e-01 -4.011222636622114451e-02 1.468341597464097037e-01 -2.557089730135845840e-01 1.699263531193812016e-01 -6.269562765126657569e-03 7.119466110385232194e-02
-3.785948958217277838e-01 -4.034781900331858157e-02 5.790994806737875811e-01 -5.127387520617870953e-02 -2.525355565936967528e-01 7.095104965174946487e-01 -3.177350061965981687e-01 -5.153745145472761191e-01 -4.077568368972708246e-01 5.449943551623879223e-01
5.803698500199494514e-01 -7.535974847017914979e-02 -2.596636765378713685e-01 6.618551764783717761e-01 -2.619432163902938315e-01 2.617169883118436458e-02 -7.756050782839556401e-01 1.503443320814795148e-01 -5.354940617136364489e-01 7.418639967122622192e-01
2.368019149470092788e-01 1.593532268051690570e-01 1.334939293327894183e-02 1.103344481191205206e-01 -6.753284127240692658e-02 9.981430084646343570e-02 4.942084852967031094e-02 4.586342829869097942e-02 1.082413119593974848e-01 1.292674339712789333e-01
-5.198638873398576665e-01 -8.461932516163765960e-01 1.558789678369299492e-01 6.036414831683859505e-01 -2.753828008271123617e-01 5.896339735517857061e-01 -8.403253545071174280e-01 -6.977172277110393894e-02 -6.876882413130825933e-01 6.391898266518930560e-01
5.613855939425273743e-03 2.395911691712756923e-04 1.571759747100628241e-02 -1.526051868864401750e-02 7.103362306101392021e-02 6.614635112228922642e-02 -6.159807006596947597e-03 3.700088766799303208e-02 -3.904453743903071872e-02 -1.356139310597664384e-02
1.981317915121790507e-01 -2.350544763981056440e-01 -4.370095838924512033e-01 -2.993917944416548682e-01 4.346880800037613568e-01 3.659863460016488101e-01 -2.095976141326577613e-01 -5.270517040197871816e-01 -5.150285977910247226e-01 4.886899379689129685e-01
2.759183326027453420e-01 -5.039672539211269564e-01 -2.062318170125754246e-02 -3.354284398983076176e-01 9.798390003469427401e-02 -2.892040105835891883e-01 -3.814375470935447709e-01 -6.194080563144937351e-02 9.013416447878223881e-03 1.761341006254253938e-01
-1.050781973087241972e-01 -2.702561440669574155e-01 -7.447228365041624887e-02 6.424113046604155997e-02 1.910118641656138594e-01 2.026467456648126941e-01 2.209423790500580076e-01 1.825601921990242515e-01 1.136723846556493833e-01 9.302429928636257728e-02
-8.559818082467742784e-01 4.488714183511892108e-01 8.837080727666010715e-02 7.403359170493579722e-01 -2.688914975299996346e-01 -3.179598491388645476e-01 -1.515054013679995870e-01 7.619821115069869144e-01 -5.128063647848667139e-02 1.400924060000929283e-01
-2.410807514994851575e-01 8.390379633514619129e-02 5.650986345964944535e-01 -4.027692997653896656e-01 1.992178661742317614e-01 8.061644725654574239e-01 1.950646740329650963e-01 -7.680249332021885783e-03 3.365386497174544522e-01 -4.146349233985114902e-01
8.418873506711671215e-03 1.086418384662665854e-01 -2.502548273286637689e-02 -8.300060137100596924e-02 9.934623819647757370e-02 -1.442099177807235899e-01 1.019893500227967015e-01 1.139391885118571333e-02 -1.194091871853441211e-03 -9.400641238720364168e-02
5.777856464725310282e-02 2.485302436149836383e-02 2.026570810309074877e-01 -1.697814064889854521e-02 -2.164810878656346985e-02 -3.998111002641386441e-02 9.070814014128028568e-03 3.118859961324558019e-02 -1.011984977179048312e-01 1.972447635061860480e-02
-2.850748596658522205e-01 7.618984002180063664e-01 9.133383507390241407e-01 -6.196532499701163932e-01 -1.046970382856027143e-01 -2.452378274348836484e-01 -3.178814216296477757e-01 -2.267684833850274473e-01 6.787892751971317251e-01 -3.963198932006191111e-01
-3.374718532097708001e-01 -4.367453372554462865e-01 -4.450780717633802674e-01 2.738924997663109151e-01 -2.331231533243335874e-01 7.290670874429656667e-01 -2.080414296386774720e-01 -5.147201087214006154e-01 7.483334727461306290e-02 4.376689367322517676e-01
-5.075735235747490526e-01 4.419336241990505787e-01 5.393687472674565386e-01 -3.210423906435508901e-01 -1.554906038125584700e-01 3.177196691896710945e-01 -3.198847315686213499e-01 2.311367693599737649e-01 -5.810000816006195556e-01 -7.117698266108443139e-01
-2.340794521816960128e-01 -4.525340131690069878e-01 -6.237169504737011261e-01 -3.827288033903028519e-01 3.782478868517992754e-01 -5.358791197076050450e-01 4.714071727041425908e-02 -3.165918715153739349e-01 -3.662199989845980053e-01 1.457800501340728305e-01
1.047887378839897771e-01 -3.885305176564386731e-02 -2.284530861523687562e-01 1.576436230720082710e-01 3.348069503418527743e-02 -9.317390078604458059e-02 6.496102198187839183e-02 1.514773189473422356e-02 8.961096686593113259e-02 -2.053314492449860584e-01
-2.535963252391384981e-01 1.633967638811768264e-01 1.975305682764934567e-01 -1.450530135828831668e-01 -5.744670738992443404e-01 5.612868153387082781e-01 -1.218689725316057237e-01 4.366027906910533440e-01 -1.755653059782530112e-01 -5.469591584184945177e-01
6.786201017325489693e-02 2.761267201757168846e-02 1.719267561618546131e-02 5.886514107913520810e-02 1.077224409253801363e-01 -1.790474072300508868e-02 1.608283687038334492e-03 3.127076333915478068e-02 5.205783297559241421e-03 5.319280627133827523e-03
-5.653443179562096521e-01 -2.821274624528418151e-01 -4.560238268959203589e-01 6.325943930065410781e-01 -4.840089539093541116e-01 6.905569830443684110e-01 -3.439486830403971074e-01 -4.550880891954309226e-01 4.822166454551872761e-01 5.614928068380649062e-01
-5.399070330182780264e-01 -7.971686924476575897e-02 3.621267419102381369e-01 -4.025279515223841552e-03 8.202569588363285424e-01 -2.675244033100424579e-01 -2.277207035395716062e-01 5.789851906132547077e-01 -2.556302817484211731e-01 4.227325085696295170e-01
-3.886332634771489519e-02 -2.498344475584845029e-02 3.267126986026833851e-02 6.055537276726094542e-02 1.616409591728740908e-02 7.177385251183768244e-02 2.228007951381022131e-02 -1.445836860104432464e-02 2.061111122179190829e-03 1.180064202776221483e-01
-8.869728099426102408e-02 2.310118728064277371e-01 -1.997657047701726848e-02 6.619052646316056498e-02 1.531109391338024150e-01 5.392730814506240672e-02 -1.251708337362635037e-01 -1.330422343598271773e-01 -4.044620013131917935e-02 -5.533470514200650170e-02
6.370539399946919916e-03 -6.846653817685505183e-02 1.594344040948490748e-02 -1.637940228458161229e-01 8.486696253443991311e-02 5.965794444244904016e-02 -8.173297762439450664e-02 -2.122303262994201523e-01 -2.664430478732720542e-01 -5.200013279876931627e-01
5.178402049680713715e-01 -1.010525002048742599e-01 -5.261892533956237239e-01 -5.595272467668722660e-01 1.224248966309580688e-01 8.621504173095059786e-02 -5.121831047210597676e-01 -6.813797205286963032e-02 -6.184181840995518487e-01 5.104941469145618527e-01
4.609908831943063667e-01 -6.362249700818677356e-01 3.782781759752766315e-01 5.747237400568359078e-01 6.291679007925270461e-01 -3.057007962789164424e-01 4.008927527363234100e-01 1.720330602154599431e-01 -1.274744131065183410e-02 4.826325728866600051e-01
4.188956502293038620e-01 -4.461396656012432960e-01 -3.764350331406249306e-01 1.653960925056056630e-01 -1.396373918791014856e-01 -4.134185709783901874e-01 5.023495768402569395e-01 4.220784682437072610e-01 -1.273740976442673534e-01 1.118138498096710870e-01
2.125820415414404752e-01 7.906207600467018981e-01 5.095673300195071587e-01 6.025118618485811872e-01 7.222737893186251812e-01 -8.031504300759133574e-01 1.674390876923820826e-01 7.928688551108132865e-01 3.089495359496274851e-01 -8.702827180595354983e-01
2.625109119843958005e-01 -1.125018224916372461e-01 5.106714031762808748e-02 1.324753001974776911e-01 -2.065365708073939044e-01 3.420599061924530226e-01 -2.991476976218877121e-02 2.467495038948288866e-01 1.371273896912195422e-01 3.484617217204304951e-01
4.321547260147698410e-01 -5.374328091797209161e-01 5.565442568522569466e-01 -3.541758872045325801e-01 -1.775259326467054088e-01 -1.607636990992591386e-01 5.566410950089060172e-01 -4.451662852595048570e-01 3.267151446905887657e-01 -2.322739500649287081e-01
6.766387347234890104e-01 -2.550036001543870556e-01 -7.074584532560286299e-01 8.932583712407800025e-01 8.626010642852723065e-02 9.341072077569158028e-01 6.929450204352914922e-01 -2.708447988666320971e-01 -9.290677505436950590e-02 7.890342439403916774e-01
-2.191868390583167348e-01 7.357833416798911612e-03 6.535028826609549923e-02 -5.207221880677262993e-01 -4.265094054252298039e-01 -2.378564934536190334e-01 2.159858641639612609e-01 -4.032908809681243212e-01 -2.950570036561008802e-01 1.428036364801078817e-01
-2.597519107334329098e-04 4.871304110902485718e-02 1.654395118851712670e-02 9.533627198950107851e-02 1.468880218804049847e-03 7.810441403751268441e-02 -6.845306564768708366e-04 4.766072226533755313e-02 1.060619833702757496e-02 1.481023032687859599e-02
-1.265511610759318117e-01 -6.034079283181270625e-01 2.757836775963785625e-01 3.312744327094320484e-02 4.916544381780645900e-01 -4.561318028543603353e-01 2.473542869213549156e-01 -3.983800488276501017e-01 7.145890185935548367e-01 4.417546375158032945e-01
-4.830424159769816095e-01 6.759192538301752595e-01 -1.035794678181203993e-01 -1.626349645233101937e-01 4.553539275930016395e-01 5.136077928339948251e-01 2.686423901696551320e-01 4.594183474583149462e-01 -4.625226751049470453e-01 -3.979593577451887576e-01
-6.387421268001514107e-02 -4.113164043947516446e-01 5.389466239854329155e-02 -5.832813732241252935e-02 1.506545112258061980e-01 1.814258757411432998e-01 1.126524936541795224e-01 4.070665497432728874e-01 -2.684543732479077183e-01 3.244321706792846483e-01
-6.774086798605100102e-01 3.952154602687478757e-01 4.481628712030876205e-01 7.199214380439752370e-01 1.306621114822169860e-01 5.890212759565870426e-01 -1.913523184005083699e-01 -8.453247227855667512e-02 7.054182270544337996e-01 9.197277200002330899e-02
-1.490417088270898083e-01 6.238640303928670861e-01 -5.614678611678985964e-01 1.914833714280983479e-01 3.062903527937901327e-01 4.263771734188959162e-01 3.999859032380689849e-01 1.154917167914703696e-01 -4.287698727030379159e-02 -1.581526702708246079e-01
9.781592076413289302e-03 -5.478788582873569783e-03 3.255401085673143013e-02 5.436650086061569492e-02 7.937023384466181108e-02 1.789570511303007275e-02 9.111141270425386629e-03 1.004163881716291923e-01 4.568495769855349109e-02 4.321235685367515178e-02
-4.907776804294098905e-01 5.994247110041696081e-01 -4.901158210041488550e-01 -5.617048020908445467e-03 5.723061052723352748e-01 -7.475783040227181875e-01 -7.993271929969069101e-01 2.622109389067276974e-01 -3.389500527051611534e-01 -7.029644874734519711e-01
-2.114214585127988655e-01 -1.543986297065425284e-01 8.020211477249780674e-02 1.385331800722410800e-01 1.405269819904623185e-01 -4.121447854112589293e-01 1.103542068834452577e-01 5.762798720181921963e-01 2.046974231326985916e-01 -8.218563653980433259e-02
-5.440049027457094510e-01 1.966835834637816471e-01 -8.093987966262308209e-01 -3.328602110170936212e-01 -6.752269338214409444e-01 7.874614027356895141e-02 -8.323583883854982490e-01 -5.071724616370548722e-01 8.003915005304764740e-01 6.869536414564337834e-01
4.404906619837336418e-02 2.482605942808915889e-02 7.759106982701084732e-02 -4.207793831480958341e-02 2.228451544096180653e-02 3.810952389981719229e-02 4.204287120592339888e-02 4.308155197714985674e-02 3.674512641928994665e-04 1.858352998701727835e-02
7.434902689613442917e-02 -2.029357309104821983e-01 2.924571053514004038e-01 4.331964266991490398e-01 -4.829993695847309976e-01 1.866551793349815469e-01 2.238675966833117148e-01 3.770427824665106148e-02 -4.937441413390123990e-01 -5.551215786912958583e-01
2.041925236979692804e-01 -1.082135262760450800e-01 2.066455768984787611e-01 -2.753603975874509627e-02 -1.918838133967575577e-01 -2.207523622016588638e-01 2.262236201016266934e-01 -2.306602751917305738e-01 -1.024327883691146385e-01 2.692864898830154563e-01
6.965861389095951983e-01 -4.799571312779082888e-01 4.768050615335819864e-01 8.245666242658516998e-01 6.134304525411651277e-01 -3.286248437866699096e-02 5.271074694535832217e-01 6.936988403710008244e-01 5.925118972803917750e-01 1.054213723238155570e-01
9.712348172895930720e-02 1.149805639173496902e-01 4.738275785721242639e-01 -1.431676682309602489e-01 1.858759891525735286e-01 -1.967472954915176486e-01 8.830545869276829052e-02 2.645904082490884157e-01 -3.720520480352687565e-01 -3.559160100979598118e-01
-3.568844332285268650e-01 1.337309259356799784e-01 3.852048433583595832e-01 -5.816049831757847954e-01 5.703598856773807180e-01 -1.207483213899115254e-01 7.210829428045276712e-01 -5.607881084509257485e-01 7.488309712052290679e-02 -4.131640213272060741e-02
1.541195976729532735e-01 -2.133256512819654838e-01 -4.071304956860614110e-01 1.200998581253311971e-02 5.085882728927890173e-02 3.319447980549301846e-02 3.719887281518119426e-01 3.753742697384581106e-01 -2.810421646606548959e-02 -4.788867972398153094e-01
3.043844417657476376e-01 -6.138924102060078214e-01 -4.681452462131915349e-01 3.029049688191832665e-02 1.540950036796442657e-01 2.915432274012462188e-01 -2.633614162651513046e-01 1.998629373424881117e-01 -2.633428758653482693e-01 -4.027282381688409574e-01
-3.651818595490981950e-02 3.791648290645674435e-01 3.164840599347744088e-01 1.806924838157387692e-01 -4.940206100053273763e-02 2.230231109541436219e-01 -3.218075383957831881e-01 1.830118396062531960e-01 -6.589788757566859790e-04 -4.138232034732609033e-01
2.500763075880167441e-01 -1.879794296519593511e-01 -1.562088570346363003e-01 4.514080511669750218e-01 3.865336298192599829e-01 4.693036822400755703e-01 6.905263276703672570e-01 -9.483370550879803573e-02 -2.886928141016869565e-01 3.426037488977480838e-01
-5.086815179676229537e-01 -2.095638200361713555e-01 -5.619928094615900260e-02 -7.183875630803881508e-03 2.658675070141608421e-01 -2.246808818205720260e-01 3.295284741685955161e-03 -1.825987123990215899e-01 -2.858072785330085797e-01 2.361577011294186956e-01
-1.355345170027100754e-01 -5.467515189105002366e-02 -2.036938211029417634e-01 1.829514692365899198e-01 1.569884564685504191e-01 2.266400704893646867e-01 -5.107511766608945764e-02 5.845700250876877807e-02 2.409374086087272444e-03 -3.443872664854454729e-02
2.095520364522721890e-01 2.432073869842223124e-01 1.704431482310025670e-01 -2.130786198572196533e-01 -3.639517032014015219e-01 -2.431282237639292576e-01 2.399796478027381996e-01 -3.073256684979003284e-01 3.484892776596855701e-01 6.472459689649674719e-02
-1.977246216186969390e-05 5.352828070948039141e-01 -4.410901747991468613e-01 4.749485594041155667e-01 6.461669134414661508e-01 1.768742766653373100e-01 3.234138239073987009e-01 2.757331090249856009e-01 -4.688934704827033562e-01 -6.461542450067069288e-01
2.797726367011415527e-01 -3.684055304299294065e-01 -3.852395083244837259e-01 -2.308903195466985581e-01 4.674274476214150265e-01 -4.069992708857399916e-02 2.081221331232704572e-02 5.134821652207999243e-01 2.600892311973576621e-01 -2.423197486333995565e-01
-6.536374037917129509e-02 2.960910476631110066e-01 -2.507687386245024963e-01 1.818298705513525515e-01 -5.113988284265853501e-01 -1.680173640279267466e-01 3.094523601623361264e-01 -2.796726927855016087e-01 6.665950213312822337e-01 4.493341555077274840e-01
-2.560024529703162129e-03 9.166077709779922589e-02 2.080871290832621012e-01 2.013942128103201334e-01 9.069087594152663856e-02 3.479345940785872893e-01 1.667958403407274470e-01 -1.093738388324441840e-01 8.461171273416234762e-02 2.474573057844427493e-01
