6.282544329526327243e-01 -7.918263690065228122e-01 -1.144889026333162779e-01 -6.187780051340479037e-01 3.212305987842797861e-01 -4.557234088279198403e-01 3.526508327018653688e-01 5.919359687830373362e-01 8.052339904241215818e-01 7.071062176707448854e-01
1.490355234141241270e-01 1.206072570943673150e-01 -3.860691875841775755e-01 4.046072753735257543e-01 3.949750977507489602e-01 -1.071819654653245607e-01 -2.523972327116841829e-01 -4.301703000117268472e-01 5.159190698950510967e-01 -2.688429931021525388e-01
2.780802490402761729e-01 4.413477933715156398e-01 -2.001013619261720472e-02 6.554573207040477190e-01 -5.667878007682592978e-01 -2.937259707576720946e-01 5.541131849405374066e-01 2.530002674025690346e-01 6.819856349945637719e-01 -2.660702090588695778e-01
1.734097521034910216e-01 -1.603550212434634581e-01 -3.301220035996288438e-02 -3.545975448624005127e-02 -1.314625366462348899e-01 -1.120774138028370753e-01 1.656313753653144705e-01 -1.339265171162096202e-01 1.207393312585839235e-01 -7.285351491505745458e-02
-5.349774581920178559e-03 -1.741350503753144900e-03 7.826806923574355923e-02 -6.374334957292769090e-03 8.256501262563382959e-02 2.846407271800240404e-02 1.231042099006132880e-02 6.162101197851441864e-02 1.468296676547858198e-02 4.057165551628030831e-02
-4.455970416824913682e-01 -7.467546157622657610e-01 -4.071930407963665621e-02 -7.939050777339159426e-01 7.015261170639275345e-01 -6.938821529130819732e-01 5.530641412756129860e-01 7.121398901245414859e-01 6.743274411904579546e-01 2.297102974947099752e-01
-4.845383050844681745e-03 1.672861687694294774e-01 8.002396230546061917e-02 9.336274745229586683e-03 -1.432244236904311151e-02 6.146496663050450907e-03 3.906607340543953588e-02 1.576160248299926514e-02 7.264244581597700812e-02 6.133467896745867752e-03
-5.348094387649496850e-01 6.800913752513367827e-01 8.252736289891740573e-02 6.852228013686166852e-01 2.255655450821487107e-01 -3.245039003607540495e-01 -3.837722751414835987e-01 3.201096862630001816e-01 -6.045825088959159155e-01 5.596276550129440919e-01
-6.982251152209030531e-02 5.907031484051709080e-01 5.496044039680667570e-01 -5.611970068748314278e-01 -2.795585946136720512e-01 3.685932115327867353e-01 -4.152000880444209341e-01 7.205249550840930883e-01 5.173720522590146143e-01 -1.896394984581340759e-01
9.026803363281989470e-03 -5.045180546910393513e-03 -7.539785496802197708e-03 2.937953877587360166e-02 9.649264853606548398e-02 5.468629271000461506e-02 1.820908029031967704e-02 4.065262033333422176e-02 2.963111327436235634e-02 1.358417989897631357e-02
-1.004942718830859755e-02 1.088490994100047432e-01 5.167721744310780491e-02 -5.200526234569696066e-02 2.036471118778105382e-01 2.482479991348828310e-02 -2.644140319529868915e-02 4.458102081709207354e-03 2.770380604277759493e-02 4.438043756672527262e-02
3.422653398267153091e-01 -3.188775709948672432e-01 5.954036217538962728e-01 1.864061586776954993e-01 -3.493790771317385746e-02 -2.090147893980569826e-01 5.402659216095871964e-01 5.067666130367630695e-01 -4.532639385786890740e-01 4.087009725157536577e-01
-4.214920447589909913e-01 -4.412813682087970979e-02 4.407284675060239021e-01 5.792394208476253636e-01 4.672473019079476098e-01 -4.557673430005594883e-01 2.075123998239480072e-01 -1.356958122551085721e-01 3.157406753134052169e-01 -1.274124919354636676e-01
4.146942946696749455e-01 2.021312094910238388e-01 -4.651742639042427685e-01 6.350911786128680125e-01 1.744653742981507050e-01 5.317240621801348766e-02 7.440263454095835671e-01 -1.599162654105529824e-01 4.119690885252736412e-01 2.889809512437243599e-01
3.105893192636515199e-01 -5.499378870246942608e-01 3.629524989405265578e-01 -2.359938257237574888e-01 2.917960920498371413e-01 -1.800862304095277311e-01 -4.541644768909371410e-01 -1.669905250339346336e-01 -2.013891034346235176e-01 -6.818150404356015937e-01
-2.454534805386146198e-03 1.190701781134473509e-02 5.414648864451394178e-02 1.955083196787968033e-02 1.052236334691184112e-02 4.682686162481489861e-02 4.556202555387003396e-03 8.783000365299012402e-03 1.681105821719514060e-02 4.904392353568036433e-02
-3.884864456461137316e-01 9.528238703489817774e-02 -5.270987880651231139e-01 -4.503812400120947301e-01 -1.368394426686023874e-02 1.886965240438391311e-01 -4.371448166728551799e-02 3.529271804443301352e-01 9.240788272232745848e-02 2.423383223384565632e-01
8.297674766016119863e-01 -5.337672743675418996e-01 -7.693720632456644282e-01 4.700892785089772485e-01 5.960015304549997062e-01 3.149311568940063588e-01 1.115673330735731661e-01 6.657051898542950541e-01 8.042207143058055507e-01 -4.411909281403747496e-01
1.330041928437725694e-03 4.154982335306955238e-02 -5.880757622386921790e-01 -4.763914552780821321e-01 -5.775239592061703897e-01 2.849003425149660984e-01 -3.635706952013544324e-01 6.717103564079179856e-01 6.695156278762690039e-02 1.281921177495498262e-02
-3.369457198985008339e-02 2.276351402979867045e-01 -1.292909983807940533e-01 6.099689818428444266e-02 1.872460631781442397e-01 -8.449898755104993942e-02 -1.869376708749865557e-01 1.245939807380501974e-01 1.341030871806780378e-01 5.553520679147116307e-02
-5.100369177763979314e-03 -5.360907516601060019e-02 -2.300571509823723659e-01 3.569431847085681175e-01 -3.998630812166917292e-01 -2.600202928498420926e-02 1.716982312922091802e-01 2.039949936634981864e-01 -2.982007764416967910e-01 1.674181176026632578e-01
2.722142160110178066e-01 -9.087728896041030735e-02 -2.098631481078931105e-01 3.975540612951266040e-01 2.610485347977936077e-01 1.622659310908861618e-01 2.042704851039183755e-01 -8.993359711324568073e-02 -1.235124884463149747e-01 -2.125053624615110270e-01
5.622267739255544516e-02 4.070842341944149734e-01 -1.900546641954524163e-01 1.672793217741204153e-01 2.480146577675974573e-01 1.268910477713317830e-01 9.944393765272721564e-02 -4.153988567334450377e-02 2.387157237200926707e-01 -6.862419182602533252e-02
5.222590045225871114e-01 1.115854898684841279e-01 8.166451035652627644e-01 -8.842755634228994799e-01 -3.956875666906191635e-01 8.720284507000633512e-02 7.579995548973429420e-01 -7.725767477559327689e-01 -2.091991854979740884e-01 -8.074736094288930133e-01
-6.267344818922774285e-01 1.824156478297613293e-01 1.309314581369222692e-02 -6.643421798565549152e-02 3.360556442375139397e-01 -1.324958868244633936e-01 -6.819731106924327158e-01 4.607878919852889665e-01 -6.512268206189905095e-01 -5.966460002049166489e-01
1.080756904874869903e-02 -2.479229228606472102e-02 -1.656188300159753407e-02 2.421299551907245551e-01 -4.815131186677915620e-01 4.110315310782747256e-01 -2.026193791949786049e-01 -2.454609158883085812e-02 2.149120101628768653e-01 -1.158154416236092665e-01
1.707837171624912997e-01 -6.254502706283067148e-01 -8.079137785756065337e-01 -8.181073798091484384e-02 -3.100809808516957200e-01 -7.991437923208718486e-01 -6.671845352827934228e-01 -7.253214976320633278e-01 8.636556890250099983e-01 -5.173520422774989802e-01
3.678026669937258242e-01 4.725682335179892113e-01 -4.058553233463312732e-02 -2.680388554367855170e-01 4.401961568531945201e-01 -2.741245249244526061e-01 5.122352780588381727e-01 3.509475169097072134e-01 1.542152990864399942e-01 1.383710305647270489e-01
-3.189236825853619672e-01 2.916481208816355530e-01 -3.595932157041238642e-02 3.174370279064885059e-02 -6.893697407638399444e-01 -2.353092384972900741e-01 3.321582468423963097e-01 -6.516386504142630542e-01 3.847430865875581807e-01 1.144560807049964271e-04
-1.709393838342130045e-01 4.737612529459122035e-01 6.115952726304603182e-01 -7.282310445670117649e-02 -2.081898934349437069e-01 -5.378565270414178423e-01 -2.581100155332802792e-01 -4.048157613423249979e-01 5.170232556597543772e-01 3.556426473786001297e-01
-3.801132282465733980e-01 -5.378633855849764833e-01 8.693482664257343728e-01 6.502911173048199212e-01 5.094084159314264948e-01 -1.410062579763969592e-01 -6.750222772002348881e-01 -8.357362246411223494e-02 -5.766252494585604182e-01 -6.630323867461778153e-01
-6.680769857945471901e-02 -1.096777069890104428e-01 -6.904906129123032921e-01 3.332551836650256005e-01 -3.807551145933975034e-01 -5.769055924860809759e-01 7.959453157459210892e-01 -1.528569541171973800e-01 -1.317420490134283417e-01 3.558295339514713773e-01
-1.491989719889902644e-01 6.060149406389733207e-01 -4.882272993863560617e-01 -6.684532705831467414e-01 2.554696293394772000e-01 1.323260443684664556e-01 -4.385753209315889495e-02 2.578483968345235966e-01 3.157411334650587764e-01 2.471270361356145973e-01
3.089538759358976816e-01 6.333394261541714920e-01 -2.221537334219549908e-01 3.522619506970312564e-01 -6.092375740191839917e-01 -5.777416612213460700e-01 1.096727634489801095e-01 1.920091366581796466e-01 -1.170426709857620290e-01 -4.400063689863447647e-01
-3.431727706340951395e-02 3.187755630860132361e-01 3.508522298274274198e-01 3.131434464116955030e-01 5.173432801441044671e-01 -2.779947071398768954e-01 -3.698410290189537153e-01 -5.291478477417461274e-02 -5.640353720585978836e-01 -6.195907357546549116e-02
-3.534609064683519875e-01 5.879608272045145911e-01 2.762004814155533117e-01 4.284074846294064209e-01 3.992662889417136207e-01 -4.529062743092968080e-01 3.552872530336976253e-01 -2.588883214133255728e-01 7.154927107301857214e-01 -4.225026651293897761e-01
1.052960950933160555e-01 4.565203907516289517e-02 3.483015373555786720e-02 9.597937209322615626e-03 -4.255953651880386296e-03 -1.389131148302743916e-02 5.219416423266512277e-04 1.885385844789268239e-01 -1.299868514672768496e-02 -3.860901700602068897e-03
1.264201825651638800e-01 -2.784434168671523838e-02 -9.011397704985735571e-03 -1.560490030933792127e-01 -1.984838446227379372e-01 -1.346956191371042472e-02 -5.114809748322481087e-02 8.329919552930230287e-02 -1.084285096965209028e-01 -2.625281313057048482e-01
3.825449643912592346e-01 -5.487043085860345837e-01 -2.850804292441285748e-01 -7.031467125043298072e-01 -6.882406276585498195e-02 -6.935440332807605301e-01 -2.038542542311974626e-01 -6.342714845290031711e-01 -2.093919101882818490e-02 3.140820533958939564e-01
3.107002042200787684e-02 -7.053431280519717461e-02 -6.976149904377018651e-03 -7.598281154356493648e-04 1.750670047373379390e-01 -6.263246810709928968e-03 6.788844335430409271e-02 5.564192747744012985e-02 -1.553760663242095656e-02 5.824450836631047540e-02
1.125239447317243485e-01 2.466731852186312690e-01 -3.148329495366437164e-02 1.224527609304214421e-01 -4.064108323422020025e-02 1.551782452570854010e-01 -2.671401326634770812e-01 1.752707518756632665e-01 -4.949739978690530402e-03 7.255510778519652648e-02
-3.809247134799879642e-01 -4.020009961253766945e-02 5.791837145058729153e-01 -5.086824490866774517e-02 -2.526696137932137876e-01 7.103718464264524579e-01 -3.181726748639686631e-01 -5.162152416200028737e-01 -4.077311847306611670e-01 5.444210153375249606e-01
5.803737623389846334e-01 -7.555126589886815291e-02 -2.596653577589275730e-01 6.618596514556510657e-01 -2.619449968934748352e-01 2.617188091096638372e-02 -7.756102777708838714e-01 1.503453614903067781e-01 -5.354976101845546621e-01 7.418690085274203261e-01
2.428306739577962836e-01 1.632618530125226897e-01 1.219267869114378303e-02 1.128007613018770922e-01 -6.992732330026986409e-02 8.589773702670712441e-02 4.767539064132205601e-02 4.768809954924720790e-02 1.116556294759566831e-01 1.330941463285343629e-01
-5.198314301878312893e-01 -8.462596139825392383e-01 1.553465112886787958e-01 6.036188297883599008e-01 -2.753277267584773869e-01 5.896626388113950235e-01 -8.403396560842943952e-01 -6.969603996497404641e-02 -6.876813344910547299e-01 6.391892747841562139e-01
5.701066981698714800e-03 5.625339754508205947e-03 2.540237377555559090e-02 -2.378830410467730819e-02 4.874673408846467992e-02 4.666144663874773058e-02 -2.702451131594591285e-02 3.484128608217240686e-02 -5.154746095022627594e-02 -2.469364498480427356e-02
1.988258821467469295e-01 -2.348834500777898793e-01 -4.369355437565254907e-01 -2.993800602004322853e-01 4.347625201738645195e-01 3.654567073570491598e-01 -2.088786158827502237e-01 -5.297969938241087196e-01 -5.156021833087195416e-01 4.898450195602530588e-01
2.766572987923208160e-01 -5.053788597058457288e-01 -2.062388261988160401e-02 -3.363983891618695377e-01 9.777256286915177175e-02 -2.901120421447035413e-01 -3.863886353902616921e-01 -6.232070180311252705e-02 9.154236648440904761e-03 1.767101873367995235e-01
-1.074705509404401960e-01 -2.765208886222017548e-01 -7.563641208062689414e-02 6.629348716099346672e-02 1.823549154972495534e-01 2.073313424209233258e-01 2.268587374849841687e-01 1.875997477435259464e-01 1.171024611287131700e-01 8.610347012972142944e-02
-8.559916433471044250e-01 4.488627298099575613e-01 8.840760425127300315e-02 7.401291998649301984e-01 -2.688836770690452016e-01 -3.179353853981449207e-01 -1.515041486514921432e-01 7.619928021423684195e-01 -5.127171317942921802e-02 1.401160858279426324e-01
-2.413132088874684333e-01 8.390874897691322221e-02 5.651090041741596570e-01 -4.027762405337860785e-01 1.992261928526856685e-01 8.061761830068808754e-01 1.950671889297256323e-01 -7.679079081343396541e-03 3.365436473362217185e-01 -4.146373912687331686e-01
3.580289078135292027e-03 1.119929895742932668e-01 -3.738825452214514233e-02 -9.621850926524942726e-02 1.181297628152971207e-01 -1.545576126575656795e-01 8.400571743828905147e-02 1.219752473677369539e-02 -5.441059075449254309e-03 -9.969415763101692474e-02
6.463317405200205701e-02 1.596303140604543591e-02 1.956445550194824412e-01 -1.708038985964159540e-02 -2.463071292183928451e-02 -4.097698789396685831e-02 2.760531139584744900e-03 3.053889794220178769e-02 -1.114981299978185375e-01 2.285216032851956208e-02
-2.852747631593979261e-01 7.632411720083384088e-01 9.144298723453876399e-01 -6.205372943450417900e-01 -1.044884893333255654e-01 -2.497381793396708238e-01 -3.176174577362823048e-01 -2.264411388242417444e-01 6.799288040337589933e-01 -3.981031400992177116e-01
-3.378521063431687566e-01 -4.366984715675777395e-01 -4.449392539373611677e-01 2.741000463202947768e-01 -2.328824571296164159e-01 7.282661773190461929e-01 -2.083695884193158543e-01 -5.145647263486864409e-01 7.493062570627456731e-02 4.380270224308110416e-01
-5.075767136547535419e-01 4.419390104364328553e-01 5.393814005305229697e-01 -3.210226175024046835e-01 -1.557057691119604348e-01 3.177603422253699739e-01 -3.198811243285234474e-01 2.311736976540582078e-01 -5.809865734317566366e-01 -7.118825786100867470e-01
-2.341746047640960449e-01 -4.524753383214475955e-01 -6.237204787119368099e-01 -3.843101997655775648e-01 3.784521968193797492e-01 -5.359467542539797513e-01 4.725763195410398465e-02 -3.166687081876006227e-01 -3.661956273166891429e-01 1.460213440202374480e-01
9.369382796592121143e-02 -4.017390093184017991e-02 -2.333928636331753514e-01 1.628523643214614958e-01 3.116386213505048519e-02 -9.290927517006766778e-02 6.510512410100136038e-02 7.971020250925648851e-03 9.348348692976811425e-02 -2.117347225437769265e-01
-2.547880904891708931e-01 1.631726148979130708e-01 1.973581026754550050e-01 -1.457817987159666373e-01 -5.748354179582715329e-01 5.610743580496281302e-01 -1.228731383020615908e-01 4.369628853985572103e-01 -1.761107575766177047e-01 -5.476437118447600172e-01
7.929576605923346899e-02 2.738563028660521634e-02 1.971210223678989543e-02 6.442162349509782115e-02 1.084057724888776719e-01 -5.674068962237413874e-03 8.159799984886875746e-03 1.923150759715276312e-02 -4.431034435319329556e-03 3.868716357546618523e-03
-5.656703101862764482e-01 -2.821817712433320469e-01 -4.563533118861931581e-01 6.323458872814402554e-01 -4.835944490865434764e-01 6.917377118713682327e-01 -3.441196412597439247e-01 -4.571172641874966525e-01 4.821542677237231067e-01 5.608663192338341208e-01
-5.398710884483347572e-01 -7.969979229276798194e-02 3.621455310672410666e-01 -4.034498156758327750e-03 8.202649887925490546e-01 -2.675088669704252520e-01 -2.276850659035016544e-01 5.788806095056562295e-01 -2.556424388382238511e-01 4.227860084003051688e-01
-4.951537135083255298e-02 -3.068458829644358371e-02 3.782518146081099986e-02 5.542208006593348640e-02 1.091938256593721207e-02 5.134259110504135748e-02 2.809437938045140568e-02 -1.285961156627287577e-02 4.358666980416744073e-03 1.178396695866387872e-01
-9.483651440835547120e-02 2.363655605765674350e-01 -1.842436777601434705e-02 7.131827520509136098e-02 1.653807764649536938e-01 4.602600194976603359e-02 -1.409196178097482655e-01 -1.369387805622652721e-01 -4.636138152957169911e-02 -6.635520828679188077e-02
1.094463226111413480e-02 -7.014410173986268537e-02 1.713404190305563290e-02 -1.675965345007290330e-01 9.288231516974171376e-02 6.834433547029439282e-02 -8.369045836135126371e-02 -2.329261232509344803e-01 -2.730830344062784576e-01 -5.362053769532203473e-01
5.186634295932357475e-01 -1.050234036334842386e-01 -5.269718937659089164e-01 -5.606738332350024168e-01 1.233290933625700442e-01 8.650939004534831389e-02 -5.134319744564753707e-01 -6.790396516148022865e-02 -6.201582126598175204e-01 5.112181705377361052e-01
4.612411809006514152e-01 -6.363441552246904553e-01 3.783500663581635393e-01 5.747603969933169354e-01 6.293470023645072464e-01 -3.054335333948932640e-01 4.009401837397846835e-01 1.717696014355138689e-01 -1.267209261936431616e-02 4.826204457332910480e-01
4.199269817550240202e-01 -4.466573361506958606e-01 -3.798340649283543646e-01 1.662859073886664985e-01 -1.395414240550184870e-01 -4.137095092278832986e-01 5.035492806006846012e-01 4.229499750454044360e-01 -1.275482284686171586e-01 1.121246259421166680e-01
2.125820415414404752e-01 7.906207600467018981e-01 5.095673300195071587e-01 6.025118618485811872e-01 7.222737893186251812e-01 -8.031504300759133574e-01 1.674390876923820826e-01 7.928688551108132865e-01 3.089495359496274851e-01 -8.702827180595354983e-01
2.728230511856654661e-01 -1.141676114514908469e-01 5.318979508942292544e-02 1.347092869039785701e-01 -2.031749736376027848e-01 3.542142611281100528e-01 -3.172471640202194354e-02 2.402499732509707220e-01 1.385219012681590256e-01 3.452304486689171670e-01
4.324308595897194962e-01 -5.392782609445301301e-01 5.566960069806355937e-01 -3.538935884340866922e-01 -1.770672202695516562e-01 -1.602442234088958806e-01 5.559715339525712618e-01 -4.459507012336350051e-01 3.266161902927041116e-01 -2.324034370539575511e-01
6.766387347234890104e-01 -2.550036001543870556e-01 -7.074584532560286299e-01 8.932583712407800025e-01 8.626010642852723065e-02 9.341072077569158028e-01 6.929450204352914922e-01 -2.708447988666320971e-01 -9.290677505436950590e-02 7.890342439403916774e-01
-2.185059656189538291e-01 7.001989559328224491e-03 6.332521848646555096e-02 -5.219739162053820269e-01 -4.268000328287172573e-01 -2.362346824340318674e-01 2.174153865572813760e-01 -4.061171935845993008e-01 -2.962333534650886668e-01 1.428542407912630485e-01
3.491975105005422787e-03 4.314172445298884717e-02 1.529537200596508585e-02 8.309058550239237229e-02 1.076125261175695479e-03 7.250498516941819571e-02 -2.708589147851647987e-03 4.573133164711630505e-02 1.153783639149862615e-02 1.795027159685862531e-02
-1.263744133645114953e-01 -6.033173784699469300e-01 2.758451118205968999e-01 3.303251615925224122e-02 4.913086384960337338e-01 -4.560890554811078412e-01 2.468655713578665478e-01 -3.980776870846576831e-01 7.146033579887918208e-01 4.417116798989937920e-01
-4.829172056264428026e-01 6.743106357398569450e-01 -1.037933451304100252e-01 -1.630155064509373197e-01 4.557705397727054297e-01 5.137840500427385271e-01 2.683893725222492588e-01 4.596582347261550239e-01 -4.630671756092054614e-01 -3.978408678507263652e-01
-6.529669253246743466e-02 -4.141234479625947040e-01 5.502772488625456287e-02 -5.763476235213915722e-02 1.545336321934644430e-01 1.774572385123851237e-01 1.129685995345238170e-01 4.090210678442525727e-01 -2.721732021805364221e-01 3.256846664925035495e-01
-6.774076912641807668e-01 3.952188335988630064e-01 4.481606668705830909e-01 7.199314773578098237e-01 1.306632174781721112e-01 5.890260128126905137e-01 -1.913516809604765279e-01 -8.459180960242905500e-02 7.054214550623176816e-01 9.197053816532888004e-02
-1.490474458462934249e-01 6.238915447047267415e-01 -5.614574713239340875e-01 1.914984419307726726e-01 3.063079561886533075e-01 4.258514326817143814e-01 4.000004936154176183e-01 1.154987329926939754e-01 -4.286990400345280089e-02 -1.581370177901013641e-01
1.116510753635250631e-02 -5.746387081467897902e-03 2.821126209239213298e-02 5.525924510478907870e-02 7.034952159518216563e-02 2.396092482520189443e-02 5.759953414146132267e-03 9.431135371410420687e-02 4.108382349857863519e-02 4.524018527275289192e-02
-4.907745872959856648e-01 5.992975767180811486e-01 -4.900934803954464236e-01 -5.607758346926296732e-03 5.723004206011714778e-01 -7.475755570291027219e-01 -7.993189104707297821e-01 2.622262198774505393e-01 -3.389336660214536390e-01 -7.029616313088624668e-01
-2.122032398845883627e-01 -1.581136853716194335e-01 8.038677775115025959e-02 1.388117916327789025e-01 1.413317672586879292e-01 -4.135836753004349942e-01 1.107376713293609510e-01 5.752791360578900504e-01 2.055323480426392291e-01 -8.241779547568740816e-02
-5.440253872689875259e-01 1.967742121556896040e-01 -8.097437781563187054e-01 -3.330835975735289001e-01 -6.752590148256647495e-01 7.873230803552878909e-02 -8.324195942817986804e-01 -5.071841482258911959e-01 8.002012600002471610e-01 6.870993786759219679e-01
4.938626165494146986e-02 2.863340358020284235e-02 7.844299339102982216e-02 -4.430949322251971634e-02 1.764335078832575052e-02 2.782279497168967455e-02 3.719354998438193644e-02 3.355884866635905350e-02 -1.829289874283302657e-03 1.381008074053811409e-02
7.473650223937304549e-02 -2.045707562402171442e-01 2.925883690033085904e-01 4.335829745818203795e-01 -4.832679312911275504e-01 1.856663385617396134e-01 2.247159663263387785e-01 3.717357172277787475e-02 -4.942910835818621895e-01 -5.557080872270696581e-01
2.136478664563716545e-01 -1.140894908144054892e-01 2.144249228320458112e-01 -2.778452574302114550e-02 -1.924422218196319423e-01 -2.273722915574920289e-01 2.278295526807666838e-01 -2.441008692404400271e-01 -1.112849026019511883e-01 2.815435283103250863e-01
6.965884942736059182e-01 -4.800232990308258008e-01 4.768124589118702961e-01 8.245659852667238665e-01 6.134342214685355454e-01 -3.286030821630218923e-02 5.271079614344176267e-01 6.936998768052081710e-01 5.925103881471169842e-01 1.054219346202521501e-01
9.675488532224553462e-02 1.150658243515397944e-01 4.730601806537985121e-01 -1.432682114865228562e-01 1.861333506840964769e-01 -1.967803017762959072e-01 8.841739438867927958e-02 2.648001496382977882e-01 -3.721365905163108168e-01 -3.559379499105099764e-01
-3.568859393170907834e-01 1.337314902937730976e-01 3.852064689619312254e-01 -5.816074376078987918e-01 5.703622926540408145e-01 -1.209032175875061205e-01 7.210859858478007034e-01 -5.607904750337135980e-01 7.488341313480006978e-02 -4.131657649213491684e-02
1.555095622091534624e-01 -2.151843978047055517e-01 -4.103510958381348939e-01 1.279325343401279021e-02 5.151788039136774577e-02 2.694060557129752606e-02 3.739060741132883559e-01 3.798146591455279220e-01 -2.808538114988396589e-02 -4.848914051094160294e-01
3.044719509855179362e-01 -6.140420904266209456e-01 -4.692109647676042661e-01 3.028932752488884203e-02 1.541876090766033935e-01 2.916126059705046458e-01 -2.633898250924229800e-01 1.999321040511868597e-01 -2.638596746055650866e-01 -4.027972096909178679e-01
-3.663709513526167832e-02 3.773285689678267940e-01 3.171913980319686077e-01 1.813116019210340157e-01 -5.157275180063798647e-02 2.233945181788077050e-01 -3.224148490504731845e-01 1.834714896431901832e-01 -6.032089836111790941e-04 -4.146259739676831368e-01
2.501255498259789545e-01 -1.879243697173789696e-01 -1.562706509897782148e-01 4.514354787136485858e-01 3.866747323942338888e-01 4.684940904670636397e-01 6.907311021855367938e-01 -9.470061680601567222e-02 -2.890949414104152515e-01 3.423702146620017928e-01
-5.096229484796515052e-01 -2.119345066427678892e-01 -5.554140408274703400e-02 -7.288520237712771063e-03 2.647807234856552894e-01 -2.313293095554296297e-01 4.161681544631354313e-03 -1.831755448544940268e-01 -2.860602017654691465e-01 2.375868357932717778e-01
-1.442425889692169061e-01 -6.129884857429111072e-02 -2.172203127441304782e-01 2.023324910048765191e-01 1.642901847418755945e-01 2.449086353905917390e-01 -6.464929959998090558e-02 5.414599033382450077e-02 -3.292236951994848004e-04 -3.254038732447130794e-02
2.108783280373189850e-01 2.421128975267694827e-01 1.714563828090339692e-01 -2.137888953856196816e-01 -3.639805588627011423e-01 -2.427061873719479901e-01 2.368149041552120304e-01 -3.101125166837670477e-01 3.495638869430514606e-01 6.466671689500755327e-02
-1.977191286858435453e-05 5.350160944483243197e-01 -4.410899392240635319e-01 4.749655871333828272e-01 6.461831378412951077e-01 1.768895652573468369e-01 3.234156733956611851e-01 2.757444230710576760e-01 -4.688956088695738211e-01 -6.461561109632059097e-01
2.805091692782374913e-01 -3.693848087046863182e-01 -3.884046688206987952e-01 -2.314876676049478499e-01 4.686139746093319625e-01 -4.364180031262468451e-02 2.083317865078375408e-02 5.148480169549706220e-01 2.606606956579362588e-01 -2.428210835644717958e-01
-6.643386803745433833e-02 2.962677563661121338e-01 -2.508907350998219599e-01 1.818277105225345469e-01 -5.116131233342562368e-01 -1.680269503438977519e-01 3.094713725329298892e-01 -2.793888423385398334e-01 6.669326605778912453e-01 4.496916971887610637e-01
-1.109712830986104432e-02 9.401713764115668392e-02 2.117020478039141618e-01 2.053107637159735932e-01 8.924611280445053640e-02 3.546182697487990643e-01 1.685172111519976368e-01 -1.084171074730062162e-01 8.678182365233268192e-02 2.537929862795092473e-01
