6.288356740734344363e-01 -7.942550412321814912e-01 -1.147255990035257744e-01 -6.194519871815898915e-01 3.219440371828226621e-01 -4.556727592982228736e-01 3.518755501812417252e-01 5.922614366476339764e-01 8.046712179147755828e-01 7.075243138045006486e-01
1.492935183751806782e-01 1.205654106116125918e-01 -3.875607783862292099e-01 4.042922472308822512e-01 3.954095972505135004e-01 -1.075435129201888218e-01 -2.522793389835086830e-01 -4.311268872323488210e-01 5.161562065280220768e-01 -2.685112171131837644e-01
2.786003357150260706e-01 4.414843512533681569e-01 -2.016884371819900948e-02 6.560293219887562977e-01 -5.672665093554972726e-01 -2.935900393911922146e-01 5.548656978300063880e-01 2.516125071863954399e-01 6.813808212875317460e-01 -2.657333824161235980e-01
1.626421542788391295e-01 -1.845325869501755756e-01 -4.912938020820941526e-02 -5.249140682916419998e-02 -1.482167466748135487e-01 -1.524359395184574917e-01 1.996986825187108128e-01 -1.631613081195428250e-01 1.450841240035362911e-01 -8.767880865197542894e-02
-3.988725754996113627e-03 5.869294941946067096e-04 7.210359880860252313e-02 -6.206602633897997760e-03 8.725082367650588422e-02 8.250908581313854198e-03 1.679529288076003421e-02 6.259639570984727730e-02 9.164824761759121294e-03 3.273313338205999234e-02
-4.455890875265410833e-01 -7.469223012600010314e-01 -4.071276860167668404e-02 -7.938345036597524995e-01 7.015979373459905188e-01 -6.938060095947413686e-01 5.530920606274680740e-01 7.118980258211281553e-01 6.743781368859048664e-01 2.297368285043903113e-01
-5.927703754114834259e-03 1.607614285418938471e-01 5.974322028181260069e-02 5.828621508867715302e-03 -1.302665359334443697e-02 1.101938428951203773e-02 3.862385245266149181e-02 5.427193071851330736e-03 5.580728957597162754e-02 4.378726541069993816e-03
-5.348481517235124105e-01 6.801705995785326531e-01 8.178860393518645744e-02 6.853243805424874546e-01 2.256571638080274167e-01 -3.245137722414286330e-01 -3.838042292451476212e-01 3.201659899795609165e-01 -6.046332622193277828e-01 5.597002841880461821e-01
-6.996438378357698606e-02 5.908678469226696928e-01 5.496967408052012560e-01 -5.607361388793163925e-01 -2.789584081533396098e-01 3.699977230884721191e-01 -4.177622680558075730e-01 7.204566375478426155e-01 5.173452184874192117e-01 -1.900904636420255311e-01
8.333015832246170457e-03 -2.874534123423948349e-03 -9.247802594493483366e-03 2.015737755547713020e-02 8.501594770166118198e-02 3.966673089145052178e-02 8.897689536016032200e-03 3.460930512598516667e-02 2.847269309843669660e-02 1.437718348829763841e-02
-1.732692706978661984e-02 9.287620596306815635e-02 6.650381436509601729e-02 -7.269484761068235879e-02 2.212532986724648765e-01 9.112888582836747159e-03 -2.978091252985761925e-02 -5.691601751207571967e-03 2.723523975657598378e-02 5.024110011202588544e-02
3.422777171511759975e-01 -3.188891025486068620e-01 5.948853743624347157e-01 1.864128996743403544e-01 -3.493917117099274577e-02 -2.090223479894901537e-01 5.402854592192388727e-01 5.067849392125848285e-01 -4.532803299399555952e-01 4.087157523486948385e-01
-4.221517229653030667e-01 -4.390057694388062315e-02 4.416980877989379328e-01 5.803634472004365330e-01 4.666683046491377773e-01 -4.593578092921297151e-01 2.075299125721757898e-01 -1.355019888443093623e-01 3.159905258899914360e-01 -1.278535751650343444e-01
4.153945674242606190e-01 2.012312956428261301e-01 -4.652069371063410896e-01 6.361293633947123771e-01 1.750526698835732364e-01 5.406561904021481291e-02 7.428854228187800057e-01 -1.603425375120595686e-01 4.119918596098986474e-01 2.871037330448365510e-01
3.105670169338295983e-01 -5.496797145293822462e-01 3.597023001977326939e-01 -2.362262495258427575e-01 2.910634321007061209e-01 -1.805008082541435799e-01 -4.546080200998350307e-01 -1.668897839230523983e-01 -2.011121015231746578e-01 -6.830109464131954855e-01
-2.298895982735275553e-03 1.294996724199606354e-02 6.045910270344917459e-02 2.196068370676118250e-02 1.270028880400549814e-02 4.285760201345360787e-02 9.484525770417336424e-03 2.158654302473543476e-03 1.908124644952073276e-02 3.431896872455918179e-02
-4.120259253368078745e-01 1.010248469281474909e-01 -5.475201856604325901e-01 -4.700367592764453373e-01 -1.255357344421408408e-02 2.016927221929886160e-01 -4.110957813683557144e-02 3.630220623584211603e-01 9.791182558838230909e-02 2.458069274594704146e-01
8.297675979291061488e-01 -5.337673524142813042e-01 -7.693721757422219421e-01 4.700893472448047783e-01 5.959690468887467452e-01 3.149312029428201765e-01 1.115673493867998245e-01 6.657052871928205162e-01 8.042208318978862902e-01 -4.411909926507240343e-01
1.426510815945036554e-03 4.171828352120755812e-02 -5.889550517306156863e-01 -4.767242450520133845e-01 -5.779275058354398364e-01 2.851536138893966954e-01 -3.638345323233514450e-01 6.697630432642586173e-01 6.705143885767407552e-02 1.281538556010758043e-02
-4.455757181795546445e-02 2.438232812073030109e-01 -1.345108960074919147e-01 6.254131594380597792e-02 1.914205352141742922e-01 -8.727872131673841682e-02 -2.027905869092584135e-01 1.409959771963678332e-01 1.475135306787930256e-01 4.449567926180503230e-02
-1.174402692276569574e-03 -5.399936841670548854e-02 -2.380809752247951827e-01 3.665935373337621539e-01 -4.099088587294760222e-01 -2.543007494641014513e-02 1.791319308869164517e-01 1.902535428406082474e-01 -3.087726216840500637e-01 1.772537939391487238e-01
2.768379550870540551e-01 -9.266641139414306949e-02 -2.298968442214874008e-01 4.031876502966001419e-01 2.660294078097847348e-01 1.646323614820471015e-01 2.098443230092525702e-01 -8.902299473573609123e-02 -1.258349342659373649e-01 -2.132456746445906270e-01
5.879282473139443854e-02 4.200427296896426244e-01 -2.066870443307645133e-01 1.727853586739414304e-01 2.561120539755861181e-01 1.312872770661204780e-01 1.025097957302516377e-01 -5.678170240158748189e-02 2.460713233858608240e-01 -7.050210564950144809e-02
5.222859438512279517e-01 1.115503794002428994e-01 8.166470403331563821e-01 -8.842797228240892871e-01 -3.956412157045255951e-01 8.721850074208477299e-02 7.580190187037841865e-01 -7.725547727836102885e-01 -2.095714696952360179e-01 -8.076435672795606591e-01
-6.268963391413743258e-01 1.826984206264057609e-01 1.281039591335286255e-02 -6.590814885955120772e-02 3.363637224980869922e-01 -1.342994758783114251e-01 -6.826389960204697349e-01 4.619759417116464650e-01 -6.516326999040252810e-01 -5.984716122107538450e-01
1.120325855896860470e-02 -3.715743892157959138e-02 -1.620201003051655389e-02 2.463691698762171534e-01 -4.867167966274823510e-01 4.192680601138532581e-01 -2.054866930151215132e-01 -2.445932690660644962e-02 2.186705392349548305e-01 -1.160950282908814746e-01
1.708746525992220489e-01 -6.254906823192453169e-01 -8.089526621125853190e-01 -8.175246818699043183e-02 -3.101086572783643969e-01 -7.991506990614819506e-01 -6.672946735581490874e-01 -7.253789859630451753e-01 8.638641553147494712e-01 -5.173038306502854011e-01
3.682684209829966138e-01 4.731644185380997070e-01 -4.055647396834052842e-02 -2.682242247578089933e-01 4.396906674431897422e-01 -2.773116030048878855e-01 5.128942096179081034e-01 3.514389997745735461e-01 1.544834410453745921e-01 1.384520028615555121e-01
-3.188185189138977860e-01 2.902453081292986070e-01 -3.572938908538987601e-02 3.128929230214853169e-02 -6.897717750260895508e-01 -2.378484559632784157e-01 3.300980287827789406e-01 -6.524695553987815977e-01 3.853569249153098730e-01 5.948363874862711053e-04
-1.721450699888518454e-01 4.757561422599583811e-01 6.127160375412702420e-01 -7.034583160534224611e-02 -2.154298072511139917e-01 -5.387012218842978095e-01 -2.586752248006296551e-01 -4.090617910754233422e-01 5.185825612382878314e-01 3.589846600692502276e-01
-3.799361311312505207e-01 -5.405375179283583575e-01 8.694162703316823393e-01 6.499950629334740881e-01 5.102319711793527057e-01 -1.409139001078151821e-01 -6.758341692722280580e-01 -8.332533572654975129e-02 -5.776703731684670329e-01 -6.630139055635672074e-01
-6.654408841427003618e-02 -1.095280232029020584e-01 -6.912207968744948916e-01 3.336887719253471829e-01 -3.807284757274331799e-01 -5.799611982722741033e-01 7.975492131894261760e-01 -1.519889511752921252e-01 -1.316823208474794393e-01 3.544426093968055524e-01
-1.488236679176653254e-01 6.066728547089120793e-01 -4.886214620195930003e-01 -6.684414251048632627e-01 2.551034338907219867e-01 1.320281270865270307e-01 -4.302620216993661983e-02 2.546328677397824425e-01 3.152441651092955377e-01 2.484365031823609349e-01
3.096572734146630923e-01 6.347337130336802025e-01 -2.220992222300348096e-01 3.532190680001444649e-01 -6.144586039576657166e-01 -5.790127244268099549e-01 1.084942449615061560e-01 1.928883486056807706e-01 -1.166137901381793934e-01 -4.407883598826219940e-01
-3.418718079671809185e-02 3.171045913146074979e-01 3.513165200645204100e-01 3.133388150594246246e-01 5.175906938293515225e-01 -2.785725245427276286e-01 -3.702549955672361781e-01 -5.313093216846620503e-02 -5.642307959465915346e-01 -6.177459924685414078e-02
-3.525418971322381578e-01 5.894080406192104826e-01 2.752425083844259324e-01 4.290971796404318694e-01 4.016775028937026315e-01 -4.511352780864470446e-01 3.563439610780966271e-01 -2.615884494346854550e-01 7.173647728911953791e-01 -4.217174133610424591e-01
9.625462416681174194e-02 2.878946338656252282e-02 3.251969436320235191e-02 2.246574089410819774e-03 -6.236436098797227927e-03 -2.670484303118719240e-03 3.193822761561725815e-03 1.583346337557252348e-01 -9.635188434166410548e-03 5.697102177574700499e-03
1.541399850303577512e-01 -2.658537556870199658e-02 -3.012535774843489388e-04 -1.833158888054642888e-01 -2.536893652868608684e-01 -7.569953501335832148e-03 -6.069615245216200550e-02 1.112566571095517654e-01 -1.187590850533412623e-01 -2.989597071724723887e-01
3.829396869551471294e-01 -5.490848998368659251e-01 -2.858451811337952009e-01 -7.032051595779720277e-01 -6.883493276038267494e-02 -6.953933322645635684e-01 -2.029596138788031801e-01 -6.338778638995852255e-01 -2.109231675278646495e-02 3.112931565012589941e-01
2.897841786933404856e-02 -8.599917727432324077e-02 1.366858723022125986e-03 -1.115937025414957470e-02 1.674715566923550836e-01 9.373413521028911566e-03 7.274503367838723589e-02 7.186900464397429078e-02 -2.386678792407236765e-02 7.153853923040877361e-02
1.111034944683601811e-01 2.494857862581654206e-01 -3.570939044232232518e-02 1.112158153751769407e-01 -4.307333921779474967e-02 1.714007626536752649e-01 -2.886021979559565964e-01 1.837795277223235879e-01 -3.245239571876567392e-03 7.185568554516558182e-02
-3.845419309579568012e-01 -4.000758148902135852e-02 5.798203167486836174e-01 -5.043594387979666305e-02 -2.528637886022492287e-01 7.123679053797334904e-01 -3.191835801255197835e-01 -5.180371709394027135e-01 -4.081764592090019184e-01 5.430649685342818778e-01
5.803883837922712008e-01 -7.597581026262169301e-02 -2.596685787387861821e-01 6.618785597504396323e-01 -2.619555231974667886e-01 2.617166842765165577e-02 -7.756293472146312817e-01 1.503497549107533082e-01 -5.355065086136716612e-01 7.418875199266743437e-01
2.508664804843118712e-01 1.721826630786558454e-01 8.713950296208708424e-03 1.161925738419590654e-01 -7.331709992534045373e-02 6.300071854793194703e-02 4.354322178324985387e-02 5.417241747913397604e-02 1.180409014195505230e-01 1.413194865225845809e-01
-5.197755899333263985e-01 -8.463714776873855206e-01 1.547496399534427358e-01 6.035672820052780940e-01 -2.752484926088579753e-01 5.896987029830610405e-01 -8.403612148332614273e-01 -6.959657276609190757e-02 -6.876901940894826204e-01 6.391971179348640009e-01
-5.054339966910710927e-03 1.743198842228693007e-02 3.697706494049749631e-02 -2.539520961613007596e-02 8.726551901417890778e-03 2.109773048148555832e-02 -6.410076397065474219e-02 4.619997911469952978e-02 -6.337090892180499702e-02 -4.579708896515891775e-02
2.005696015058051618e-01 -2.359617743899186659e-01 -4.383942786751543474e-01 -2.978336748029628001e-01 4.330785666226458774e-01 3.657042603816358373e-01 -2.069596841594576464e-01 -5.358972272993488550e-01 -5.183820428689641657e-01 4.931563901110048165e-01
2.802083623783419020e-01 -5.122270975509677360e-01 -2.092126011828081278e-02 -3.411439875615819850e-01 9.730106167059046629e-02 -2.946848386392337815e-01 -4.034720688455183391e-01 -6.426133959754896929e-02 9.853743037550228429e-03 1.793176654153354477e-01
-1.137873396618780952e-01 -2.910353040128825231e-01 -7.886626124313243780e-02 7.187948251914072495e-02 1.682763109456060779e-01 2.195435094620733218e-01 2.402888000857160145e-01 1.996571765020897227e-01 1.254077242672755887e-01 7.066674252791195487e-02
-8.561108126615469827e-01 4.485316076498951920e-01 8.852039432075871350e-02 7.394339723252524310e-01 -2.688932730991389075e-01 -3.178846238550060987e-01 -1.515152648176341377e-01 7.620972849186301579e-01 -5.123842909817702407e-02 1.402146556487722240e-01
-2.434780778790519573e-01 8.401122554865352032e-02 5.654466993010573983e-01 -4.030189701592106211e-01 1.994346759549916470e-01 8.066047740534015853e-01 1.951533135550752307e-01 -7.684061297039623643e-03 3.367345879311333667e-01 -4.147929489278349147e-01
-5.724261113639727422e-03 1.326739887485413882e-01 -5.468955491537625530e-02 -1.305292039955290306e-01 1.570026304711257537e-01 -1.789834625163392312e-01 3.847165398734959246e-02 2.642325174315273209e-02 -3.455445917637929316e-03 -1.300682820793729599e-01
7.364683383606210332e-02 -1.706644120236812693e-03 1.747303396677775400e-01 -1.794591300926174499e-02 -3.388509497237547630e-02 -4.544202231870402009e-02 -1.386717774520796267e-02 2.705721900581944950e-02 -1.298682438402855854e-01 3.382809057617234411e-02
-2.857324071953117883e-01 7.660909207911659191e-01 9.160535989972597992e-01 -6.210214776396570935e-01 -1.042522305953011152e-01 -2.561782147523877229e-01 -3.159145056086804515e-01 -2.247191969908977072e-01 6.818645893850686646e-01 -4.022620529868411454e-01
-3.389942789834603509e-01 -4.367365240341932742e-01 -4.449440179768835435e-01 2.746867628342981038e-01 -2.323007940490057766e-01 7.263898378314355142e-01 -2.092364633571006938e-01 -5.143811105234167291e-01 7.526305415046939673e-02 4.391366034361503523e-01
-5.075837998743600865e-01 4.419522165860209073e-01 5.394101320950863698e-01 -3.209921713873118421e-01 -1.560538411786060176e-01 3.177942362367243145e-01 -3.198787641499897805e-01 2.312383913309571659e-01 -5.809666294894654248e-01 -7.120542537817158291e-01
-2.347408142293152256e-01 -4.529801753766141692e-01 -6.248342588465327641e-01 -3.896206172062782191e-01 3.795728509817626883e-01 -5.365046303498947067e-01 4.776915536217402752e-02 -3.170964154483303377e-01 -3.665759935231646116e-01 1.471712113245681464e-01
7.301463374414196572e-02 -4.137794780359180247e-02 -2.419308866782212131e-01 1.725597724080587536e-01 2.761974679120141399e-02 -9.176037762184398316e-02 6.480672031013545720e-02 -1.559480279570324163e-03 9.768487603994238655e-02 -2.236825544419490108e-01
-2.603491833119578880e-01 1.644746076337003926e-01 1.962540415104217228e-01 -1.474552422125579576e-01 -5.763233428903551392e-01 5.645892704913094695e-01 -1.277232978932373031e-01 4.406762110182395609e-01 -1.772897538086884439e-01 -5.497339904581227676e-01
7.688079005080979134e-02 3.824548528381500195e-02 9.812136151060966635e-03 7.458050212963943104e-02 1.073449555555596041e-01 8.542743234237528890e-03 2.454306998097242204e-02 5.036998542675326547e-03 -1.508676404042380050e-02 8.823550716186033538e-03
-5.660437359186206718e-01 -2.821820204865925219e-01 -4.570085107504764377e-01 6.319686757451811188e-01 -4.825955269034509221e-01 6.938791696854016422e-01 -3.441915501465255267e-01 -4.598905771069521364e-01 4.821959282994155438e-01 5.605061327188843867e-01
-5.398081568250976403e-01 -7.966868143784448797e-02 3.621755011549473435e-01 -3.990136947514103666e-03 8.202307052801880438e-01 -2.675112448297455869e-01 -2.275999788637087518e-01 5.786775370069210389e-01 -2.557033249467002278e-01 4.229188867926926276e-01
-7.254929614434962870e-02 -4.140191771735141774e-02 4.705974595620915357e-02 4.721989629586735571e-02 -7.121818472394811882e-03 2.531071704241055764e-02 3.930430478638703706e-02 -1.056603507158750642e-02 8.539257832660233916e-03 1.079884497160955997e-01
-1.041075892438851624e-01 2.425502905132859155e-01 -1.617646595070624041e-02 8.098811074941848764e-02 1.811163426252689890e-01 4.334138342572164959e-02 -1.652208084474767469e-01 -1.427011416788434572e-01 -5.351290284711516382e-02 -8.612914065525004159e-02
1.142906167636874130e-02 -7.427377100531147580e-02 1.436826615296670114e-02 -1.761097998747990223e-01 1.024807333529093034e-01 8.080731687953848774e-02 -8.632291223227538113e-02 -2.578850762934764562e-01 -2.812820647183692513e-01 -5.569417689433978635e-01
5.215915946160755157e-01 -1.137257824840058051e-01 -5.294797073550340238e-01 -5.640783161926279377e-01 1.253139976151925183e-01 8.694264491012372587e-02 -5.166633749360955985e-01 -6.744924717097257327e-02 -6.241082502747881122e-01 5.139864557427984426e-01
4.617568305871993517e-01 -6.366402675347971885e-01 3.784032550158475949e-01 5.747776914343506460e-01 6.301860702751572729e-01 -3.049414054189957257e-01 4.013010090943489594e-01 1.706040343983742380e-01 -1.259222477949299701e-02 4.826266262374112603e-01
4.226253368031007152e-01 -4.482738916137289364e-01 -3.871771787108551077e-01 1.682264779853721581e-01 -1.393532957897519187e-01 -4.149465032001561360e-01 5.065327693489588556e-01 4.249451318579540726e-01 -1.280734613753449491e-01 1.126017267409299416e-01
2.120733911206119648e-01 7.908076035533728732e-01 5.093334460467514591e-01 6.022310668535666434e-01 7.223159272254717767e-01 -8.030546474417947778e-01 1.672832521233563463e-01 7.932313038537401884e-01 3.090078517700831640e-01 -8.704302136126376155e-01
2.841579478868028197e-01 -1.173317623300419166e-01 5.356028487522690451e-02 1.359920577699322564e-01 -2.049601941869355348e-01 3.745121244866257415e-01 -3.623159293974040351e-02 2.352587907222186137e-01 1.437826993804734999e-01 3.462292034376462935e-01
4.331324295301129945e-01 -5.440433034556938496e-01 5.572923061752018681e-01 -3.536840172588218700e-01 -1.761218079203207276e-01 -1.583747106542390537e-01 5.538311609345923925e-01 -4.470590644097556798e-01 3.273962539085022438e-01 -2.340963222800172827e-01
6.766387347234890104e-01 -2.550036001543870556e-01 -7.074584532560286299e-01 8.932583712407800025e-01 8.626010642852723065e-02 9.341072077569158028e-01 6.929450204352914922e-01 -2.708447988666320971e-01 -9.290677505436950590e-02 7.890342439403916774e-01
-2.178084609111955450e-01 6.359069451696557941e-03 5.945079983911685101e-02 -5.251693984144800709e-01 -4.297247495762857583e-01 -2.348404447999690170e-01 2.205676614153484205e-01 -4.092492760296186360e-01 -2.979958584343696537e-01 1.439715175664284530e-01
4.379545393743851205e-03 3.997474341297147654e-02 6.767840915386492094e-03 8.261429138684538154e-02 2.907284121523412423e-03 6.677057412187539787e-02 4.643444774506672382e-03 3.214868102479442186e-02 1.271307997707965022e-02 1.468166031381031890e-02
-1.257352028928824805e-01 -6.033376142113996421e-01 2.770939238239862323e-01 3.286232884061382475e-02 4.900096627872456700e-01 -4.554468016870978353e-01 2.456119089650934950e-01 -3.972761215012911018e-01 7.155990283947484265e-01 4.421476512933741887e-01
-4.829228732254735590e-01 6.713207687636112420e-01 -1.039793608391738761e-01 -1.635735938734177997e-01 4.567119445014515833e-01 5.141586378647516886e-01 2.680681874445055568e-01 4.602763189332340077e-01 -4.640000711352406104e-01 -3.978484369630859163e-01
-6.689511114070627318e-02 -4.217791942961094942e-01 5.750046636462814026e-02 -5.655618221781211902e-02 1.608771752721294968e-01 1.724552732913599562e-01 1.148972572573797035e-01 4.138390870031946056e-01 -2.793564252294247763e-01 3.301385395729726779e-01
-6.774863917345501640e-01 3.952660674108364747e-01 4.482060513170984528e-01 7.202363795999752183e-01 1.306994867854527065e-01 5.892241917602539791e-01 -1.913622605336564308e-01 -8.566302744979863160e-02 7.055714477412028396e-01 9.196806983387342815e-02
-1.490883325664788817e-01 6.240755755061045962e-01 -5.615111712446915204e-01 1.915790446139544190e-01 3.064160165696002691e-01 4.241128060737777150e-01 4.001080280365108544e-01 1.155353831054320296e-01 -4.284265914507748296e-02 -1.581051628413792376e-01
1.292996533013811809e-02 -6.554504962536325009e-03 2.219999717548588533e-02 4.657967457356419760e-02 6.686037994149593433e-02 3.129473613108183644e-02 5.926287173239595113e-03 7.161708672920356900e-02 3.414597971040236879e-02 3.658671670506785656e-02
-4.907617087852979565e-01 5.988034817870427906e-01 -4.900441185068954431e-01 -5.576177724874994100e-03 5.722879595296600508e-01 -7.475738472426844972e-01 -7.993074853926974699e-01 2.622844776408262413e-01 -3.389082927872850703e-01 -7.029574023888808254e-01
-2.140171058192902875e-01 -1.656724282276539895e-01 8.140656983841992878e-02 1.390924834952509404e-01 1.431538934872808866e-01 -4.168912979071396352e-01 1.117437168172574075e-01 5.746413251559669977e-01 2.076359352114107160e-01 -8.280394735856631827e-02
-5.440808967647247085e-01 1.971679139235689160e-01 -8.110578355573621057e-01 -3.334938105815300480e-01 -6.753177138525610079e-01 7.859271919276698826e-02 -8.326346811393566805e-01 -5.072275415636599005e-01 7.998086104193056212e-01 6.876775256380970314e-01
4.548295097647223062e-02 3.317892211992033713e-02 7.914943545596182795e-02 -5.838877559132123196e-02 1.598616270348816523e-02 7.043404631552521722e-03 2.148245292359424186e-02 2.059912385827108311e-02 -4.819765848547249119e-03 9.361164568496574412e-03
7.563846234283576331e-02 -2.066955559713049562e-01 2.923545530378429680e-01 4.353270679315939806e-01 -4.841444079959085212e-01 1.839619290497425397e-01 2.274817470103794037e-01 3.670752923943214341e-02 -4.963524614808186297e-01 -5.570645360313911665e-01
2.343021188518706610e-01 -1.237856559190580602e-01 2.373861927134521266e-01 -3.162741042367242517e-02 -2.092640402206805694e-01 -2.393377015387209150e-01 2.258575136671079620e-01 -2.676171011224858787e-01 -1.248216780443924256e-01 3.073428038338487100e-01
6.966035594217725446e-01 -4.803878942242496564e-01 4.768685812217684505e-01 8.245761586700264267e-01 6.134764682438883510e-01 -3.284612612282240135e-02 5.271036584134258796e-01 6.937002335604007808e-01 5.925053777161859436e-01 1.054245562801495589e-01
9.533658338693130896e-02 1.156285841556242561e-01 4.702597957290892694e-01 -1.436852342822084183e-01 1.873020507623590902e-01 -1.971030088562427396e-01 8.860307535878068907e-02 2.657572921920831610e-01 -3.726314949319621261e-01 -3.562438420980262310e-01
-3.569403367772253644e-01 1.337450038699535826e-01 3.852468973587819256e-01 -5.816679187711476517e-01 5.704220161717111770e-01 -1.218749686683350403e-01 7.211615284993687647e-01 -5.608493776299164901e-01 7.489106789724375712e-02 -4.131974101545633771e-02
1.581384848675829458e-01 -2.185242174254476699e-01 -4.172370755194129144e-01 1.426671523110392692e-02 5.123615168098767658e-02 1.562325185892135537e-02 3.805660910862585511e-01 3.887119419345832494e-01 -2.882232036785099122e-02 -4.975746649955982148e-01
3.048864158539444369e-01 -6.147346095987424874e-01 -4.718538220604207578e-01 3.028501460776169760e-02 1.546284384920883770e-01 2.919480901060451106e-01 -2.635018209821775592e-01 2.002912435180302653e-01 -2.657532278863254938e-01 -4.031019470129059701e-01
-3.684765966784055158e-02 3.748868080690232474e-01 3.187165764864242634e-01 1.824595036637133572e-01 -5.511928676700130619e-02 2.229369924874315401e-01 -3.237309750695540611e-01 1.844379875953988945e-01 -4.742940523944336228e-04 -4.170274728440727108e-01
2.504991670781937518e-01 -1.877785181604247899e-01 -1.566863833811191487e-01 4.523460677226711080e-01 3.873475519580499293e-01 4.666985261318804534e-01 6.925104441550387069e-01 -9.372613410891672547e-02 -2.923301923859173423e-01 3.411539042554577184e-01
-5.118300593012999888e-01 -2.158924368377441727e-01 -5.439760175379061008e-02 -8.117490303167619256e-03 2.656746157672369990e-01 -2.423552414945648881e-01 5.881551869719101044e-03 -1.841678644076928939e-01 -2.864519673228578811e-01 2.403328554624064306e-01
-1.747180433165595459e-01 -7.039785209690345436e-02 -2.545426800431299652e-01 2.480513438744001153e-01 1.764247958223800206e-01 3.080060832469708743e-01 -1.101472385747596372e-01 6.380501364716836821e-02 5.105253947964921105e-04 -4.444880793884932457e-02
2.132009185484111669e-01 2.408156054849090455e-01 1.726605476598160605e-01 -2.155593750247357110e-01 -3.647363521646304063e-01 -2.427810723608919141e-01 2.325395858022180906e-01 -3.153745785251680922e-01 3.519038807661349355e-01 6.492952592468269335e-02
-1.952861821416313336e-05 5.345333029398026126e-01 -4.411006120849879641e-01 4.750075599758135092e-01 6.462371414467011910e-01 1.769220713727398808e-01 3.234285169419978123e-01 2.757723425125723216e-01 -4.689107105046724233e-01 -6.461742088636945880e-01
2.827504455674212380e-01 -3.723374309361217049e-01 -3.955704608020049196e-01 -2.332831365628102449e-01 4.723050566857564525e-01 -5.026559318266719811e-02 2.097572958697935253e-02 5.189292649091961085e-01 2.626108601512336382e-01 -2.449409447734924306e-01
-6.823007864689353830e-02 2.970558947500715474e-01 -2.511394674975034880e-01 1.813831602292032552e-01 -5.121481581315090459e-01 -1.678765009989249546e-01 3.093945068812384291e-01 -2.785512667452302860e-01 6.679353143301888229e-01 4.507248027845731642e-01
-2.042575804838432305e-02 9.719132770608586436e-02 2.217857557240439925e-01 2.099339771657116605e-01 8.301353580572727597e-02 3.679006843334863275e-01 1.715889018080228035e-01 -1.050558764737036660e-01 9.052512598326786786e-02 2.627622126663136104e-01
