6.314100339446918619e-01 -8.043396334459782526e-01 -1.148332463167292955e-01 -6.218560206747691943e-01 3.249438969575967340e-01 -4.558116882322629237e-01 3.497887186777505208e-01 5.937907804413284918e-01 8.032847731933798752e-01 7.104628872038404319e-01
1.499815064998029079e-01 1.209095197910783626e-01 -3.918361568733946809e-01 4.039825887074564026e-01 3.990601571475491105e-01 -1.106089312174014516e-01 -2.516376100907204427e-01 -4.326678911060434229e-01 5.184702853733292871e-01 -2.692556380611488831e-01
2.835149801951316051e-01 4.446789534032704605e-01 -2.078026859029381140e-02 6.627154732581883589e-01 -5.744279810002764775e-01 -2.959900833720372493e-01 5.630009083430442818e-01 2.472012875170400137e-01 6.836494924820706309e-01 -2.659899892435056423e-01
1.461088995266970059e-01 -2.840293826280876344e-01 -9.395026989172265697e-02 -1.002208855810818172e-01 -2.257451520245029042e-01 -2.678076244164473430e-01 3.188058504485800637e-01 -2.832218832275179565e-01 2.210571112062528765e-01 -1.379453193521229526e-01
6.585633785615140241e-03 -2.586937525616024320e-03 4.416732962334300044e-02 -1.269456250529420530e-02 6.871780458517842693e-02 6.490636848109423984e-04 3.359994869204401685e-02 4.989969346580889337e-02 -1.142933335960708355e-02 2.178801294370707325e-02
-4.456572423736965827e-01 -7.479736932951088768e-01 -4.087048888886880144e-02 -7.937483338965592994e-01 7.023202991136449080e-01 -6.936998317239730927e-01 5.534662175952634877e-01 7.112373475518810606e-01 6.750507613236066407e-01 2.298278708620981048e-01
-8.295891632046388867e-03 1.242636391752125341e-01 4.132315099903598882e-02 4.837332515666814547e-03 -9.094060147109570350e-03 1.778761740806363012e-02 4.769996821539973508e-02 -4.358374939440518361e-03 3.566234532759301329e-02 -3.874256719821076410e-03
-5.361322631333769184e-01 6.824842662289178907e-01 7.650151564426145578e-02 6.880063006378226431e-01 2.271225275410954092e-01 -3.250495984660771165e-01 -3.846253423343732325e-01 3.212699567654303534e-01 -6.060014538173696952e-01 5.619516845088919910e-01
-6.873990765521474644e-02 5.922122428782868875e-01 5.527610020589234230e-01 -5.620240908594251739e-01 -2.798127646750731556e-01 3.702974532697429488e-01 -4.250743184152361298e-01 7.191528195568813731e-01 5.183134271330275267e-01 -1.895527508952104812e-01
6.126593830565638457e-03 -8.501105369670846137e-03 -7.378140050294083180e-03 1.636642797611775543e-02 4.125079936791091473e-02 2.291579591693957557e-02 5.524583470002209472e-03 3.148186019655239976e-02 2.626175892147390029e-02 2.719977330302828997e-02
-4.168769594296959508e-02 6.282014270685563895e-02 1.148782696752126131e-01 -1.557375083919872449e-01 2.807679871089755475e-01 -1.859954438665687229e-02 -4.221453136394680283e-02 -2.986149553818054705e-02 3.665819034206384275e-02 5.834633121723263594e-02
3.430063338286410968e-01 -3.194470085663441150e-01 5.928113177209345386e-01 1.867985924764902772e-01 -3.493703453213946319e-02 -2.093578967164021476e-01 5.412753217523976756e-01 5.062917775928008624e-01 -4.540803469328558717e-01 4.090349330005245698e-01
-4.314174170820617160e-01 -4.188970591883843519e-02 4.541260988816381294e-01 5.946765169624437242e-01 4.688553888222961596e-01 -4.848790174735403968e-01 2.090398477075675332e-01 -1.361031773432634928e-01 3.212724269911580999e-01 -1.319926661209908370e-01
4.256898317218623107e-01 1.935600784681419662e-01 -4.658367717067277702e-01 6.460076176404310200e-01 1.763548330145306986e-01 5.366683346376271285e-02 7.466751356453137367e-01 -1.666346546250262739e-01 4.140430211978883834e-01 2.835089210937492554e-01
3.126235184994564653e-01 -5.521886341946112831e-01 3.540182694226606253e-01 -2.380596797628286854e-01 2.914279914065093235e-01 -1.831987551648620594e-01 -4.579299866439774935e-01 -1.689703324481178770e-01 -2.003739538347139582e-01 -6.892513662195726143e-01
-2.705830847531906849e-03 1.241410354202064290e-02 3.686820834556488874e-02 1.463849813840550733e-02 3.580742446094607040e-03 3.573796600389089057e-02 1.012336196111967949e-02 -7.574486800605253383e-04 1.847019908022614829e-02 4.063184788581605117e-02
-4.824629423115494586e-01 1.215936503994660134e-01 -6.080186131862944654e-01 -5.275114505551018462e-01 -1.100903692006658871e-02 2.339872286021679459e-01 -3.765146088772930444e-02 4.054337714532162962e-01 1.071110492338956527e-01 2.364963528779047974e-01
8.299869830104087409e-01 -5.337796813062901657e-01 -7.693810201455866249e-01 4.702585205247825639e-01 5.953033937274303522e-01 3.148993734255003396e-01 1.117731288993510930e-01 6.656162705396545531e-01 8.042269644828843322e-01 -4.410753357109036821e-01
2.533859395877068391e-03 4.325444602429237562e-02 -5.972538983074184848e-01 -4.806496769474508657e-01 -5.827329222445105650e-01 2.882328416908581659e-01 -3.668692104056829884e-01 6.662933001427464585e-01 6.827910936771741657e-02 1.304672046166513270e-02
-7.018307005564843049e-02 3.048942424021720554e-01 -1.540611556013680994e-01 5.536274530437684110e-02 1.852482954948305727e-01 -1.076784440168164769e-01 -2.659020421884322749e-01 2.010417300839994204e-01 1.946911120208276169e-01 9.244246732847290898e-03
9.628733463066028661e-03 -5.561289250103917947e-02 -2.645710277305410862e-01 3.944904248424501159e-01 -4.467152720774928421e-01 -2.950791825834150894e-02 2.041243215917100118e-01 1.768911194252217600e-01 -3.314029296198925389e-01 1.944314325711019031e-01
2.953483694537930027e-01 -9.884838232088338783e-02 -2.842267229803617234e-01 4.288286397484304402e-01 2.820309352641317546e-01 1.710156375266071449e-01 2.342921543839470988e-01 -8.748666945977826015e-02 -1.359000591157993043e-01 -2.206541580292926963e-01
6.903557590815211087e-02 4.692789409503916875e-01 -2.573154209588798813e-01 1.956518209347430370e-01 2.897981495530349005e-01 1.509742830422436677e-01 1.136140435425133932e-01 -1.012686687793096230e-01 2.758977099794720500e-01 -7.495937003991515191e-02
5.224312698694788537e-01 1.109259197265420605e-01 8.169353179725767911e-01 -8.844673165875973631e-01 -3.957763655152242155e-01 8.730781810399636245e-02 7.583377077682714740e-01 -7.728308878047733810e-01 -2.097132730490053887e-01 -8.092068660483764386e-01
-6.333363109182680306e-01 1.848449409083358641e-01 9.780064878364554473e-03 -6.651468065861039503e-02 3.390034556226659834e-01 -1.426333228058577762e-01 -6.922557937797986227e-01 4.738725473098636676e-01 -6.588781811134871713e-01 -6.196059828377370460e-01
1.434617073813657800e-02 -8.113337969175726805e-02 -1.797349078666028374e-02 2.686660377322065418e-01 -5.163125694726639070e-01 4.576285016351263057e-01 -2.219006546733145180e-01 -2.566502687088448309e-02 2.367563492428922667e-01 -1.177586452175999332e-01
1.712925023791211365e-01 -6.256135066726113969e-01 -8.114456430469373371e-01 -8.157141926373008556e-02 -3.102491863601553601e-01 -7.992557137042378690e-01 -6.676861209892942517e-01 -7.254498485132592211e-01 8.645934703444165814e-01 -5.171014663515778320e-01
3.752925387443822869e-01 4.817724630915611872e-01 -4.099124830261727942e-02 -2.721689254383286571e-01 4.445874377992278803e-01 -2.978384532738512780e-01 5.233676106753087920e-01 3.588437139312638524e-01 1.582638386790063412e-01 1.412785757039977386e-01
-3.208509897523735277e-01 2.853280294457513633e-01 -3.395766830102125988e-02 3.046418932460197293e-02 -6.948841924255432234e-01 -2.489084039452023611e-01 3.293741534827173134e-01 -6.597001163742086671e-01 3.900572769176712251e-01 1.396685068316325627e-03
-1.760640010248668286e-01 4.831200339596320448e-01 6.178069167585515942e-01 -6.115378122286304480e-02 -2.391734170171898044e-01 -5.464221139313807374e-01 -2.584747016373357131e-01 -4.189538566160015409e-01 5.279048831816099963e-01 3.701654383099700629e-01
-3.794120241481570011e-01 -5.513697197763749447e-01 8.703254763318889475e-01 6.494209131618091657e-01 5.149174452423669335e-01 -1.406089926650602451e-01 -6.805998070911730702e-01 -8.192028376979229587e-02 -5.838344449866954555e-01 -6.623571812885522547e-01
-6.667047893437180739e-02 -1.102368623890565280e-01 -6.969639824628158786e-01 3.366420529315333754e-01 -3.837241773281060420e-01 -5.955983683506144155e-01 8.063599214426747652e-01 -1.490557841829087682e-01 -1.338790521213918672e-01 3.489243949822354862e-01
-1.490822833332335895e-01 6.120243401242976278e-01 -4.928824224198679049e-01 -6.718240412964129327e-01 2.500527905459024591e-01 1.305287875729060354e-01 -4.102476930177056252e-02 2.475534278094414231e-01 3.158202423459028352e-01 2.569712632741301683e-01
3.153841756350187486e-01 6.463295967806192976e-01 -2.234547155093338788e-01 3.623721995496364534e-01 -6.414764409282391888e-01 -5.916599454220345944e-01 1.074155409022542335e-01 2.005881418846489073e-01 -1.137175881865332694e-01 -4.482494358611077701e-01
-3.263723378804702507e-02 3.136660882533600092e-01 3.547376699198869776e-01 3.151172784578717412e-01 5.196527461114768265e-01 -2.861959882593853588e-01 -3.731225588819050420e-01 -5.670944590013128617e-02 -5.668286224697727249e-01 -6.116556355692186198e-02
-3.550292808866091221e-01 5.961344031489499429e-01 2.693904468857918899e-01 4.349966005939551184e-01 4.135675251996328017e-01 -4.501230174008838958e-01 3.631706324525009189e-01 -2.722283752043165861e-01 7.220480528278854226e-01 -4.254639756343165935e-01
6.104133772164923449e-02 1.442269042627710406e-02 1.488266145246264910e-02 -1.333571992987562268e-05 -5.391785588689256697e-03 -8.089082234672818547e-03 9.461050666997223441e-03 1.033691618980551175e-01 -2.815576204026292578e-03 5.529676845436726565e-03
2.350300554068915637e-01 -2.685478382729859434e-02 3.455741856201315770e-02 -2.833649617247061547e-01 -4.244898080481084301e-01 -6.792217612810855579e-03 -9.723764670071764760e-02 1.927913632849184433e-01 -1.397790269325298596e-01 -4.239873808139949518e-01
3.858852636123433766e-01 -5.531418449028958628e-01 -2.889759488174212798e-01 -7.081954278683179060e-01 -6.923430527599586104e-02 -7.048122641488293594e-01 -2.024991073241728390e-01 -6.365410474373753846e-01 -2.240804540875186365e-02 2.977532015563849610e-01
1.206420684013744492e-02 -1.467653918267888269e-01 8.684802169175519226e-03 -5.384775160963239243e-02 1.525150889902943396e-01 5.292646152104040630e-02 8.328846584091739724e-02 1.510049278803590744e-01 -5.393989126309644416e-02 1.074870664058523856e-01
1.250209126610010435e-01 2.561053052880797321e-01 -4.983619631659640115e-02 8.338480696102132383e-02 -5.971914287438694763e-02 2.241052498127142911e-01 -3.557800486709690735e-01 2.141576656017221136e-01 7.024184467909188115e-03 7.593775765100159447e-02
-3.971763208082457752e-01 -4.596009209311884003e-02 5.850799131482850024e-01 -5.206916458719541146e-02 -2.578992604334457983e-01 7.203926902676033306e-01 -3.192298401717638123e-01 -5.332757361670827922e-01 -4.090749656484071739e-01 5.380454337395993436e-01
5.815758487526505593e-01 -7.826739974039090275e-02 -2.600376719479667864e-01 6.634287891596166720e-01 -2.622384022193031683e-01 2.505520834267460292e-02 -7.767017927005113176e-01 1.494353567911547165e-01 -5.359662575748117552e-01 7.430361404894392230e-01
2.671393652554609477e-01 1.933552811212626010e-01 4.001199780934176255e-03 1.303266528439377125e-01 -8.854466108106043287e-02 1.157399786615216815e-02 4.524158156058364494e-02 6.810747245023217322e-02 1.301638549416385127e-01 1.623274606046235524e-01
-5.193041567336397213e-01 -8.487953653365847284e-01 1.526517216374659036e-01 6.032369996732090955e-01 -2.737288659263496515e-01 5.907634612661417650e-01 -8.414367965820666040e-01 -6.941621308615331110e-02 -6.887607016395909110e-01 6.388040180359023656e-01
-2.065807419276169052e-02 4.321977867613621682e-02 1.244224131033457442e-01 -4.796097484182675758e-03 -1.306754676720268682e-01 -1.227792870028853039e-01 -1.680692852791524916e-01 4.153664071066204277e-02 -1.346870729972483027e-01 -9.886483997613024211e-02
2.048149933852780047e-01 -2.416161959367447432e-01 -4.431873370832747905e-01 -2.974279082160907195e-01 4.301917076358522940e-01 3.704900290225968673e-01 -2.040701114248060777e-01 -5.516292291979992823e-01 -5.255463618077677035e-01 5.039311090851488206e-01
2.955860539479242544e-01 -5.368421267171480382e-01 -2.633118757983470004e-02 -3.591187073204005209e-01 9.743345849329936026e-02 -3.102870908021119756e-01 -4.454250397063257427e-01 -6.931961336916933614e-02 9.579027102932648891e-03 1.897101202897037431e-01
-1.336279889844074198e-01 -3.312162396330990410e-01 -8.999718819523204461e-02 9.903575270504388905e-02 1.447993635481319707e-01 2.518942531881881441e-01 2.819302671623851175e-01 2.435731243041454885e-01 1.579373679917716045e-01 3.215267958658274416e-02
-8.607718452872133996e-01 4.484302579583252513e-01 8.993166781300160340e-02 7.372413713753621645e-01 -2.702266569296077892e-01 -3.188449040387625333e-01 -1.521817502255383703e-01 7.663795866117976141e-01 -5.098461339875690057e-02 1.417411986215344477e-01
-2.557155645753576012e-01 8.523124574373278084e-02 5.719605962449846315e-01 -4.075179838008770039e-01 2.021410534168764928e-01 8.154771046338236129e-01 1.971197959429061564e-01 -8.076418145276129806e-03 3.405843577489446328e-01 -4.185980733618624439e-01
9.623036501049482896e-03 1.730518111107503809e-01 -8.910165432540409491e-02 -2.130359152120111788e-01 2.390805883258433351e-01 -2.843740585426594025e-01 -6.906117990065058221e-02 2.288856794648728987e-02 -2.632265263143198503e-02 -1.872686166854686807e-01
6.508062336502305756e-02 -7.432454023371484753e-02 1.501383791089806741e-01 -1.011232733249526478e-02 -4.785279552284952415e-02 -6.818477011869895910e-02 -4.644969244319197693e-02 3.377461573986952070e-02 -1.956150299691527261e-01 7.452307027078217128e-02
-2.884802889086564015e-01 7.737500854812353612e-01 9.215353486514853421e-01 -6.242311392114676671e-01 -1.054285242989973781e-01 -2.741004554001437721e-01 -3.109527524537525345e-01 -2.171264147214409523e-01 6.843499768497123270e-01 -4.240874011351228323e-01
-3.434095707023545052e-01 -4.377922483342934767e-01 -4.475408563882340429e-01 2.765952276486993155e-01 -2.324902115146005588e-01 7.239897079720267747e-01 -2.142819513372540841e-01 -5.165482594378221215e-01 7.604894792047631191e-02 4.447868896553072715e-01
-5.080264909084425407e-01 4.423602490097227058e-01 5.399186312590519288e-01 -3.209739766033359309e-01 -1.575136543415110446e-01 3.166544164890960911e-01 -3.199582275805274434e-01 2.318492790475598087e-01 -5.812668479751534889e-01 -7.140324688366980199e-01
-2.437439291867720403e-01 -4.642108162594201781e-01 -6.425490860887673739e-01 -4.190741800850875109e-01 3.910196495974915254e-01 -5.519728198645962314e-01 5.168192634764103011e-02 -3.266073309428623173e-01 -3.766231947130603830e-01 1.580010594865698947e-01
1.494080979284483773e-02 -5.460356029014087204e-02 -2.680360275740317211e-01 1.949745704596194951e-01 2.309349089123400797e-02 -9.822721308376457239e-02 7.175562004857334586e-02 -3.311658596163837009e-02 1.174967722622623084e-01 -2.613472696456999866e-01
-2.748957112774960132e-01 1.673619829356327582e-01 1.991111316586121061e-01 -1.613052013091691161e-01 -5.951517876902114867e-01 5.670778715946952486e-01 -1.329849536564506052e-01 4.516002051396130756e-01 -1.819480996813296336e-01 -5.599417006189120194e-01
1.032921340045853259e-01 7.179788737250816788e-02 -9.216931080285475572e-03 1.569263827639809372e-01 1.396972462970414997e-01 8.721212408677334049e-02 6.129828844106176983e-02 -2.416030652082524002e-02 -5.419986379967992041e-02 1.452901357879151506e-02
-5.673293039604290211e-01 -2.829792384955663320e-01 -4.579268930635408963e-01 6.338517745905187795e-01 -4.812048475209256271e-01 7.005816075952001620e-01 -3.449004737553102995e-01 -4.675765895592450816e-01 4.829944032122177044e-01 5.607366879067611221e-01
-5.395481160467155979e-01 -7.968625115660145364e-02 3.624554146203527449e-01 -3.547222463214045728e-03 8.205647172219822094e-01 -2.674021278783249023e-01 -2.286864828513193171e-01 5.789106296006840680e-01 -2.558177336991046547e-01 4.237782251396968736e-01
-1.634062236360541709e-01 -8.233768777603274469e-02 8.719491070963335255e-02 2.575487581671268358e-02 -6.569928443928683970e-02 -4.493521427902034959e-02 9.078958773772619062e-02 5.314087268704457447e-03 2.849486390625630486e-02 5.718580990649150403e-02
-1.296273625151309339e-01 2.489329422715044760e-01 -7.412178741320138257e-03 1.121971305241211969e-01 2.291719110209455845e-01 4.842958674699972266e-02 -2.222555522190152455e-01 -1.615486807766078614e-01 -6.921520400873081014e-02 -1.264844388901756878e-01
1.129792084427156361e-02 -8.788306509353113749e-02 1.106416192896602854e-02 -1.936429180312961018e-01 1.253387307095238934e-01 1.153670614731667904e-01 -9.397707548529114774e-02 -3.237145535066851543e-01 -3.055510174156786385e-01 -6.141904068966936858e-01
5.315275705532115369e-01 -1.369650207236051409e-01 -5.367504468550143848e-01 -5.757216969161625952e-01 1.336604896339112503e-01 8.774106660722801043e-02 -5.344821519161154777e-01 -6.600562363824721834e-02 -6.395019253744326226e-01 5.239015696418091173e-01
4.645801806953016588e-01 -6.390494151527194022e-01 3.801675531142878484e-01 5.771743746718703827e-01 6.330123636441699064e-01 -3.033532701757046257e-01 4.038001119075305123e-01 1.675136241662663061e-01 -1.184186668282479621e-02 4.832703953380272366e-01
4.347704882135452475e-01 -4.559262160025461807e-01 -4.128139400634097678e-01 1.770656523552529560e-01 -1.411408311784565217e-01 -4.212695921157887935e-01 5.212157221208694180e-01 4.346739676727726098e-01 -1.307912163019314400e-01 1.153474657117339180e-01
2.057859378521804394e-01 7.935888846627076054e-01 5.074648206229996905e-01 5.997698610042840883e-01 7.214130433925782793e-01 -8.025352545644609537e-01 1.666885941758464995e-01 7.992854091316096143e-01 3.091814152804158167e-01 -8.721966010456057017e-01
3.182129983855894739e-01 -1.312005278399408781e-01 5.937232200259429105e-02 1.456542676709478012e-01 -2.111568762744579775e-01 4.323012328747244948e-01 -5.137531224438705163e-02 2.303274899473420068e-01 1.515369555584248906e-01 3.350203535690536860e-01
4.455252340765565866e-01 -5.635974730444874847e-01 5.697240629811638479e-01 -3.562085733455785941e-01 -1.858009655973788532e-01 -1.592594863609108347e-01 5.513240362251794480e-01 -4.573656956602164536e-01 3.304937137073104547e-01 -2.414697464051379083e-01
6.767026511702430858e-01 -2.550178757406529328e-01 -7.074006178232001840e-01 8.933272506685163705e-01 8.629349290138754736e-02 9.338033807231302941e-01 6.929556160852852198e-01 -2.708474694713327580e-01 -9.292750684498567171e-02 7.890149733687173983e-01
-2.196259845073526562e-01 3.773823184588316788e-03 4.674623712614579124e-02 -5.387628424258693594e-01 -4.396606352868299705e-01 -2.352145939147713971e-01 2.343912215833522106e-01 -4.146589681283300299e-01 -3.062033823729005122e-01 1.488514066027795124e-01
5.181068491035254603e-03 3.816045748753204431e-02 8.087056129617839484e-03 5.431321274848745911e-02 -8.469222685110811065e-05 4.506983907784213594e-02 -1.377518672290389639e-04 2.853138965576164018e-02 7.580508254042023220e-03 1.237472356540987410e-02
-1.211727255418053734e-01 -6.068191752896837654e-01 2.843431855207225190e-01 3.015447541024971617e-02 4.823964803935906764e-01 -4.574920656209138237e-01 2.395473051876968462e-01 -3.979890728368818409e-01 7.171476174380038149e-01 4.410851603203549409e-01
-4.842839473659990013e-01 6.650196793376315085e-01 -1.046205686419092590e-01 -1.667942573728923850e-01 4.646422765136800082e-01 5.166853169469074469e-01 2.628113128201688409e-01 4.646790735732282962e-01 -4.697468753591075297e-01 -3.986155724696522351e-01
-7.034519897440150160e-02 -4.508238881629104133e-01 6.540688575361031099e-02 -4.640311567155974704e-02 1.820326537992233984e-01 1.736590079291240041e-01 1.316044790662889430e-01 4.343210383042547251e-01 -3.074784710681215949e-01 3.551605521071561355e-01
-6.790543857135756811e-01 3.937290214831687951e-01 4.496006853045716456e-01 7.224959526523072606e-01 1.317619732749492067e-01 5.909690707055947900e-01 -1.918621885546968608e-01 -8.961662803218112261e-02 7.072007812494945922e-01 9.231086074129757346e-02
-1.498639196042543809e-01 6.276528787140907006e-01 -5.641630008791593820e-01 1.929588691574965764e-01 3.082325815489053711e-01 4.162641743723800025e-01 4.023086521013625183e-01 1.165186953360288907e-01 -4.271668091061663064e-02 -1.584675810337609903e-01
2.343844727215387350e-02 -1.491333189689317620e-02 1.544868477186961409e-02 3.977277884391019341e-02 5.684886542004302656e-02 3.329914978254776975e-02 9.072274768606483977e-03 4.326836949807180699e-02 7.986885401583026373e-03 3.270925316940233307e-02
-4.911754571601136821e-01 5.958273692114089970e-01 -4.898299962444564448e-01 -4.928817991420417384e-03 5.718819927890690380e-01 -7.485585711357094496e-01 -8.001339823502978676e-01 2.633808875573582231e-01 -3.392199575588463745e-01 -7.036889743684875409e-01
-2.273314978762037697e-01 -1.984298113127042906e-01 8.865855999142557842e-02 1.427212391550927162e-01 1.570622829575220314e-01 -4.421492238581359868e-01 1.187100906981745779e-01 5.927906398443698599e-01 2.242757123350269666e-01 -8.610856501492415715e-02
-5.445025783525665464e-01 1.980873265301089647e-01 -8.128519675932756039e-01 -3.340227197744873866e-01 -6.752278301543045425e-01 7.826494394163990842e-02 -8.329234234930846803e-01 -5.077722937514910218e-01 7.982596631987258773e-01 6.890303828719782642e-01
5.085724327699089192e-02 6.494706280051872060e-02 8.613153834834567923e-02 -1.486623072633421194e-01 4.367222222397028342e-02 -6.392619895457317403e-02 -3.687690340429416319e-02 -3.758087749166917624e-02 9.658842601762265834e-03 -4.077990252428097609e-03
7.898102656266475785e-02 -2.108629128664531172e-01 2.954987605131128015e-01 4.367193671311667136e-01 -4.899696695406347002e-01 1.760602181286179124e-01 2.385129801517580084e-01 3.942209876362204324e-02 -5.044286848820551672e-01 -5.710657302479708042e-01
3.159355183956799595e-01 -1.697786943985947761e-01 3.109564356707200106e-01 -3.624837971009441107e-02 -2.548269161515276382e-01 -3.075965861198203255e-01 2.260075417880709203e-01 -3.685745653411910405e-01 -1.771883391380512651e-01 3.919645218108647189e-01
6.966375046012361905e-01 -4.809973869842887884e-01 4.774846515862729568e-01 8.239596185093003289e-01 6.141214673656123502e-01 -3.244570796156668463e-02 5.267158616928983017e-01 6.940422518616889969e-01 5.929207777630570719e-01 1.057649695312724014e-01
9.131429018353640070e-02 1.185755250237864600e-01 4.600047988087355710e-01 -1.474862437270897386e-01 1.926783547673556474e-01 -2.005772971778596869e-01 8.928127977140275229e-02 2.709470108674323363e-01 -3.769671136029246750e-01 -3.610220281276738108e-01
-3.617282087093653398e-01 1.335832855013742715e-01 3.878713210058264416e-01 -5.849331590642925516e-01 5.742191066310637915e-01 -1.289719826276211068e-01 7.257893028727454565e-01 -5.640711713914632330e-01 7.548502610635954291e-02 -4.112747081549227024e-02
1.630020365750323441e-01 -2.367657629604046077e-01 -4.442717003819042221e-01 1.725252120864645758e-02 4.759243251847219969e-02 -2.030886987769520494e-02 4.050990379721889356e-01 4.327731046105983137e-01 -3.796551283907795282e-02 -5.659550839498554975e-01
3.087678169716298049e-01 -6.216886346932948282e-01 -4.828789976693861896e-01 2.957445692378328148e-02 1.588609258268033064e-01 2.956341314387850305e-01 -2.649125043447957961e-01 2.041077814082015718e-01 -2.779578057962974191e-01 -4.067538974442460598e-01
-3.936699140615372572e-02 3.763098165260351236e-01 3.296042949153047408e-01 1.913719147705605084e-01 -6.661380997181134966e-02 2.240630481846367372e-01 -3.339103199989387205e-01 1.898481038898454931e-01 -2.044837234154644762e-03 -4.382346577176329805e-01
2.532557811951916538e-01 -1.883489696333888741e-01 -1.606149760623619138e-01 4.560199577047679975e-01 3.906897845369617928e-01 4.628270549707565462e-01 7.012633502924944251e-01 -9.143119997109998287e-02 -3.010825485231896081e-01 3.380259156342201310e-01
-5.189512283713818563e-01 -2.304232460177983721e-01 -5.312608039994672071e-02 -2.311734916263069248e-02 2.648668640588710543e-01 -2.728544443681773513e-01 1.109372382024165736e-02 -1.897428493502535674e-01 -2.891910468951535140e-01 2.433548995301366702e-01
-2.026032957164148607e-01 -1.179904702969813285e-01 -3.165671730974791709e-01 3.652723983491729109e-01 1.994059744617736052e-01 3.941885628808057818e-01 -1.964119320616021513e-01 2.947665429729691769e-02 -1.550660881289004853e-02 -2.719943867600379053e-02
2.266167741072009356e-01 2.390113013911090156e-01 1.820736214942011433e-01 -2.220637902712146450e-01 -3.763140372002433676e-01 -2.488958315538034038e-01 2.234417243462456237e-01 -3.335251235473932763e-01 3.669664408251425702e-01 6.814458904019198016e-02
-3.728358863806953676e-04 5.338636525029029078e-01 -4.419020360076821863e-01 4.763327353797093822e-01 6.485865330923218375e-01 1.776374757810904592e-01 3.201853670845336008e-01 2.759744682656711801e-01 -4.699184708616078177e-01 -6.476460174201595921e-01
2.973981080550014977e-01 -3.908484119654447309e-01 -4.303038215540634925e-01 -2.442382784326570799e-01 4.969510782197038012e-01 -6.767017672369095294e-02 2.226735801841176615e-02 5.442772774556791093e-01 2.754546063813106405e-01 -2.611923962466020654e-01
-7.602147469162495730e-02 3.034890722932953588e-01 -2.558048895307240556e-01 1.810359198664109603e-01 -5.172685272026651404e-01 -1.676128617329740444e-01 3.094930959546697835e-01 -2.752726495987322664e-01 6.765157452644695590e-01 4.591958577193353541e-01
-5.844199034742249277e-02 1.078075563590919217e-01 2.673051946238402810e-01 2.344696777923129249e-01 8.022613400306195797e-02 4.208103350769614170e-01 1.888787996253827872e-01 -9.681286067313900345e-02 1.031524759058062152e-01 3.016583134826120172e-01
