6.284631461429389665e-01 -7.930870678355290693e-01 -1.145019254893183680e-01 -6.190301032580965979e-01 3.215622487111777228e-01 -4.556881177960618867e-01 3.523252147089829256e-01 5.920965529045737474e-01 8.049932238367738524e-01 7.072237760156467878e-01
1.491447162739270305e-01 1.205888718823154848e-01 -3.868767171469184030e-01 4.044436550374423955e-01 3.951817154925520437e-01 -1.073724947703672689e-01 -2.523598036551029100e-01 -4.307527036851631075e-01 5.160429353503256378e-01 -2.686929840278173831e-01
2.783146329231934724e-01 4.414568971400968378e-01 -2.008443274006288526e-02 6.557064135140575623e-01 -5.670164456749946513e-01 -2.936518089197430181e-01 5.544587631955646412e-01 2.522887277507871451e-01 6.817519326739961416e-01 -2.658955167538462061e-01
1.650739147275534502e-01 -1.746054645101483838e-01 -4.110182954870576777e-02 -4.443196832071347885e-02 -1.426832617687314730e-01 -1.321648104119716727e-01 1.850833830851691120e-01 -1.497896185636638233e-01 1.343117764230037925e-01 -8.073398422934228991e-02
-5.231610265297842975e-03 -2.645468360403190576e-03 7.661801121494227207e-02 -8.613613915192649961e-03 7.904558892110509494e-02 1.470286843563897022e-02 1.359085514542138044e-02 6.583237402580792430e-02 7.808582195829729712e-03 3.806876079456557316e-02
-4.455932789913623071e-01 -7.468032539331433961e-01 -4.071536608294015758e-02 -7.938553892256202671e-01 7.015732497696135495e-01 -6.938260446551314242e-01 5.530806871949958126e-01 7.119580840096881857e-01 6.743578284857053573e-01 2.297294410562850386e-01
-4.936199162967351908e-03 1.767509936261779657e-01 6.430817093483365277e-02 7.010750281053650459e-03 -1.309466287336752410e-02 1.112019461785800772e-02 3.621648858682422617e-02 1.306545646656288688e-02 5.841974514320675410e-02 4.933824866928865349e-03
-5.348235666132529209e-01 6.801206122105941665e-01 8.218661480380420881e-02 6.852596641742498829e-01 2.255983184234285066e-01 -3.245087028765177295e-01 -3.837843290804169860e-01 3.201306918239543720e-01 -6.046027981845862875e-01 5.596532069371876750e-01
-7.005769952394146072e-02 5.908969591418349321e-01 5.495131584093733146e-01 -5.609441813858989656e-01 -2.790446989674634781e-01 3.695265314829880854e-01 -4.167039072160526603e-01 7.206208975837496977e-01 5.174048452052159019e-01 -1.901685364044488347e-01
8.853916986254931759e-03 -6.549675136321036518e-03 -4.707454694982901762e-03 2.858924839185967084e-02 8.783879845736933256e-02 4.768534697115615895e-02 1.162412192151713111e-02 4.769813587260431781e-02 2.945752991528330367e-02 1.846337228500424463e-02
-1.331768581679640406e-02 1.003471243316460537e-01 5.986511635521788582e-02 -6.416280843884306084e-02 2.139945898770097832e-01 1.527020473063002426e-02 -2.757066431586484637e-02 -1.267961413056341692e-04 2.770509577898561462e-02 4.849537806351277014e-02
3.422678454567239514e-01 -3.188799054094806351e-01 5.952213202091224398e-01 1.864075233056920466e-01 -3.493816348394529481e-02 -2.090163195375938365e-01 5.402698767471612040e-01 5.067703229351525618e-01 -4.532672567987778844e-01 4.087039645026775414e-01
-4.217957138259912364e-01 -4.400355181143220801e-02 4.411891019070895981e-01 5.797806904009074058e-01 4.670922449283008704e-01 -4.577828616412391027e-01 2.075265012395464126e-01 -1.355919181349467817e-01 3.158503396224519033e-01 -1.276177254457150079e-01
4.144038286057891152e-01 2.016631818103577500e-01 -4.658477833711250349e-01 6.357079842622662680e-01 1.752886305495486297e-01 5.422534403719540125e-02 7.430328726266330897e-01 -1.595791337746119143e-01 4.121598431928443218e-01 2.875450043786436094e-01
3.103016101871475252e-01 -5.498478720823762878e-01 3.614409203682049654e-01 -2.360301574526424695e-01 2.914259349194990856e-01 -1.801091182611352925e-01 -4.542289728724591136e-01 -1.668100604988810021e-01 -2.011226090118141407e-01 -6.822088131350776408e-01
-9.329182955552634514e-04 1.617902619772754527e-02 4.541091415095211553e-02 1.648334431624309468e-02 1.393956220456715571e-02 5.052914843303276532e-02 5.305413106110962174e-03 -4.326202817007268066e-04 2.302729755687006608e-02 3.914705392621550123e-02
-3.974927132279498787e-01 9.690999230855300295e-02 -5.349087359408998266e-01 -4.582846170397784635e-01 -1.437210543356999201e-02 1.939355483373798594e-01 -4.242055355072846951e-02 3.546176891263832509e-01 9.520710584866132198e-02 2.429215152545530776e-01
8.297674946572237697e-01 -5.337672859822352178e-01 -7.693720799870814586e-01 4.700892887380471730e-01 5.959919400232445152e-01 3.149311637468595326e-01 1.115673355012610363e-01 6.657052043399368513e-01 8.042207318055236698e-01 -4.411909377406209587e-01
1.380610272572633081e-03 4.163160968844918652e-02 -5.884264407799592034e-01 -4.765165097227616053e-01 -5.776763615788564898e-01 2.850009373788301992e-01 -3.636715684223553735e-01 6.707541584158438486e-01 6.699491949889055387e-02 1.281511536838637888e-02
-3.923510531606830970e-02 2.359965839216627281e-01 -1.332612478059912453e-01 6.173545401407484062e-02 1.892101120650150625e-01 -8.721471861443413909e-02 -1.956631999138428724e-01 1.328668933831853582e-01 1.403748571013961055e-01 4.835343424930229478e-02
-2.968808998493817873e-03 -5.351634947921896091e-02 -2.336040568973606901e-01 3.612612028423082267e-01 -4.049319987892946449e-01 -2.558495655287626111e-02 1.757610867470591476e-01 1.972919435233303209e-01 -3.029894554014728181e-01 1.718184449477305198e-01
2.740651249864674011e-01 -9.145483796987467773e-02 -2.198782840189806298e-01 3.998756291262632878e-01 2.630716722159974763e-01 1.635629899312647240e-01 2.067359042808476766e-01 -9.005431910559424935e-02 -1.247489689878807234e-01 -2.128081536927071138e-01
5.772238081116903147e-02 4.140347447777999457e-01 -1.983301736314026786e-01 1.701356927499733385e-01 2.522706707469152265e-01 1.291328897794398189e-01 1.010831952441959836e-01 -5.024602645943960361e-02 2.426019743848571997e-01 -6.966929450615330643e-02
5.222763686619728007e-01 1.115625247035416656e-01 8.166476100614266098e-01 -8.842796308604571331e-01 -3.956532477050435093e-01 8.721089717756036475e-02 7.580154928550033588e-01 -7.725627989622623204e-01 -2.094570557224316454e-01 -8.075640894930169456e-01
-6.267717948692301810e-01 1.825424211584412704e-01 1.289397678798053469e-02 -6.598586946386539309e-02 3.362394785800645325e-01 -1.334951485862627962e-01 -6.821567326332996783e-01 4.614593951247922266e-01 -6.515061727899967847e-01 -5.974632521365954574e-01
1.099810687517079055e-02 -3.154279302143529057e-02 -1.607064860090661601e-02 2.445350425180790876e-01 -4.845864888474034071e-01 4.157844240351281084e-01 -2.042053921078330891e-01 -2.447037824119331281e-02 2.171009349705129710e-01 -1.158541123991825156e-01
1.708275380083537076e-01 -6.254729673343478735e-01 -8.084516010988760382e-01 -8.179996919996412874e-02 -3.101036629017853152e-01 -7.991627352497919778e-01 -6.672341667142067667e-01 -7.253476418633041378e-01 8.637245641970687782e-01 -5.173482176904508067e-01
3.679472659801681922e-01 4.727204446539147176e-01 -4.057159155922852173e-02 -2.681246652877450343e-01 4.400664927914242353e-01 -2.755103673139359666e-01 5.124925441539014415e-01 3.511374487152212898e-01 1.543219443167200555e-01 1.384387571622592850e-01
-3.189334955258268933e-01 2.913525541237361738e-01 -3.574748085587281521e-02 3.164102870230717929e-02 -6.895584118866630030e-01 -2.370753148216927231e-01 3.312744140350758482e-01 -6.520387917190846316e-01 3.851187254783866032e-01 3.776081964373224974e-04
-1.713978746193088321e-01 4.745410224744007754e-01 6.124085857768947205e-01 -7.211816751053336250e-02 -2.117877473775821029e-01 -5.385232012059385509e-01 -2.581897656756384496e-01 -4.065474878891578436e-01 5.179771248542570650e-01 3.570159933049574796e-01
-3.801013759080659749e-01 -5.395471925735590979e-01 8.694431857823456955e-01 6.501510361167777141e-01 5.099618101674298076e-01 -1.409144370471190066e-01 -6.754385708725350046e-01 -8.335683730705560623e-02 -5.772372632691484817e-01 -6.631108202921366379e-01
-6.650207729226487174e-02 -1.099522320021676797e-01 -6.913635999934825138e-01 3.337066198109903681e-01 -3.806703231536567866e-01 -5.782583265057024136e-01 7.970747229991491656e-01 -1.520601527075337578e-01 -1.319948736318135862e-01 3.548747914103706491e-01
-1.489387444757806211e-01 6.063831953452075707e-01 -4.886336771741373597e-01 -6.684332126708282251e-01 2.551658218557549818e-01 1.323734576767582327e-01 -4.337235462223971300e-02 2.557157862431519990e-01 3.154334768198567840e-01 2.477326284413015056e-01
3.091144234336716812e-01 6.335908960436945625e-01 -2.221801421685943578e-01 3.525651931058543798e-01 -6.107013543512601617e-01 -5.779749033369135924e-01 1.089246737763775313e-01 1.923377166146391370e-01 -1.169127132637106659e-01 -4.402167961630626403e-01
-3.424722286606257660e-02 3.177727865054198464e-01 3.510459134343729137e-01 3.132244227150630667e-01 5.174541044163394332e-01 -2.783509382259443665e-01 -3.700786547161288298e-01 -5.299894315129739797e-02 -5.641560387176322022e-01 -6.190442971142710166e-02
-3.528013372390574887e-01 5.888080979930981895e-01 2.757175301963089575e-01 4.286857725130930885e-01 4.003988733820366686e-01 -4.515583045278694918e-01 3.558155151298859620e-01 -2.609643983831152481e-01 7.166103372378992420e-01 -4.222948669159172219e-01
1.053527002853254374e-01 3.472810555125494664e-02 3.539493000967708358e-02 9.253770363580954977e-03 -7.637378581842788582e-03 -1.029477229325096409e-02 7.598795103188355632e-04 1.723140762422372130e-01 -1.007277318650408836e-02 -6.404475506392094024e-04
1.371764000946531226e-01 -2.481483879173702542e-02 -9.140088744304764728e-03 -1.683029571957972426e-01 -2.258725766011178693e-01 -1.274477714402701307e-02 -5.817511879641795725e-02 9.504066579532249870e-02 -1.160530999300144611e-01 -2.816019795094462097e-01
3.828118586779685750e-01 -5.490517744090175345e-01 -2.856775295128480829e-01 -7.030865082837366442e-01 -6.882213250569067797e-02 -6.943315831108998193e-01 -2.032936012050291230e-01 -6.339511969694648919e-01 -2.114773131406751105e-02 3.127265669718961028e-01
2.843975699558820569e-02 -7.854845716479934292e-02 -1.206205292808674783e-03 -1.598717351751693895e-03 1.719406557629840071e-01 1.084627232454055064e-04 6.894645496422810438e-02 6.123246981730408323e-02 -1.962739724735851343e-02 7.148602325999722784e-02
1.116629741920844854e-01 2.480805204129775399e-01 -3.387887156301663122e-02 1.163480314418041534e-01 -4.177692201533606681e-02 1.630665156374566382e-01 -2.779616112551827611e-01 1.799666830605006207e-01 -4.171086017347471614e-03 7.199904542128557350e-02
-3.822215445702242809e-01 -4.044425713070857326e-02 5.792147919879204743e-01 -5.063285826522051503e-02 -2.531286272689484140e-01 7.109476366525702140e-01 -3.183115123565083970e-01 -5.171201696699089245e-01 -4.077325453488761520e-01 5.436217554897817550e-01
5.803795002205668352e-01 -7.574828447184654701e-02 -2.596665156491189674e-01 6.618664758402345027e-01 -2.619479233487027048e-01 2.617235491417706575e-02 -7.756173013328020449e-01 1.503471543592409532e-01 -5.355016459356366498e-01 7.418765969898022394e-01
2.472120383267869259e-01 1.682315622457613846e-01 1.094889989275804783e-02 1.148210621919667912e-01 -7.191198298521227217e-02 7.442135660070750558e-02 4.425307898602449941e-02 5.106381812853497126e-02 1.146584424644661732e-01 1.374100547278351847e-01
-5.198091774200656046e-01 -8.462952893881288130e-01 1.550872965329942177e-01 6.036016518595844760e-01 -2.752975953966650402e-01 5.896787968395860169e-01 -8.403469821264329953e-01 -6.965620663426579096e-02 -6.876838774053202208e-01 6.391908786425906097e-01
-2.208492371284001207e-03 1.271687123954359615e-02 2.830015511237263248e-02 -2.484989971822986962e-02 3.212642270832825192e-02 3.472894874225777861e-02 -4.578856638498827319e-02 4.334992842094283205e-02 -5.682843690549246179e-02 -4.086578416684614329e-02
1.996603078763128647e-01 -2.354092366497594901e-01 -4.377677021169303351e-01 -2.987398727484436578e-01 4.341315209066218817e-01 3.656200598524358414e-01 -2.079442364403980559e-01 -5.323865067846144106e-01 -5.169188294590376653e-01 4.908716018924500490e-01
2.779374337267377926e-01 -5.078463679225200256e-01 -2.070671441643175126e-02 -3.380983155949076613e-01 9.752516582928393019e-02 -2.917402443521659450e-01 -3.933451481887235146e-01 -6.300911826437449736e-02 9.408866119062294850e-03 1.776640216084013901e-01
-1.107904390848361564e-01 -2.844541704282343986e-01 -7.681838959492201524e-02 6.897522690373340815e-02 1.737176550385028662e-01 2.138639673244676354e-01 2.341386231926692596e-01 1.937586904469326132e-01 1.215671662051620028e-01 7.903794181187862034e-02
-8.560241135099583287e-01 4.487853401917136220e-01 8.845673981701115962e-02 7.398091017250985058e-01 -2.688832306979018760e-01 -3.179028877719895507e-01 -1.515071041948498065e-01 7.620241967913629066e-01 -5.125865101671948920e-02 1.401574420427500467e-01
-2.420864839585683270e-01 8.393786430016209055e-02 5.651860383765646700e-01 -4.028303129797402571e-01 1.992814816165525971e-01 8.062702184687755569e-01 1.950857439497878099e-01 -7.677978508515376742e-03 3.365860622039693051e-01 -4.146648710787422254e-01
-2.905954165589840973e-03 1.243502154704251156e-01 -4.802012170591737905e-02 -1.130721124467359284e-01 1.413052228889623285e-01 -1.625780686692967214e-01 5.700430006651727860e-02 2.194192793023206148e-02 -3.061719324104446478e-03 -1.211694952877324788e-01
7.076757395721389177e-02 7.670038809917755808e-03 1.816286678756000583e-01 -1.771486937227970127e-02 -2.922355407652249548e-02 -4.285097952720080816e-02 -4.062362665514270346e-03 2.828727830789801514e-02 -1.209655225570960696e-01 2.976697513730701058e-02
-2.854311255580631590e-01 7.642072439025242581e-01 9.149293194368193216e-01 -6.203846792531183540e-01 -1.043309792830918875e-01 -2.514614795515772716e-01 -3.170815294325191602e-01 -2.256578778977745559e-01 6.804024863949945656e-01 -3.994338024361825945e-01
-3.384052688362663153e-01 -4.366393406584904158e-01 -4.447275770335463729e-01 2.743101553028640671e-01 -2.325765685992689236e-01 7.272085599377692278e-01 -2.088002177152886440e-01 -5.144062750714769594e-01 7.507906963184216020e-02 4.386027277114842859e-01
-5.075796763617657081e-01 4.419428178579732358e-01 5.393902360362062831e-01 -3.210124908105305708e-01 -1.558700176667916493e-01 3.177806632589900704e-01 -3.198797208579254314e-01 2.312001256326588206e-01 -5.809808155230256066e-01 -7.119632698075375465e-01
-2.343406807515178158e-01 -4.526277213031293378e-01 -6.240851932172107874e-01 -3.868581950966194505e-01 3.788993260409748709e-01 -5.362057533814112986e-01 4.749118088472297633e-02 -3.168372037164384203e-01 -3.663432501493474325e-01 1.464495817414180057e-01
8.264280270838447739e-02 -4.125977558039264220e-02 -2.383422618650246072e-01 1.678641597705421706e-01 2.937585530361532318e-02 -9.240422547661709951e-02 6.501438233336753747e-02 2.894975783984924441e-03 9.538752074479070475e-02 -2.193623046300281210e-01
-2.586304656953877790e-01 1.635840199993380539e-01 1.952305483246629392e-01 -1.450184896804282420e-01 -5.739230567255951820e-01 5.648931613032697197e-01 -1.264225992690061751e-01 4.393554571356177996e-01 -1.759595293428558582e-01 -5.504849965987753668e-01
7.407077061181123467e-02 3.198325695455811468e-02 1.759639561191811419e-02 7.111800109418157934e-02 1.050981835335497577e-01 -4.178553356619723984e-03 1.508570663215772281e-02 1.282755738482299103e-02 -5.695158299105240220e-03 3.479894983459814756e-03
-5.658844163426702822e-01 -2.821084379658778674e-01 -4.566141809346869196e-01 6.322074733754127207e-01 -4.835307015441094314e-01 6.928039163314373416e-01 -3.442244468200478802e-01 -4.582809241594550387e-01 4.823786469421397216e-01 5.608349527275987567e-01
-5.398478087300495609e-01 -7.968919796170363667e-02 3.621549359030817317e-01 -4.017906902382229611e-03 8.202476213298682817e-01 -2.675071879704067901e-01 -2.276504327577268394e-01 5.788151602618388791e-01 -2.556586660227800345e-01 4.228239675444646073e-01
-6.195311451538040859e-02 -3.643089145993448630e-02 4.319786099165630333e-02 5.482608808800197575e-02 1.496014038129310194e-03 3.379792580748668118e-02 3.390626662521791651e-02 -1.113313719098599913e-02 6.861356665725616873e-03 1.134574682602217804e-01
-1.011882229026383473e-01 2.404649982109264006e-01 -1.878117051370520318e-02 7.730174009729982865e-02 1.753202493315107469e-01 4.561309036989650428e-02 -1.542481691924830756e-01 -1.397423044733783204e-01 -5.005189801800917493e-02 -7.954884338122485132e-02
1.081196500489862641e-02 -7.114417594774180564e-02 1.565194439272255336e-02 -1.721997845211122868e-01 9.725566875747951312e-02 7.408412128065608449e-02 -8.493152560450943633e-02 -2.467945819016901243e-01 -2.764724101615386731e-01 -5.488136216983802163e-01
5.198131568909156730e-01 -1.089436271205766471e-01 -5.279259709315256011e-01 -5.620132589005136792e-01 1.241917953461093016e-01 8.669104376507498488e-02 -5.148254845733443164e-01 -6.772814417175447577e-02 -6.218668357751062636e-01 5.122724053793457077e-01
4.615125759440068531e-01 -6.364802790381635100e-01 3.784193173867690940e-01 5.747702787755439857e-01 6.294610048088169485e-01 -3.051227718408081047e-01 4.010000285980973578e-01 1.713257818036743596e-01 -1.262304931771874618e-02 4.826115599468867035e-01
4.206937736963620167e-01 -4.471606210903492640e-01 -3.822121867576602772e-01 1.668610688677940324e-01 -1.395074098028242504e-01 -4.140302700949023418e-01 5.044398361017441434e-01 4.235685438133471870e-01 -1.277113449442578152e-01 1.123221445769314319e-01
2.124116213389543040e-01 7.906716061052118105e-01 5.094719245066813285e-01 6.025250350334572236e-01 7.223490547720925470e-01 -8.030300788870494699e-01 1.673188031601895720e-01 7.929835530730977577e-01 3.089886781815096573e-01 -8.704041534556750115e-01
2.800203121323042721e-01 -1.157487025238184836e-01 5.431480867157872927e-02 1.361455901001847324e-01 -2.051539174312119740e-01 3.657435297710808220e-01 -3.373015828644262276e-02 2.358648910851990632e-01 1.430259785768416836e-01 3.472410839534099125e-01
4.323858429834512851e-01 -5.407269165089656493e-01 5.566876084705802974e-01 -3.538626800561262553e-01 -1.760866433682556631e-01 -1.590563245422011440e-01 5.541564281040768369e-01 -4.460970985827645285e-01 3.270126927205537215e-01 -2.337673442655751055e-01
6.766387347234890104e-01 -2.550036001543870556e-01 -7.074584532560286299e-01 8.932583712407800025e-01 8.626010642852723065e-02 9.341072077569158028e-01 6.929450204352914922e-01 -2.708447988666320971e-01 -9.290677505436950590e-02 7.890342439403916774e-01
-2.178650581979912071e-01 6.695732650609971526e-03 6.055739749082342943e-02 -5.234526775082869454e-01 -4.283541085553304040e-01 -2.351834346245313123e-01 2.193588801343131223e-01 -4.079360629240316727e-01 -2.970217512400428750e-01 1.437749417777038907e-01
5.384671751590296672e-03 3.849020521222453611e-02 7.492700623120398737e-03 7.830469175201090759e-02 4.754118920264771390e-03 6.701413315396126391e-02 5.313385992459141241e-03 4.307872022214776636e-02 6.436751480069511158e-03 1.907171770957432483e-02
-1.266390940507311769e-01 -6.032026497992927228e-01 2.761184155170373633e-01 3.346463984460492508e-02 4.916903329244222132e-01 -4.555945483887998693e-01 2.463860558568627679e-01 -3.978759238888717742e-01 7.151524238877139394e-01 4.424036181523152145e-01
-4.830118902476188691e-01 6.725279228960413525e-01 -1.037361147809750389e-01 -1.631869542205471590e-01 4.563391826623985903e-01 5.139596422547476617e-01 2.681724422762576943e-01 4.599871736947099832e-01 -4.635960040711752939e-01 -3.979782985527504091e-01
-6.621988970654107964e-02 -4.179066867630102933e-01 5.615396961761401351e-02 -5.720995088771405751e-02 1.577637510149972888e-01 1.744664204777434668e-01 1.138072291851655038e-01 4.117508637456393505e-01 -2.757958445812301873e-01 3.273350492942027068e-01
-6.774241741841668940e-01 3.952428540331776596e-01 4.481661272750512293e-01 7.199942771300973376e-01 1.306707085448423900e-01 5.890686188788126776e-01 -1.913538364977318829e-01 -8.503281292471064068e-02 7.054547085692047803e-01 9.196827512953700823e-02
-1.490616977762036222e-01 6.239618651765342916e-01 -5.614654338626695607e-01 1.915307800086940848e-01 3.063466299370073975e-01 4.250132718770268103e-01 4.000396443911064526e-01 1.155131217955482070e-01 -4.285923053431581892e-02 -1.581149119207433673e-01
1.215684183331585365e-02 -5.099993559240460078e-03 2.280742118266924912e-02 5.636694828401996038e-02 6.150254031560804108e-02 3.019869050757403514e-02 6.805031242749573495e-03 8.526066895710775195e-02 3.995989016747689831e-02 4.706511533956573429e-02
-4.907698746616858676e-01 5.990641862100091197e-01 -4.900823125088303311e-01 -5.598040217319864668e-03 5.722906434937667930e-01 -7.475729736576225415e-01 -7.993177876612228561e-01 2.622438661704108998e-01 -3.389293242105513304e-01 -7.029593776446758646e-01
-2.129789144146608804e-01 -1.617925175336908106e-01 8.083665730288484841e-02 1.389156148161630189e-01 1.421637268326977899e-01 -4.150664262006815708e-01 1.111838487439069378e-01 5.748025789335432512e-01 2.064605242740759627e-01 -8.258709402285237255e-02
-5.440549606090288037e-01 1.970221235510798141e-01 -8.104187362820789442e-01 -3.332808313108260867e-01 -6.752795406305633907e-01 7.863755283497851634e-02 -8.325225360473187397e-01 -5.071959213829153601e-01 8.000178911004427462e-01 6.874130350319398453e-01
4.856721970464483035e-02 3.172765731918884835e-02 7.887725129844011529e-02 -4.957027004465106024e-02 1.474733357840002541e-02 1.260643599102985631e-02 3.061245468982684223e-02 2.746689173449809798e-02 -3.308613204576702545e-03 1.298661036179733601e-02
7.536370534905043050e-02 -2.059454230568236177e-01 2.919365406271189900e-01 4.345030561413377734e-01 -4.834750286313116985e-01 1.847421004429304903e-01 2.263583350518208193e-01 3.694878976644794255e-02 -4.955163666911879816e-01 -5.566031368717085925e-01
2.167983639765449777e-01 -1.176487191373420810e-01 2.181660096081748657e-01 -2.719279797644948843e-02 -1.949755678485899923e-01 -2.252830797108694161e-01 2.256191846834759984e-01 -2.494493179926289550e-01 -1.141760380156084942e-01 2.882608583686058212e-01
6.965941707986571529e-01 -4.801720843153026164e-01 4.768289378110007193e-01 8.245687132457165669e-01 6.134467182480889402e-01 -3.285539804164273880e-02 5.271072994652545862e-01 6.937006723343317471e-01 5.925080613825106646e-01 1.054222977543135542e-01
9.609591579119992899e-02 1.153817720600360947e-01 4.717113508156969837e-01 -1.434068465466074582e-01 1.865444801904411476e-01 -1.969487547002331251e-01 8.842927083997077775e-02 2.651730664863202191e-01 -3.722522777471529709e-01 -3.560645996742426989e-01
-3.568931630596043902e-01 1.337341971581950673e-01 3.852142659414135584e-01 -5.816192099472108357e-01 5.703738373799258632e-01 -1.212309082780018699e-01 7.211005813779634011e-01 -5.608018260160569923e-01 7.488492885294817381e-02 -4.131741278260545741e-02
1.576786868895926341e-01 -2.180976267026475957e-01 -4.160525015871768817e-01 1.506197295357919984e-02 5.131058477447922317e-02 2.007911088826567353e-02 3.794444247476991827e-01 3.854260888649372885e-01 -2.960402215132744083e-02 -4.917357462477967567e-01
3.046242219509809335e-01 -6.142711688080449983e-01 -4.703023087553085402e-01 3.026719849340794161e-02 1.543332501324969352e-01 2.917233381784141155e-01 -2.634137735729933372e-01 2.000407313033393530e-01 -2.645600851813734722e-01 -4.029032422233332911e-01
-3.675094955194403018e-02 3.760935039049761452e-01 3.178247626862555908e-01 1.818011662874450263e-01 -5.320489981828786102e-02 2.233847640150786185e-01 -3.229466179534700720e-01 1.838433240673653657e-01 -5.429501167495072488e-04 -4.154643413501428184e-01
2.503217310974182874e-01 -1.879524919732753763e-01 -1.566460022804465058e-01 4.520054822415406348e-01 3.869699570089190632e-01 4.675199657471875159e-01 6.916415642543429776e-01 -9.404182393129044415e-02 -2.906537244309629342e-01 3.416449317883913928e-01
-5.105624784387062798e-01 -2.144126202426365202e-01 -5.494953405279912745e-02 -7.741513681715621667e-03 2.651901483079573407e-01 -2.369367655668074557e-01 5.450380466963222759e-03 -1.837275313960773648e-01 -2.865430417294494991e-01 2.391168336470492206e-01
-1.647439774427050807e-01 -6.594820168543294447e-02 -2.419902063498912403e-01 2.311171451396382137e-01 1.748096485766242048e-01 2.889625105911163283e-01 -9.522359275964789593e-02 6.288679452062002906e-02 -1.173823879933962771e-03 -4.435598003865498518e-02
2.121961519012780795e-01 2.409994593455969392e-01 1.721682993588997124e-01 -2.149346994628636154e-01 -3.648754687673579356e-01 -2.423775951934534767e-01 2.341747334818664594e-01 -3.127216839856502006e-01 3.506555835511792063e-01 6.436300137459186055e-02
-1.941863368987582742e-05 5.347186735629607668e-01 -4.410951187906618776e-01 4.749903504709669377e-01 6.462119084440755001e-01 1.769100054887941809e-01 3.234223795805832857e-01 2.757604514959380304e-01 -4.689033344322369734e-01 -6.461648056974722554e-01
2.814920087783917557e-01 -3.706878001308240855e-01 -3.920876302975151440e-01 -2.322918307504861779e-01 4.702382768707480398e-01 -4.671057076689670573e-02 2.088843707126829957e-02 5.166582086295935516e-01 2.615170472399427903e-01 -2.436849745719752991e-01
-6.742557636404267196e-02 2.967195909497259421e-01 -2.510096920629793504e-01 1.817131156594959940e-01 -5.120758258880676594e-01 -1.679623899262742415e-01 3.093286216493031926e-01 -2.790549701506270797e-01 6.674071693323748722e-01 4.500834067197076460e-01
-1.514752393906915705e-02 9.478228028296772911e-02 2.155146559851797705e-01 2.077718179900468753e-01 8.650563898592145140e-02 3.602167328775254806e-01 1.702577989591378682e-01 -1.081316608092306730e-01 8.799703844788750451e-02 2.581594546057528472e-01
