6.298731806283124346e-01 -7.983147615832950628e-01 -1.145568142607868989e-01 -6.200520194557133102e-01 3.229450083456826270e-01 -4.557708535486417190e-01 3.511068094119093042e-01 5.925784924936461362e-01 8.038462845857539119e-01 7.085277464361240396e-01
1.497507827383521561e-01 1.205864131481898943e-01 -3.895558704047911158e-01 4.036848041813174137e-01 3.966157333945577457e-01 -1.090912410322151943e-01 -2.520706661796054404e-01 -4.320047142102070858e-01 5.167475916015441539e-01 -2.685257905762836739e-01
2.798290869744997633e-01 4.420359943691718474e-01 -2.031719245576434768e-02 6.573493005525816724e-01 -5.686240781851260584e-01 -2.938100482738121855e-01 5.567376941047813554e-01 2.490317918631459460e-01 6.816299149417928138e-01 -2.663071055216196803e-01
1.553928557814172329e-01 -2.412113747280663079e-01 -6.776132038279839009e-02 -7.480332912740363105e-02 -1.926497783445763612e-01 -2.160056482850406523e-01 2.641509185733512677e-01 -2.373561431878168093e-01 1.869162137559060022e-01 -1.220441740451888163e-01
9.354285129797408279e-05 -3.475619356519431269e-03 4.351127457763236811e-02 -1.186532006133491322e-02 9.033712198527035775e-02 1.204811542415811301e-02 1.699832184048978220e-02 5.396848673161674936e-02 -1.181559776610806257e-03 3.079175972036752792e-02
-4.456087127408754345e-01 -7.475346445638465509e-01 -4.073307247219695726e-02 -7.937878476569203423e-01 7.017969369553286318e-01 -6.937485809275076853e-01 5.531842672033249197e-01 7.116682430732732545e-01 6.745589373833393854e-01 2.297636252247520772e-01
-5.430725095732543382e-03 1.503697835667825444e-01 4.647782240483934457e-02 3.820234556880409450e-03 -1.517063213093309236e-02 1.075765101589596165e-02 4.716915044473656698e-02 3.207684807681382422e-03 4.847891020720389993e-02 3.296603367883648946e-04
-5.353484647601682855e-01 6.812025004252075799e-01 7.864807261256036297e-02 6.865525060352118958e-01 2.264051596675755729e-01 -3.247444717999865005e-01 -3.841570261219952043e-01 3.206500522834220823e-01 -6.052913259243267730e-01 5.606464066924623513e-01
-6.884992069098370970e-02 5.907248437814281994e-01 5.511418621673898066e-01 -5.607968008638648527e-01 -2.793435693941852538e-01 3.695242446585331186e-01 -4.202940869481897601e-01 7.188842237079078323e-01 5.169552880938649286e-01 -1.892200329895514788e-01
7.501179594138340919e-04 2.504204897588691253e-05 -9.579072973966406548e-04 2.048939176527299691e-02 6.123623628106005662e-02 3.449578865493786728e-02 7.934829511574573516e-03 3.538422790692256209e-02 2.619802463031954687e-02 1.721862834248094262e-02
-3.017193473538637080e-02 7.453506441222228218e-02 9.080789737160052666e-02 -1.148799233030012718e-01 2.489747279185428319e-01 -4.947224552328210144e-03 -3.654587302711347074e-02 -1.867493117267788813e-02 2.867330978977606845e-02 5.279559607345100242e-02
3.423853005975387442e-01 -3.189582967214596443e-01 5.940497645832243379e-01 1.864660747961780496e-01 -3.493832090631285997e-02 -2.090673578041761238e-01 5.404150512287703156e-01 5.066291675008111062e-01 -4.533857975182463140e-01 4.088202643369988620e-01
-4.248440878570570733e-01 -4.325039996492632127e-02 4.452835497191823255e-01 5.846066002788463667e-01 4.662321809121156013e-01 -4.682247090158138669e-01 2.078573450541616741e-01 -1.353259056133239435e-01 3.174328452034247960e-01 -1.292488710242470362e-01
4.199549091353406149e-01 1.975914037706550941e-01 -4.643820296378773360e-01 6.398286877642159753e-01 1.748581083366264055e-01 5.387907237044133046e-02 7.433548775457889946e-01 -1.645130952108701805e-01 4.110746872663802454e-01 2.873038777936967048e-01
3.110950710251034756e-01 -5.502734683123355897e-01 3.561897582069467605e-01 -2.369405643182616872e-01 2.907163645031735633e-01 -1.816447758854033145e-01 -4.557021071806902635e-01 -1.669773737257108370e-01 -2.005127785655938244e-01 -6.857643410309124388e-01
-3.846229022156242173e-03 1.746646417489008604e-02 4.470856627886621304e-02 1.726474983832011409e-02 1.659887784806138300e-02 3.460674915732492307e-02 7.004791888505675947e-03 -1.467649998808346267e-03 2.102852967250535762e-02 4.386752721678098543e-02
-4.379195634601459886e-01 1.082102485959418603e-01 -5.698171787948955735e-01 -4.916591427393510738e-01 -1.022114727582435628e-02 2.137095497521572796e-01 -3.969648253314003034e-02 3.751751223692866288e-01 1.018544039376318572e-01 2.414108544886167107e-01
8.297840661256171702e-01 -5.337759877537764375e-01 -7.693869005678518613e-01 4.701085202458266110e-01 5.957334200991479811e-01 3.149380480483489619e-01 1.115850222687166104e-01 6.656929667495754543e-01 8.042211836908759182e-01 -4.411761606442677341e-01
1.807610837754553088e-03 4.236869365565452267e-02 -5.916616695568666096e-01 -4.778257748942000283e-01 -5.792931976804633898e-01 2.861215689242327942e-01 -3.647271957114709973e-01 6.674246329518228604e-01 6.745427764794838243e-02 1.285298758853991447e-02
-5.706280171897696457e-02 2.742460054180414497e-01 -1.445570780881060280e-01 5.606565880689465264e-02 1.824130969028718019e-01 -9.961607627917119789e-02 -2.364491884966608282e-01 1.711222033075459337e-01 1.677036770407613619e-01 1.992895902392283897e-02
2.646762120580140043e-03 -5.643398164715858478e-02 -2.524525508759515868e-01 3.766208177935631563e-01 -4.227524617649178751e-01 -2.433288732406593824e-02 1.869786726242678998e-01 1.800801748453050577e-01 -3.217446243467823042e-01 1.853151136625930673e-01
2.845193274727458310e-01 -9.511791682948514404e-02 -2.539344639526125436e-01 4.128089322212223911e-01 2.742834798989746137e-01 1.683310404141012129e-01 2.193301774016955807e-01 -8.677028358343616410e-02 -1.294773419195955899e-01 -2.148625314459509106e-01
6.338883504205550246e-02 4.427926416305221768e-01 -2.336252382410496931e-01 1.830386909298283016e-01 2.708968848446336453e-01 1.401749676473138251e-01 1.077275367618669433e-01 -7.730472029446203153e-02 2.595110658375622825e-01 -7.294430006420858648e-02
5.223025617323234782e-01 1.113618075184582557e-01 8.166820400163972149e-01 -8.843014762079492996e-01 -3.956709308405996772e-01 8.723394490969904602e-02 7.580738376335408590e-01 -7.726012967250142083e-01 -2.096647995380522822e-01 -8.081272796624855426e-01
-6.279522967398595279e-01 1.829680940019297319e-01 1.125666696316460560e-02 -6.571567264211383708e-02 3.369564417202465245e-01 -1.381454115462609489e-01 -6.842687715618275268e-01 4.657085545270133742e-01 -6.531715716925776682e-01 -6.054205775639524001e-01
1.253879010014593773e-02 -6.143321393444414052e-02 -1.677827073921158568e-02 2.573799738044130203e-01 -5.011042018443627732e-01 4.394939670801636944e-01 -2.136298480960354962e-01 -2.437410718337037346e-02 2.281969161132232915e-01 -1.172848833002897717e-01
1.710661067006689073e-01 -6.255166497166387840e-01 -8.102035969068215326e-01 -8.162613848869425259e-02 -3.101513280761999947e-01 -7.990994597389766696e-01 -6.674745089164629830e-01 -7.254117576096980047e-01 8.642035249244379713e-01 -5.170989931439352594e-01
3.700178414016234707e-01 4.753176724547735210e-01 -4.065029666629971922e-02 -2.687161572131382403e-01 4.388167942092762730e-01 -2.837725918843469475e-01 5.159150464958710547e-01 3.537218092415670423e-01 1.557208187651311360e-01 1.388304837231979505e-01
-3.193196256226610852e-01 2.871343008593056356e-01 -3.486622881175904104e-02 3.066220403545747222e-02 -6.917985546521753237e-01 -2.438194011189044885e-01 3.282404245131188558e-01 -6.553535058647631528e-01 3.876861355230612483e-01 1.472752883043308746e-03
-1.753224672112483340e-01 4.799968375070703952e-01 6.161190800440100590e-01 -6.714870677770042040e-02 -2.285362956980787896e-01 -5.423020443603606688e-01 -2.604158740464285193e-01 -4.159054367001616681e-01 5.240239373182774552e-01 3.654260929446863648e-01
-3.794558711654164584e-01 -5.448975972644445331e-01 8.693471691311551730e-01 6.492488029031919794e-01 5.120174887124857577e-01 -1.406214267696258291e-01 -6.777772139981687038e-01 -8.282788392346740469e-02 -5.801621838831061417e-01 -6.627088190382972588e-01
-6.622060168830622151e-02 -1.098938905133096944e-01 -6.934261922446630644e-01 3.343138387967304337e-01 -3.813126400452891418e-01 -5.858785173345317787e-01 8.008882019782589401e-01 -1.497814488238505826e-01 -1.321953462403155921e-01 3.506199032304291308e-01
-1.485547226700166257e-01 6.085412571829075246e-01 -4.899711826437998519e-01 -6.700987016485393521e-01 2.546268388500242397e-01 1.313040307861738920e-01 -4.224932575369858695e-02 2.492943602707547168e-01 3.143943049712214499e-01 2.519462443149867448e-01
3.114047121725012635e-01 6.376228361578762938e-01 -2.227466180671342499e-01 3.560799699542654961e-01 -6.244638395477262183e-01 -5.823237779332942621e-01 1.092787471657967885e-01 1.963239347630473530e-01 -1.150679238221294365e-01 -4.430731278208733803e-01
-3.358661775656181236e-02 3.146752206410796115e-01 3.526315593888683653e-01 3.140340236659527329e-01 5.182179490554696955e-01 -2.809795760494896988e-01 -3.710512561556683075e-01 -5.447923170748690536e-02 -5.650486029571223368e-01 -6.144965459526839646e-02
-3.530735553240544888e-01 5.926993037794942021e-01 2.732077655000385019e-01 4.318424794095940822e-01 4.064401470681756057e-01 -4.500845863055095708e-01 3.589322159467044360e-01 -2.677451150297776583e-01 7.202282569779079324e-01 -4.226779016014791668e-01
7.031918244314838695e-02 1.896901809885060894e-02 2.550946942635101689e-02 -5.992781552763019361e-03 -9.507758368196990093e-03 -9.357980413176345685e-03 4.121042636429972416e-04 1.307379992491836396e-01 -1.006696381883053285e-02 -2.105741310624864322e-03
1.883298424552715122e-01 -1.729345771945893159e-02 1.392182328000424879e-02 -2.285189260814287637e-01 -3.367313851615335030e-01 -8.686688851160162886e-03 -8.579125776366551548e-02 1.504323249212737579e-01 -1.275727244259103610e-01 -3.587666592089723827e-01
3.839020991213036305e-01 -5.503562515581924552e-01 -2.874244530255009589e-01 -7.046064594720804486e-01 -6.887502074039321409e-02 -6.994047220120876984e-01 -2.018907251801948244e-01 -6.335986693495291311e-01 -2.140336612151238355e-02 3.045484621885112264e-01
1.858140434260652230e-02 -1.133560524463707725e-01 6.546044373840711854e-03 -2.134314662063579657e-02 1.665165535006414010e-01 2.778097209842760040e-02 7.520138502641639244e-02 9.139068520205269330e-02 -3.684326519820214918e-02 9.558533408377034579e-02
1.196107579105800262e-01 2.525960189270332612e-01 -4.189759081003010394e-02 9.139686975084905518e-02 -5.296191280608594093e-02 1.996395835308199529e-01 -3.252826111604701365e-01 1.983165019486550773e-01 3.956574955450117462e-05 7.493332981616478150e-02
-3.916358067254528397e-01 -4.396886343189833346e-02 5.819226833073469773e-01 -5.093451867540394612e-02 -2.561851375484082149e-01 7.161889641684665575e-01 -3.185429778126703249e-01 -5.276465769579186116e-01 -4.081443368547506556e-01 5.382151315126509905e-01
5.805859419239494112e-01 -7.688844572939941557e-02 -2.597200520298942328e-01 6.621320668935563036e-01 -2.619536625391893359e-01 2.591245892607814058e-02 -7.757659717305788183e-01 1.501094418135625608e-01 -5.355538237420270908e-01 7.420417359525053325e-01
2.616867184396163837e-01 1.818469891765736590e-01 5.684913902407387302e-03 1.220141917194159098e-01 -8.081978055720505372e-02 3.612339945180288725e-02 4.352452253585149811e-02 6.056766351045949487e-02 1.266734620060151473e-01 1.498132176903124446e-01
-5.194388175783184458e-01 -8.473031772779183735e-01 1.534364369641443571e-01 6.033254217878950554e-01 -2.746989195578297682e-01 5.899155673490870111e-01 -8.406141834141445113e-01 -6.928148553042100255e-02 -6.878854544747885491e-01 6.391816419437391650e-01
-1.553620557707798347e-02 3.416947154030038764e-02 8.253476817426283474e-02 -1.823477151986046749e-02 -6.523922656976417767e-02 -5.355846902579959601e-02 -1.208161784218656498e-01 5.010491671696050420e-02 -1.008237890232831641e-01 -7.035219262227210280e-02
2.028864970547749613e-01 -2.388003400989161529e-01 -4.419035355116019415e-01 -2.977287431249335814e-01 4.315389088570242282e-01 3.680528672576476867e-01 -2.051130966706301573e-01 -5.451463316132392212e-01 -5.229521075043795930e-01 4.989393920766750923e-01
2.879702277656410181e-01 -5.258236130040000456e-01 -2.278347629686998735e-02 -3.506875418571137604e-01 9.675106027335562964e-02 -3.034345087504689009e-01 -4.281452487097796578e-01 -6.768549291423399394e-02 1.096492656138426010e-02 1.843560276165927270e-01
-1.220323437175703102e-01 -3.097002049259827694e-01 -8.436644125556999607e-02 8.363706848957605522e-02 1.535847166832894628e-01 2.337979866361887538e-01 2.603581960434810383e-01 2.209433210597443742e-01 1.402681412415336393e-01 4.797915032245890499e-02
-8.572367033092797017e-01 4.481193534262025713e-01 8.879052627230042682e-02 7.376862617303099334e-01 -2.692200299603482172e-01 -3.181919029033739577e-01 -1.517022670717489419e-01 7.631093638498972487e-01 -5.123404086293447540e-02 1.405067334883483565e-01
-2.474823848472539056e-01 8.431464440442365538e-02 5.668909530065434632e-01 -4.040988301430231133e-01 2.001375818118908689e-01 8.084660306715114597e-01 1.955579262223266501e-01 -7.723792796628819492e-03 3.375473048324834635e-01 -4.156558611919864976e-01
4.324913832970089279e-03 1.516297195880038362e-01 -7.235940377703041493e-02 -1.683130114254388909e-01 2.003291086698670287e-01 -2.310149873301615975e-01 -1.902583781059326296e-02 2.132611228712811766e-02 -1.701202238751113940e-02 -1.534420738249814842e-01
7.688939607351590044e-02 -3.506113620282128723e-02 1.597752222822623747e-01 -1.125082910331097648e-02 -4.220065716227276026e-02 -5.356754328959967282e-02 -3.137354093054953164e-02 2.903127036088375829e-02 -1.587134190482346885e-01 5.626975165629106296e-02
-2.860709517457738493e-01 7.687364753721377397e-01 9.168298799283136624e-01 -6.230472553860076923e-01 -1.045569050807846068e-01 -2.660884738995679122e-01 -3.114457552676402896e-01 -2.199743037703532356e-01 6.836698904496626428e-01 -4.141222739475479142e-01
-3.406078754446175139e-01 -4.368362297794874394e-01 -4.455205714351027635e-01 2.756594481784251927e-01 -2.321122002882563540e-01 7.250607559343705821e-01 -2.114267547741291442e-01 -5.147461320217092684e-01 7.587194877823812134e-02 4.411399431864082565e-01
-5.076537043778910352e-01 4.420395144985479474e-01 5.395516315769387505e-01 -3.209294445936363149e-01 -1.566375704416455017e-01 3.175492374979489996e-01 -3.199121088989800854e-01 2.314752111683897051e-01 -5.809644998077111433e-01 -7.127086256987315016e-01
-2.367811428509178084e-01 -4.551843373937009551e-01 -6.288075626817667407e-01 -4.000749858111242174e-01 3.822853002656170229e-01 -5.409469995533442432e-01 4.916813371027034529e-02 -3.202539483567149459e-01 -3.686125116613957475e-01 1.509235427711260735e-01
4.237845042155400505e-02 -5.011856522353490967e-02 -2.526497216001576396e-01 1.822565161855385085e-01 2.386688076662579414e-02 -9.451609795778755096e-02 6.878427219332459985e-02 -2.343804315939630040e-02 1.068180478348584039e-01 -2.444361450321596019e-01
-2.622192908421287494e-01 1.642816441096878466e-01 2.003662416715434325e-01 -1.508224387847398040e-01 -5.844621093662015765e-01 5.635013987053687501e-01 -1.293905969363513542e-01 4.414236318808285597e-01 -1.806493107857442271e-01 -5.517781020173924134e-01
1.013198939485353695e-01 4.723109533213470240e-02 7.499537455828064227e-03 1.217578386179008071e-01 1.244908405108958588e-01 4.591336641730405649e-02 4.437445520861618697e-02 -1.673880078969552584e-02 -3.155908894898019901e-02 2.112949821889688676e-02
-5.662533218113561251e-01 -2.825675713240570763e-01 -4.573047087538906208e-01 6.331295684347728603e-01 -4.810505269076169044e-01 6.970034952374974946e-01 -3.439562425198364193e-01 -4.639003054065262699e-01 4.828840674684372614e-01 5.608539617430928770e-01
-5.397250092260953425e-01 -7.966859984311494558e-02 3.621779756124245409e-01 -3.923102960428540877e-03 8.202355247421088125e-01 -2.675095838738523191e-01 -2.276442748411866834e-01 5.784280570625700557e-01 -2.557676981743025602e-01 4.230733159316463210e-01
-1.184797283216655200e-01 -6.277036390773239882e-02 6.776929347201075815e-02 3.552456244744197494e-02 -3.283786746633720471e-02 -1.496443011522065672e-02 6.375872709423548168e-02 -2.639641159928245856e-03 1.829166888332293961e-02 8.224569388133100289e-02
-1.149366690728230167e-01 2.458174930811783676e-01 -1.036050404402063911e-02 9.499382107730419689e-02 2.030996423950427177e-01 4.135087418912546109e-02 -1.929278151125485008e-01 -1.501109846649575363e-01 -6.186432716903950135e-02 -1.009915373360805863e-01
1.252627133425338393e-02 -8.612101989605179531e-02 1.409346244841018329e-02 -1.879416544143908407e-01 1.177596698593487007e-01 9.858151743980900217e-02 -8.641577695934490877e-02 -2.961197772586454668e-01 -2.932154744022764103e-01 -5.882749615574320856e-01
5.256599525366545400e-01 -1.249023193677749610e-01 -5.327414556660793332e-01 -5.687725768531661785e-01 1.288242869832725845e-01 8.780747389232830546e-02 -5.232317763790456100e-01 -6.703173580994203906e-02 -6.315557000211333705e-01 5.177910881712330937e-01
4.636361785507311928e-01 -6.380548097892402293e-01 3.792281548450989748e-01 5.757503586296928155e-01 6.322497723696395289e-01 -3.028883260639607666e-01 4.022098030599952079e-01 1.676942681015852199e-01 -1.259540531150789289e-02 4.818912754396187936e-01
4.278840384174156242e-01 -4.516892462423853782e-01 -3.998071052626913646e-01 1.719346868540926054e-01 -1.401915902108952228e-01 -4.178502968849482357e-01 5.128282554353043032e-01 4.296009474589736477e-01 -1.290223624299018379e-01 1.141351119455090990e-01
2.101833476461399397e-01 7.917223732691361926e-01 5.091165734519297326e-01 6.015866178122575292e-01 7.221117666042806693e-01 -8.033129913603196393e-01 1.669012677249861465e-01 7.950983257362920220e-01 3.089635997469633022e-01 -8.709158272000691037e-01
3.048455297802211694e-01 -1.248672823625171374e-01 5.777201909879165626e-02 1.421715266569492653e-01 -2.053580890701434403e-01 4.037285124910792722e-01 -4.236428720889014177e-02 2.317516048336946410e-01 1.480753184799934175e-01 3.411378465273376404e-01
4.366572488395891738e-01 -5.509909717618866054e-01 5.602854528272683821e-01 -3.534302710628121069e-01 -1.786060659898734970e-01 -1.573012063720555520e-01 5.525772291665078662e-01 -4.501503826829718058e-01 3.282727205424468830e-01 -2.358902480132199775e-01
6.766499848630981306e-01 -2.549986703638956742e-01 -7.074440893260784957e-01 8.932679753100684072e-01 8.627351710489225556e-02 9.340414413152530182e-01 6.929501408196655499e-01 -2.708241980104155178e-01 -9.289853225053035235e-02 7.890499604833908220e-01
-2.182748063716713760e-01 5.163471388756558401e-03 5.527662328820443643e-02 -5.320341005653809185e-01 -4.345235915789166237e-01 -2.342297252067749580e-01 2.265874675184751386e-01 -4.115442360956725887e-01 -3.013666185619067739e-01 1.471896579818055273e-01
5.149667966183857880e-03 3.153928407995365557e-02 9.652106882811152446e-04 6.849241878410847195e-02 -8.849787378184191880e-03 6.303578944285913310e-02 1.115468761183404170e-03 2.823621574093094361e-02 1.162742968486165512e-02 1.545876964076409871e-02
-1.239663463567964585e-01 -6.046345705864293318e-01 2.798095228558727388e-01 3.220317658652444709e-02 4.867774466488542506e-01 -4.559215454749885876e-01 2.426112986231279689e-01 -3.976711472300599182e-01 7.158793583089457790e-01 4.420889813944114399e-01
-4.831466121454513485e-01 6.672773826680084008e-01 -1.041909363462316523e-01 -1.645306102309765650e-01 4.591083388042773161e-01 5.149725749955632592e-01 2.661963795275766320e-01 4.617167445973762718e-01 -4.659519905022570518e-01 -3.979253118083107554e-01
-6.923662996860814600e-02 -4.335973543550344367e-01 6.072092162279266181e-02 -5.337974885296945665e-02 1.715891607914142303e-01 1.717535447064233167e-01 1.195816336376974848e-01 4.213684090199460441e-01 -2.919027438637373795e-01 3.404970761853550187e-01
-6.780068562778988062e-01 3.949626978873967409e-01 4.486111088261171553e-01 7.210994727716035779e-01 1.309294280733441784e-01 5.898436630052368290e-01 -1.915133886659116935e-01 -8.756147964835876707e-02 7.061632001838105133e-01 9.203728789158988066e-02
-1.492774537827989134e-01 6.249098961634030891e-01 -5.619919709328410340e-01 1.919240541403198497e-01 3.069795187487629473e-01 4.208797389253772225e-01 4.006332645018517713e-01 1.157589571570655090e-01 -4.277178473898976541e-02 -1.581112065842907310e-01
1.708182300744011742e-02 -8.175729173954803322e-03 1.589710873472323371e-02 4.197045963687402736e-02 5.915479758531952403e-02 3.705196743250593200e-02 3.823814512694337971e-03 5.646486988009515734e-02 2.444964637861424608e-02 4.016113782305654606e-02
-4.907503233263370013e-01 5.977015480908504097e-01 -4.898656039791137173e-01 -5.434853350412455902e-03 5.720154047854884016e-01 -7.476783987969004563e-01 -7.993370780828480404e-01 2.625436333813279122e-01 -3.388675383258581975e-01 -7.030277785708505256e-01
-2.195881647704941708e-01 -1.821655029258726910e-01 8.448614665423853642e-02 1.400026849800414808e-01 1.491732975486310953e-01 -4.273032779774678103e-01 1.146952637663064961e-01 5.800588175994744189e-01 2.143077904170733738e-01 -8.395630608510619430e-02
-5.441800846801955194e-01 1.976652912225486947e-01 -8.118331672406459143e-01 -3.336870476470137348e-01 -6.752210174980046720e-01 7.839321023087922335e-02 -8.327284131396001099e-01 -5.073955651857701143e-01 7.991752767716737704e-01 6.882781508241408996e-01
4.537813401182746315e-02 4.328645399519975151e-02 8.317098073779365108e-02 -9.817361373705857375e-02 2.788921083773245047e-02 -2.913633192205658182e-02 -9.045960536326370927e-03 -3.966860086195882033e-03 -1.618294478766578405e-03 2.315399562315229639e-03
7.724075113429325345e-02 -2.084694479193037187e-01 2.923810541505653116e-01 4.342960763033169025e-01 -4.860718587627993470e-01 1.802385525411217271e-01 2.325172912737883679e-01 3.699634392785497439e-02 -4.986753748874684922e-01 -5.625204544876410973e-01
2.864858626555594201e-01 -1.444747465686529175e-01 2.837271552045513845e-01 -3.555716175673588608e-02 -2.367083966572758325e-01 -2.823281683716126755e-01 2.250865426429356497e-01 -3.248126056459126332e-01 -1.579511392944285553e-01 3.568607268053328174e-01
6.965960749469061186e-01 -4.808452043890534267e-01 4.769930815627361209e-01 8.244967135601511954e-01 6.135821847203849488e-01 -3.279578378602462929e-02 5.270771286384013932e-01 6.937409398818917827e-01 5.925329283923719270e-01 1.054617926093295160e-01
9.276967829876701932e-02 1.168939162246724339e-01 4.654323957667566014e-01 -1.451300353018136202e-01 1.893606833747208118e-01 -1.985160057552579349e-01 8.905871043391534736e-02 2.672466589690326022e-01 -3.739734193638542536e-01 -3.580645888785878306e-01
-3.582320901455559037e-01 1.338470967196926931e-01 3.856759279955301323e-01 -5.822826133439416019e-01 5.711301396394807828e-01 -1.245134256746484730e-01 7.219786998372739184e-01 -5.614579204425593772e-01 7.497641055777230779e-02 -4.127349126277082836e-02
1.621969451193090439e-01 -2.261881321722657434e-01 -4.315238125455124751e-01 1.418020280947397509e-02 4.919415788121913463e-02 -9.813456764681257466e-03 3.968127490312894357e-01 4.117006541078334081e-01 -3.063228202562386440e-02 -5.347348099673532307e-01
3.061869383004875433e-01 -6.171363023771697653e-01 -4.767367252466090943e-01 3.002940041666866261e-02 1.559894551614803559e-01 2.931739633477557505e-01 -2.640948378001564123e-01 2.015190113861123067e-01 -2.706054562268240815e-01 -4.042408674878833486e-01
-3.750894998295541127e-02 3.725274251097551170e-01 3.221121514749479275e-01 1.854854345665862270e-01 -6.071954480700809953e-02 2.232439838612627347e-01 -3.267507256601093202e-01 1.863255618345786291e-01 -5.852245633216317114e-04 -4.228983654649106083e-01
2.511979110299937257e-01 -1.879414566408480203e-01 -1.580152684966031895e-01 4.528085447214296733e-01 3.884769949816495038e-01 4.641173767419760621e-01 6.955434780591531752e-01 -9.232044979401939078e-02 -2.954645054636573231e-01 3.386071121759058333e-01
-5.143916777875222612e-01 -2.211251249880541447e-01 -5.281088612335149701e-02 -1.390387873121509861e-02 2.629882277826394721e-01 -2.569207826490333968e-01 7.187759670670641581e-03 -1.851506063184928108e-01 -2.869564715143415601e-01 2.408439460305537572e-01
-1.891713109089257216e-01 -9.229152838037259221e-02 -2.878420231010107577e-01 3.109331380542106338e-01 1.952684241304365187e-01 3.535300112348430668e-01 -1.596733960430729848e-01 4.628678482284991763e-02 -7.743876436516815981e-03 -3.773859284960476290e-02
2.187815842865993288e-01 2.396157947279937972e-01 1.769026181709406897e-01 -2.179819530739770250e-01 -3.684104037773132112e-01 -2.446505294637431049e-01 2.265692652283695652e-01 -3.243450596710825140e-01 3.577445905561918993e-01 6.554363626003184562e-02
-1.015843632878564033e-04 5.335228038309985932e-01 -4.412031279920903271e-01 4.752914363947393084e-01 6.467930594175222980e-01 1.771255495543137548e-01 3.228787938166219340e-01 2.758335508899589228e-01 -4.690803114861712975e-01 -6.464073626429149844e-01
2.899431319889284042e-01 -3.820827074828967995e-01 -4.141520155142024429e-01 -2.388237045272054160e-01 4.847026192453148807e-01 -6.139027370662234612e-02 2.136304442426405562e-02 5.320512736591920255e-01 2.689256589452839741e-01 -2.531567751561980550e-01
-7.286564492488688261e-02 2.994152194742263351e-01 -2.525439810085477466e-01 1.814101523853493270e-01 -5.136201989290817282e-01 -1.677941695208370332e-01 3.093450936598950984e-01 -2.768463759197867247e-01 6.711262291895797594e-01 4.539558904250051707e-01
-3.235274227119693674e-02 1.017304963514403804e-01 2.370363301755910590e-01 2.161774368083243802e-01 7.783455894492913307e-02 3.823475496321648848e-01 1.757183565081476551e-01 -1.024457847751322342e-01 9.418652082887567223e-02 2.740174473262164123e-01
