6.283568184743639762e-01 -7.921419119455103131e-01 -1.144897162984925137e-01 -6.188837986052112550e-01 3.212647387841728874e-01 -4.557548408681890706e-01 3.525939147327405432e-01 5.919355762564167955e-01 8.051454617738744712e-01 7.072250781025266608e-01
1.490662972387253871e-01 1.206371211272109500e-01 -3.862834179193831430e-01 4.044652799385942687e-01 3.950388317645066039e-01 -1.072231439382631685e-01 -2.524017014367673228e-01 -4.303407574260796897e-01 5.159853927964025422e-01 -2.688053258685321745e-01
2.781441641793669928e-01 4.413662374467183236e-01 -1.998154367822282257e-02 6.554711230277172618e-01 -5.667993633130579134e-01 -2.936939032765564228e-01 5.541910242109486795e-01 2.528930771096106755e-01 6.819461812823063296e-01 -2.660133348783998986e-01
1.702451481468684746e-01 -1.638705255831371943e-01 -3.461401804640936580e-02 -3.866714910833516511e-02 -1.333643959317142302e-01 -1.173878006840259336e-01 1.711289837724555563e-01 -1.388022476829425811e-01 1.251844107518905180e-01 -7.315521448197606635e-02
-5.822864372455872212e-03 -2.208117039196266351e-03 7.738503156197633348e-02 -7.748443177588090758e-03 7.979931707811162289e-02 2.655383827174255876e-02 1.324466810802508304e-02 6.331830231122369257e-02 9.698461983543783110e-03 4.236307068137000476e-02
-4.455971532415438641e-01 -7.467754438727531863e-01 -4.071748700375241170e-02 -7.938915580682640583e-01 7.015387826142253092e-01 -6.938682781913237951e-01 5.530696651572503120e-01 7.120530705620884415e-01 6.743380891321674175e-01 2.297159585468211140e-01
-4.619636057811746591e-03 1.706785145406792270e-01 7.493860518431580409e-02 8.496720834756209609e-03 -1.313599948577556624e-02 7.686009740871167957e-03 3.857037911681131942e-02 1.572096464681099412e-02 6.798439048437927845e-02 6.836997779269521347e-03
-5.348090633584137166e-01 6.800953284205396576e-01 8.247900481093749236e-02 6.852293129011703954e-01 2.255742671864572613e-01 -3.245032834747146877e-01 -3.837731230303436658e-01 3.201135991537254477e-01 -6.045843883079892178e-01 5.596310827383566000e-01
-6.973600633449647535e-02 5.905396004479559480e-01 5.497069066151081262e-01 -5.610691575172824797e-01 -2.795200513601608927e-01 3.687139316499937758e-01 -4.154606343408865921e-01 7.203405740652920608e-01 5.173322189157382178e-01 -1.894420967021974711e-01
5.662474073394474332e-03 -4.116662503322770714e-03 -7.131386394330575113e-03 2.204835956546178158e-02 1.026778767655080471e-01 5.448729590894614561e-02 1.552587857879580112e-02 4.753649849800471033e-02 2.791558540492413559e-02 1.563921805657542130e-02
-1.195393037610022365e-02 1.065773523663617467e-01 5.476059706381626591e-02 -5.734294320207648094e-02 2.088736602519462859e-01 2.103248231928753903e-02 -2.589460134760391066e-02 2.373962937186583841e-03 2.914431218963375522e-02 4.661016836548959041e-02
3.422655820980239905e-01 -3.188777967112266243e-01 5.953774583790154562e-01 1.864062906246347906e-01 -3.493793244384810204e-02 -2.090149373484354589e-01 5.402663040349066081e-01 5.067669717497155224e-01 -4.532642594199628450e-01 4.087012618132896957e-01
-4.215513212889826500e-01 -4.412619960711031825e-02 4.408042602719183245e-01 5.793305371909962531e-01 4.671028144978739416e-01 -4.562160572894423671e-01 2.075333028725270812e-01 -1.356966490774860479e-01 3.157709100472305686e-01 -1.274367360818178807e-01
4.146007323229095043e-01 2.020129873010376997e-01 -4.654284181413474997e-01 6.352697218449213645e-01 1.747945442227908097e-01 5.336932421267593513e-02 7.439012980440329326e-01 -1.598606274850573605e-01 4.120500520739595052e-01 2.884978516292895367e-01
3.105583584761032467e-01 -5.498437765766708285e-01 3.625300045636108415e-01 -2.360092783537343919e-01 2.916826652099493988e-01 -1.801121900501676254e-01 -4.541806983783556739e-01 -1.669885030719936714e-01 -2.013090708368643622e-01 -6.819283694762003911e-01
-2.276126587939383220e-03 1.889358380528778636e-02 5.064463752035534838e-02 1.621960723073985131e-02 1.357796608859782733e-02 4.639442718306025643e-02 -1.116996136075110689e-03 8.783158145946703618e-03 1.404723015441488795e-02 4.242830157526922275e-02
-3.910135260991216000e-01 9.567612706332459527e-02 -5.295500988845976975e-01 -4.529149825389434114e-01 -1.330826248364519633e-02 1.903481361356550439e-01 -4.337243686935184084e-02 3.535458824293570834e-01 9.277179942728887296e-02 2.421481018748053160e-01
8.297674774195809011e-01 -5.337672748937194456e-01 -7.693720640040967451e-01 4.700892789723822851e-01 5.960008289809545223e-01 3.149311572044594665e-01 1.115673331835541071e-01 6.657051905105345613e-01 8.042207150985909436e-01 -4.411909285752923515e-01
1.333512434548762664e-03 4.155302864152775333e-02 -5.881246452500110689e-01 -4.764129698578541405e-01 -5.775505581260700350e-01 2.849126354888551482e-01 -3.635871994670742402e-01 6.715359267743289395e-01 6.695346957462031123e-02 1.281989315933140458e-02
-3.340851951367819483e-02 2.287738393818541938e-01 -1.306119874461549313e-01 6.073446502000359043e-02 1.873285146276762736e-01 -8.547960196753999484e-02 -1.888683710251378434e-01 1.275687667775486367e-01 1.353169016309309358e-01 5.399101541152826617e-02
-4.377780612932037976e-03 -5.386244903302234155e-02 -2.305811548182321313e-01 3.579589018176949078e-01 -4.005406058121608326e-01 -2.547942860947963878e-02 1.727577802447756716e-01 2.025840568806759612e-01 -2.997326431197538388e-01 1.687267458370014239e-01
2.726560952922332248e-01 -9.103884006765324000e-02 -2.124281831815169053e-01 3.981382404392484475e-01 2.612835618116882697e-01 1.625016464344598566e-01 2.047344162280791413e-01 -9.007831147621472856e-02 -1.237569699950371721e-01 -2.126590639151098583e-01
5.636004713661961485e-02 4.080603055486781705e-01 -1.910821961814905545e-01 1.676905042723274009e-01 2.486563117914258603e-01 1.272140861354384145e-01 9.969213529622915348e-02 -4.323741675734735918e-02 2.393055223967603951e-01 -6.878099527286914150e-02
5.222606093470928412e-01 1.115853723382979612e-01 8.166478385214174240e-01 -8.842765731024444520e-01 -3.956870090027013731e-01 8.720361588811070819e-02 7.580016401089360034e-01 -7.725766187521463380e-01 -2.092527579827720696e-01 -8.075052396463986426e-01
-6.267254712672261086e-01 1.823835712569346623e-01 1.301860443523890180e-02 -6.635075859782957330e-02 3.360657383656922015e-01 -1.326482393199304721e-01 -6.819472638820845978e-01 4.608800667611935298e-01 -6.513084750196516115e-01 -5.967622080416248309e-01
1.081784228675914013e-02 -2.562577233885833874e-02 -1.645709180645940281e-02 2.424195959563251734e-01 -4.819525707845464524e-01 4.116012836398095232e-01 -2.028235344940182427e-01 -2.457029625276695509e-02 2.151635903209395406e-01 -1.157813344451899124e-01
1.707879693483406180e-01 -6.254526646366698195e-01 -8.079660646765947085e-01 -8.181141887247826705e-02 -3.100833842060329859e-01 -7.991494321815523216e-01 -6.671882223924401334e-01 -7.253216673502098644e-01 8.636577149250523888e-01 -5.173544262435314511e-01
3.678540251009626005e-01 4.726349135193886886e-01 -4.057919128724456898e-02 -2.680760491218933672e-01 4.401886933430549376e-01 -2.746747785397267161e-01 5.123018612932265237e-01 3.509936236620021521e-01 1.542400149420233013e-01 1.383926320239659280e-01
-3.188652916253691405e-01 2.915865730434430980e-01 -3.593153801330681296e-02 3.167423652733941664e-02 -6.893630487257952355e-01 -2.354996954775714635e-01 3.318055281536724244e-01 -6.516838004147709196e-01 3.847884666937136378e-01 1.802930249570429324e-04
-1.712034582587896037e-01 4.739196116543258896e-01 6.117709828894469792e-01 -7.263235689931588079e-02 -2.091295253608611571e-01 -5.379107186422740217e-01 -2.582630553714170829e-01 -4.049456276014941625e-01 5.173955902553274422e-01 3.558643088446706293e-01
-3.800582677144614951e-01 -5.380673018292824183e-01 8.693276028909061592e-01 6.502441678221152488e-01 5.094534121561221651e-01 -1.410149223512735805e-01 -6.750962482450030278e-01 -8.356805078486152782e-02 -5.766939463305704727e-01 -6.629883808609989826e-01
-6.676235505304538298e-02 -1.096526817185208141e-01 -6.906403814563746302e-01 3.334234697634499422e-01 -3.807151263564743093e-01 -5.772045056896382142e-01 7.961903992865749791e-01 -1.526294087307969727e-01 -1.317384970080657802e-01 3.556449734021885356e-01
-1.491664843527582274e-01 6.060918789409722729e-01 -4.882123539132663947e-01 -6.685230176247648481e-01 2.554843707385436868e-01 1.322853046339049765e-01 -4.378313826182572699e-02 2.575089180520923615e-01 3.158120186178968725e-01 2.471389524952392613e-01
3.089373594452527461e-01 6.332838603717731996e-01 -2.221851184440069849e-01 3.523787270619072598e-01 -6.096132654533292783e-01 -5.777037261053462602e-01 1.096650931144361601e-01 1.921711315666020381e-01 -1.169513017581259445e-01 -4.400075923303241043e-01
-3.429378513674025131e-02 3.185802685073877427e-01 3.509137188284369158e-01 3.131517486526120830e-01 5.173574398255688100e-01 -2.780962678364529150e-01 -3.698864329761368808e-01 -5.296078573243418602e-02 -5.640412402861346708e-01 -6.193306315039240340e-02
-3.531022909350832184e-01 5.881309989704264218e-01 2.761575213305885734e-01 4.284541391297504442e-01 3.994585758270432496e-01 -4.525886296516952734e-01 3.553480256875895527e-01 -2.592374930280852974e-01 7.156435913930204729e-01 -4.224689240167823212e-01
1.076174403989769573e-01 4.106509863788482262e-02 3.595468128286301995e-02 9.079261385930759501e-03 -5.881069904902115099e-03 -1.183617588127173180e-02 5.681122736579561705e-04 1.834004245462201865e-01 -1.314877476206500161e-02 -3.116131548302162203e-03
1.294601982388291495e-01 -2.841149656662936285e-02 -9.726054402360575016e-03 -1.596627331764869373e-01 -2.035160964815648510e-01 -1.440928925239256045e-02 -5.266265179956004100e-02 8.777765270438762923e-02 -1.109971143162309937e-01 -2.671393898904956266e-01
3.825532541488457228e-01 -5.487161990201749884e-01 -2.850866069431470806e-01 -7.031619497086768478e-01 -6.882555418477184772e-02 -6.935590623948427735e-01 -2.038586717572606344e-01 -6.342852292056819774e-01 -2.093964477154684409e-02 3.138685619988206832e-01
3.398189150208453385e-02 -7.178796001765576362e-02 -7.307595379155746793e-03 -3.173367975744883183e-03 1.693806592276899670e-01 -5.882094141625497825e-03 6.689455322103109169e-02 5.984436788234254179e-02 -1.678156659024340400e-02 5.723825280022271783e-02
1.129846351477625799e-01 2.482184274910064492e-01 -3.186193267495923687e-02 1.190581401382268395e-01 -4.140916699267242068e-02 1.575183213515491953e-01 -2.703443822166679555e-01 1.768721843574049546e-01 -4.717680564785364447e-03 7.326785308263958352e-02
-3.813143141654309343e-01 -4.022764674068967511e-02 5.793393211480895033e-01 -5.092241439048101476e-02 -2.527446075153452765e-01 7.105401604886920630e-01 -3.182075577506431885e-01 -5.164527848089961459e-01 -4.077330840082624142e-01 5.444147937517445079e-01
5.803743033300714504e-01 -7.557275194026415177e-02 -2.596654352842426849e-01 6.618602985181489817e-01 -2.619452747344844790e-01 2.617192236250013432e-02 -7.756109278368990001e-01 1.503455410321239416e-01 -5.354979667079916572e-01 7.418697278698506148e-01
2.435964304297176808e-01 1.648180056228510659e-01 1.151955499593278892e-02 1.132556413236192605e-01 -7.026035261734246695e-02 8.225431819502929121e-02 4.725722805230071072e-02 4.886440854152162422e-02 1.125024379621664405e-01 1.346091810108755449e-01
-5.198232021778529388e-01 -8.462679224622424723e-01 1.552753771703292707e-01 6.036125863837371597e-01 -2.753183668049555832e-01 5.896680741963021832e-01 -8.403396495332923211e-01 -6.968280572398684314e-02 -6.876803660775014926e-01 6.391896268330679032e-01
7.134607802024277995e-03 5.484207565329857204e-03 2.660517372296260230e-02 -2.292171035893914369e-02 4.002468495787019076e-02 4.745470053170602887e-02 -2.984364682134914293e-02 3.396734995108638411e-02 -5.411216315897095924e-02 -2.619645192382002302e-02
1.990558208842806154e-01 -2.350960837151214178e-01 -4.370109937703233194e-01 -2.991811904121735588e-01 4.346682079722509195e-01 3.655344289786889855e-01 -2.086329392046262499e-01 -5.304552345963137183e-01 -5.159918891191856982e-01 4.901908595258872015e-01
2.771961075436535360e-01 -5.064317902666746196e-01 -2.067201203480065197e-02 -3.371352610050079579e-01 9.775356713023679311e-02 -2.908298873758518588e-01 -3.895476206141729181e-01 -6.263246330772745396e-02 9.264333506124258419e-03 1.771072046051646587e-01
-1.079777964651066902e-01 -2.774456635712059249e-01 -7.587914317873345471e-02 6.700554291626543979e-02 1.801079658684623941e-01 2.081332545755563423e-01 2.281016175850845429e-01 1.886722605297178612e-01 1.178925250476417080e-01 8.499931984186009926e-02
-8.559968835441754686e-01 4.488534054251330230e-01 8.842125720513552278e-02 7.400683528837458391e-01 -2.688819176184139015e-01 -3.179247441203864044e-01 -1.515044146501919320e-01 7.619990533910222519e-01 -5.126671275360115271e-02 1.401271047335782005e-01
-2.414366431745979258e-01 8.391152095935403010e-02 5.651172163222106803e-01 -4.027818521574968447e-01 1.992308384775356433e-01 8.061855440363383529e-01 1.950696929461091245e-01 -7.678332674579207984e-03 3.365474547157025764e-01 -4.146404280305017731e-01
2.162288549179121832e-04 1.134267392399438551e-01 -4.371203958700761727e-02 -9.810984553242517447e-02 1.264723901386237137e-01 -1.549342709487627479e-01 7.716651771390398151e-02 1.472244905377404281e-02 -4.219058072814392893e-03 -1.042136326953979758e-01
6.548647229064592790e-02 1.437898290032300387e-02 1.928626827769139573e-01 -1.761624195663516468e-02 -2.582777295461422332e-02 -4.192859234370367727e-02 8.357104875422762241e-04 2.883833833851749337e-02 -1.135411321109962568e-01 2.445712449822466661e-02
-2.853004400274545826e-01 7.635947110815523020e-01 9.145872128085357211e-01 -6.205761908368514490e-01 -1.044427869720929575e-01 -2.503283510522251731e-01 -3.175006341276808142e-01 -2.262254267295746302e-01 6.802353055180176966e-01 -3.984416588538980397e-01
-3.380380027378591667e-01 -4.366791441999525736e-01 -4.448724741022074824e-01 2.741213810405374041e-01 -2.328356774075533153e-01 7.279636829228611772e-01 -2.084568749558803058e-01 -5.145510281272706044e-01 7.498164431344227221e-02 4.381839641951356668e-01
-5.075771241285184088e-01 4.419395353592986964e-01 5.393837002782172485e-01 -3.210191606448239976e-01 -1.557439318931762573e-01 3.177658205913720946e-01 -3.198806039105559496e-01 2.311817204256813862e-01 -5.809843480657429504e-01 -7.118923987966013778e-01
-2.341824051334417955e-01 -4.524744523806077945e-01 -6.237284928213616686e-01 -3.846338237263688953e-01 3.784949041350637589e-01 -5.359729373241755024e-01 4.729777788377108327e-02 -3.166877848848001498e-01 -3.662029566300344374e-01 1.460857711484586929e-01
9.283438421051394551e-02 -4.013417372236400410e-02 -2.336315254037868439e-01 1.633591189430985691e-01 3.104128429585537030e-02 -9.289181862357230590e-02 6.494441404723340361e-02 7.094290069941651053e-03 9.363498090238334126e-02 -2.119446092083982491e-01
-2.551490291204381866e-01 1.630472744943621821e-01 1.974106409999888956e-01 -1.458012676814920416e-01 -5.749476045291932458e-01 5.612137513796946475e-01 -1.229768031620145641e-01 4.370131160259904113e-01 -1.762149653904780122e-01 -5.474670992448245066e-01
8.181068267847370346e-02 2.664967500254347352e-02 1.878366373172828466e-02 6.527024536816362910e-02 1.054884806600907554e-01 -1.849998878433446476e-03 1.001121099922728380e-02 1.491837709617155512e-02 -4.038362338248185739e-03 4.158334452336038926e-03
-5.654460405032238901e-01 -2.823000716460898341e-01 -4.564163183541637414e-01 6.323066998867477029e-01 -4.835717846550763865e-01 6.921935930545114468e-01 -3.441837520799861383e-01 -4.575563979338727050e-01 4.820920918321174309e-01 5.608764872192651962e-01
-5.398588111131034095e-01 -7.969681387323178379e-02 3.621505751211689939e-01 -4.030526263670649971e-03 8.202630327215690853e-01 -2.675021360137360693e-01 -2.276700482713353291e-01 5.788608975474893725e-01 -2.556518953907283009e-01 4.227988676957287750e-01
-5.265608969799477623e-02 -3.222140423410583404e-02 3.940724501360711590e-02 5.379000667933200169e-02 8.117154697053872645e-03 4.670628786115890024e-02 2.952492377027092843e-02 -1.219072871899649219e-02 5.132615761525185887e-03 1.193766103879915913e-01
-9.603020966900246980e-02 2.365787289562998608e-01 -1.782595814329941339e-02 7.254755104081722639e-02 1.678168299860729462e-01 4.484391151932381331e-02 -1.434525532097183920e-01 -1.377367962099861620e-01 -4.779151702296892401e-02 -6.866095804383051671e-02
1.235998927562046053e-02 -7.044728670730783515e-02 1.668435629647856480e-02 -1.690491277804235803e-01 9.445820254469675104e-02 7.176735452173095553e-02 -8.452412930153679893e-02 -2.364763211905907547e-01 -2.743774918931977669e-01 -5.388188700745911719e-01
5.190326535980620548e-01 -1.062354221131159848e-01 -5.272914965274767551e-01 -5.611090238556625254e-01 1.235642314205072367e-01 8.655576296761031962e-02 -5.138064248622105090e-01 -6.783924537127752896e-02 -6.206184799584175682e-01 5.115710644128153017e-01
4.613506540128848865e-01 -6.363982475258017635e-01 3.783378329873498536e-01 5.747344399623749434e-01 6.293641645577404686e-01 -3.052405340779936194e-01 4.009135719026316602e-01 1.716164509234206770e-01 -1.269479868341274673e-02 4.825845642128773760e-01
4.202163970098272139e-01 -4.468371543865252149e-01 -3.807922069645932606e-01 1.664630412669089454e-01 -1.395475258093464010e-01 -4.138954079730119973e-01 5.038705495194756301e-01 4.231888376804769369e-01 -1.276189516064279161e-01 1.121456709034851645e-01
2.125820415414404752e-01 7.906207600467018981e-01 5.095673300195071587e-01 6.025118618485811872e-01 7.222737893186251812e-01 -8.031504300759133574e-01 1.674390876923820826e-01 7.928688551108132865e-01 3.089495359496274851e-01 -8.702827180595354983e-01
2.759038509228736169e-01 -1.144996243593960905e-01 5.388808784286336362e-02 1.351176721774590694e-01 -2.033625382017142658e-01 3.581547925689934631e-01 -3.241416377094402668e-02 2.382295787874287307e-01 1.391534438865129897e-01 3.453996114367491876e-01
4.323139833992395431e-01 -5.397935249685894554e-01 5.564542250974452431e-01 -3.535752650248770723e-01 -1.765618239201517115e-01 -1.597244480927325072e-01 5.554166697881236514e-01 -4.461642572097439530e-01 3.266673953158404364e-01 -2.326068237651775505e-01
6.766387347234890104e-01 -2.550036001543870556e-01 -7.074584532560286299e-01 8.932583712407800025e-01 8.626010642852723065e-02 9.341072077569158028e-01 6.929450204352914922e-01 -2.708447988666320971e-01 -9.290677505436950590e-02 7.890342439403916774e-01
-2.181315957871158007e-01 6.929513818619686787e-03 6.278743246984916371e-02 -5.221516564073358513e-01 -4.271159535050426670e-01 -2.358131572443679935e-01 2.176727760731670958e-01 -4.065534388220183315e-01 -2.963249491981226336e-01 1.432463111890659724e-01
3.843035061195708077e-03 4.546141162358515592e-02 1.330550817590986541e-02 7.737160205975014693e-02 -6.695010898129382000e-04 6.892464106066314988e-02 3.389145810373205264e-04 4.735442722573987573e-02 1.143858650054983828e-02 1.798269276902635799e-02
-1.263484803189799943e-01 -6.033141227183980160e-01 2.758642500774218798e-01 3.309977574712707343e-02 4.913911397816504434e-01 -4.560736351924891685e-01 2.467645624012176631e-01 -3.980733522869909224e-01 7.146670350389342508e-01 4.418509301560116231e-01
-4.828951092916528576e-01 6.738991410270535054e-01 -1.038675172262455426e-01 -1.631281258556881719e-01 4.558616109348205270e-01 5.138374770568685523e-01 2.683915977293752642e-01 4.597447062690275255e-01 -4.631498460405418793e-01 -3.978038866064956269e-01
-6.579253754439465252e-02 -4.151310602757719570e-01 5.527658249607051572e-02 -5.753401200975532398e-02 1.557422150582482290e-01 1.761900568418712232e-01 1.130049213184971951e-01 4.103809184936744181e-01 -2.735073281507877652e-01 3.258094526619040865e-01
-6.774086351275082629e-01 3.952194962816201196e-01 4.481599601984106451e-01 7.199345167577199112e-01 1.306637819843586290e-01 5.890267438382045251e-01 -1.913516473321171252e-01 -8.466201278301534183e-02 7.054239199318110831e-01 9.196912135612866912e-02
-1.490494293666435044e-01 6.238999532291287231e-01 -5.614590554319953686e-01 1.915028776459344051e-01 3.063123582379668752e-01 4.257103312679583196e-01 4.000053984734658896e-01 1.155006728964451668e-01 -4.286841278203314121e-02 -1.581344722431014260e-01
1.182855583577936687e-02 -4.851626036157873079e-03 2.731477305834302191e-02 5.845403617736504714e-02 6.964395069514804637e-02 2.458551780363322364e-02 5.374234276336234579e-03 9.484375205954441446e-02 3.913487487626196581e-02 4.584338822097291238e-02
-4.907730323351499058e-01 5.992403609367412676e-01 -4.900886286816172888e-01 -5.603616953139396034e-03 5.723020599857903123e-01 -7.475727956437892008e-01 -7.993172729169968349e-01 2.622315725750827275e-01 -3.389309876945286737e-01 -7.029598722889350837e-01
-2.125144179206174266e-01 -1.598408837480003730e-01 8.053894260945936023e-02 1.389477179729417811e-01 1.416546842158860620e-01 -4.142021323877727590e-01 1.109164940034781527e-01 5.753699361171630278e-01 2.059075836392085246e-01 -8.249258682157076250e-02
-5.440379658559946208e-01 1.968672473942523482e-01 -8.099424925845332135e-01 -3.331164300723871707e-01 -6.752666212497926423e-01 7.868096080571035378e-02 -8.324532430118722903e-01 -5.071877125341396342e-01 8.001263571781014328e-01 6.871920195717149404e-01
5.145118770674923098e-02 2.905958792661747503e-02 7.936262329859039566e-02 -4.519419283186190683e-02 1.670743258974592693e-02 2.399905648813143930e-02 3.679001661168872228e-02 3.188306142805213961e-02 -3.247127373402511428e-03 1.179182691381889733e-02
7.484229801055444775e-02 -2.049350950199350929e-01 2.925268497216237940e-01 4.337271603606915327e-01 -4.833102394446812666e-01 1.855185601619777080e-01 2.249747336659503882e-01 3.712988963920695051e-02 -4.945108261811022587e-01 -5.558601849493186586e-01
2.161912274879371487e-01 -1.162858594373813587e-01 2.182962945993203174e-01 -2.835661170558204450e-02 -1.947360157678621473e-01 -2.277602983241318879e-01 2.266169930958229217e-01 -2.473616715903309560e-01 -1.127595798671757188e-01 2.858490249861228572e-01
6.965888543179880044e-01 -4.800478135626045639e-01 4.768147516984178047e-01 8.245665264991681731e-01 6.134363990946022360e-01 -3.285922510628726256e-02 5.271074602149176114e-01 6.936995739956037799e-01 5.925100596874391945e-01 1.054219748398997902e-01
9.660711662028578783e-02 1.150976927877856437e-01 4.727971307276354618e-01 -1.432972066233488273e-01 1.862015198842145169e-01 -1.967958604377154086e-01 8.844266100552847232e-02 2.648600517283338784e-01 -3.721716124898204470e-01 -3.559575904700642002e-01
-3.568869382913901767e-01 1.337318646271583589e-01 3.852075472094049213e-01 -5.816090656095050937e-01 5.703638891788935794e-01 -1.209682395474015321e-01 7.210880042696216075e-01 -5.607920447656928875e-01 7.488362274408115471e-02 -4.131669214308527488e-02
1.559818480357540449e-01 -2.154590575243395534e-01 -4.115435321283724690e-01 1.365813361780962056e-02 5.160126190092120119e-02 2.529403633749081198e-02 3.756353757113535252e-01 3.816060683567100154e-01 -2.809468505699011867e-02 -4.866469713702314404e-01
3.044927903109737599e-01 -6.140689107828565252e-01 -4.694465206983382544e-01 3.028559942314520623e-02 1.541971824610465225e-01 2.916296581739858951e-01 -2.633986210363195024e-01 1.999457969103693167e-01 -2.638728645925240701e-01 -4.028157381881196097e-01
-3.664815832080078190e-02 3.772138141743571205e-01 3.172871792961457493e-01 1.813663520011110086e-01 -5.202837725797811175e-02 2.234221601741432917e-01 -3.225122076233195023e-01 1.835268919376014385e-01 -6.033911326838581465e-04 -4.147810258529761041e-01
2.501785558926336583e-01 -1.879789005202665564e-01 -1.564209067220628524e-01 4.515837490295051548e-01 3.867280630280591214e-01 4.683091630757149626e-01 6.909336673956995023e-01 -9.454414987948986382e-02 -2.895095655117481126e-01 3.422452079414108894e-01
-5.097120634850459409e-01 -2.125924667887335306e-01 -5.544364953177605138e-02 -7.565048976619891292e-03 2.647929070007463137e-01 -2.331506834165128217e-01 4.390402664240839262e-03 -1.832109450455786104e-01 -2.863746063297952782e-01 2.376406477080797441e-01
-1.483794239475293986e-01 -6.347422564858005989e-02 -2.235197515719050676e-01 2.091496185283158726e-01 1.689182881155097404e-01 2.538685365273774530e-01 -7.110669723957910304e-02 5.455224819839266104e-02 2.288956719795927483e-04 -3.463372075650101439e-02
2.115567275028797933e-01 2.416422351550720771e-01 1.717452304967526933e-01 -2.139823262428231232e-01 -3.639258044505593870e-01 -2.424063989659317464e-01 2.361350912791091439e-01 -3.109852067935168773e-01 3.498374076765858876e-01 6.466772001320537921e-02
-1.972658186471045017e-05 5.348998922473636730e-01 -4.410912667469837900e-01 4.749733586172487643e-01 6.461937087610287733e-01 1.768961761810439459e-01 3.234175607915180661e-01 2.757497255418777105e-01 -4.688978837597031490e-01 -6.461589222073028660e-01
2.807151428917807334e-01 -3.696458117141011024e-01 -3.889057229762463708e-01 -2.316556931452711243e-01 4.689415021066420941e-01 -4.456157636727345328e-02 2.084699787812141145e-02 5.152184831480921545e-01 2.608277321698835305e-01 -2.429726485927990176e-01
-6.684341829584942996e-02 2.964031089434033817e-01 -2.509663834293596740e-01 1.817681238709154545e-01 -5.118475312884092077e-01 -1.679733751961528243e-01 3.093937689617330955e-01 -2.793473699148793510e-01 6.670698792389382348e-01 4.498197077830588531e-01
-1.262677033018315582e-02 9.409945263861410614e-02 2.124317316275429468e-01 2.059903444291438235e-01 8.901128434414581903e-02 3.557493093599217171e-01 1.689190646899100257e-01 -1.086286999513375040e-01 8.706981131562564757e-02 2.547101851762738622e-01
