6.324651790625031023e-01 -8.077979208585195359e-01 -1.145249672854510986e-01 -6.225787807292516574e-01 3.261867968914155536e-01 -4.564412771429243731e-01 3.488516181556372553e-01 5.945966613565311087e-01 8.034415922280000455e-01 7.114947716833176505e-01
1.492772209416326767e-01 1.212541919193804163e-01 -3.948803569376739264e-01 4.049578310865573627e-01 4.010042516637629118e-01 -1.116540681786195588e-01 -2.518357420944666303e-01 -4.341937160669355200e-01 5.203905123060486027e-01 -2.707742533575088206e-01
2.857168937131643882e-01 4.474355216965608117e-01 -2.014620040056648229e-02 6.659670238565922329e-01 -5.792436013206675449e-01 -2.978966793271570768e-01 5.664722304665865682e-01 2.467071591830802546e-01 6.879795465606657334e-01 -2.686444143593724743e-01
1.479135212704585645e-01 -2.989300812312014610e-01 -1.044473872843919710e-01 -1.122180115863437577e-01 -2.399225173693335933e-01 -2.922247351320836906e-01 3.411211856366573869e-01 -3.035161844017902899e-01 2.340850412142272130e-01 -1.543445109982276853e-01
-1.430890114299437953e-03 -6.169737358020675397e-03 4.872703086999514294e-02 -2.301555950501359485e-02 6.324257579052197653e-02 4.916067965997346009e-03 1.808930796712499706e-02 4.030909802969988298e-02 -5.524965616704062554e-03 2.373244542794036155e-02
-4.458478772126123757e-01 -7.487185328674182960e-01 -4.092678933373376099e-02 -7.939108107420842497e-01 7.028265444989149069e-01 -6.938089080551202992e-01 5.538086762908118743e-01 7.112153851464756427e-01 6.755620254278272840e-01 2.296301451525470383e-01
-7.084930431133742990e-03 1.146044991469345187e-01 4.354405563161953957e-02 7.842215076348579839e-03 -8.082438780869893868e-03 2.263884561541532059e-02 5.222283253100765132e-02 -1.026638120340450785e-03 3.234976060903518164e-02 -7.797784061292692588e-03
-5.380966883925716315e-01 6.852996568779431419e-01 7.343966216835519367e-02 6.905486318428623038e-01 2.278657551569873707e-01 -3.260472550364272304e-01 -3.858280042592127090e-01 3.223428200463085425e-01 -6.078316086641439853e-01 5.645113872809988109e-01
-6.883870006109335526e-02 5.933286869655074458e-01 5.536896620403126690e-01 -5.627733594492216884e-01 -2.800631972405718262e-01 3.710603883401589198e-01 -4.277558773152132510e-01 7.202286643872102267e-01 5.192915824373275369e-01 -1.898923819996431728e-01
5.394336908684313134e-03 -4.650168891946784323e-03 -2.787781534565120928e-03 1.446522757759213101e-02 4.545636275279416050e-02 1.897166399488559377e-02 4.642896423564058482e-03 2.545635339002193243e-02 2.089535057187691391e-02 1.595720854159949145e-02
-4.429426437650691578e-02 5.971926028560110844e-02 1.258743790896493797e-01 -1.735136508689142099e-01 2.869083902411024845e-01 -2.339167736616092411e-02 -4.462644169494749818e-02 -3.819281807468355439e-02 3.462658075070253888e-02 5.945598368172502757e-02
3.436988231177087738e-01 -3.200759191688047345e-01 5.921449451807151432e-01 1.871932588320349977e-01 -3.497272216693741304e-02 -2.097106338820788340e-01 5.423491657024900325e-01 5.071108025434464261e-01 -4.549576968282791900e-01 4.093582222592819786e-01
-4.358138561322883464e-01 -4.112162099175548785e-02 4.596300431807038289e-01 6.017067371020666799e-01 4.729092087404278000e-01 -4.948166736725754244e-01 2.106570146515586994e-01 -1.370710911722821113e-01 3.246569180841177293e-01 -1.332845614729976647e-01
4.301742759779180747e-01 1.913832222170787078e-01 -4.654210360054141793e-01 6.483802234374955731e-01 1.769691661111324754e-01 5.120088810933911411e-02 7.481844461881200781e-01 -1.687654702630618786e-01 4.149373813469144912e-01 2.839007429723607312e-01
3.142950901757580739e-01 -5.548285044186394011e-01 3.523431561988443761e-01 -2.394052391838811522e-01 2.931951479307575714e-01 -1.843474937357983956e-01 -4.601044117218738849e-01 -1.692174780930217060e-01 -2.011150625123300506e-01 -6.923695805553843341e-01
-1.092068466920290051e-03 8.698407693262884613e-03 3.241236904989493878e-02 1.168660041600755317e-02 7.502551363818384805e-03 3.492596447799296844e-02 6.712769077644249044e-03 -1.344400046645176372e-02 2.007905491192355299e-02 4.779802801007907581e-02
-5.038914849428260956e-01 1.293490969667408508e-01 -6.295476187090285336e-01 -5.488251900996958810e-01 -1.717210142316692723e-02 2.479548494572432482e-01 -4.105260252993252895e-02 4.268930203449133320e-01 1.087661652024978914e-01 2.353310713162372059e-01
8.303318891569553273e-01 -5.338357575950737344e-01 -7.694154757500398789e-01 4.704361460796167016e-01 5.948262838042029932e-01 3.148151687482719785e-01 1.118439528833538171e-01 6.653401421769444823e-01 8.043605524498055326e-01 -4.410270045477014400e-01
2.746371236512478928e-03 4.345239548813187302e-02 -6.000431196299478298e-01 -4.815486526025194447e-01 -5.844279530710734250e-01 2.890528663552238697e-01 -3.676651392714457289e-01 6.667998826913865695e-01 6.858704144124312674e-02 1.306994963658561146e-02
-6.174112475287654722e-02 3.175670374967600740e-01 -1.554515790753337456e-01 4.028100644491870719e-02 1.710178588001009803e-01 -1.131961476278467715e-01 -2.843297286420803371e-01 2.258386287284009086e-01 2.008867214652166611e-01 -1.258656278421511551e-02
1.127333063866487600e-02 -5.777243243680396656e-02 -2.720651954320300603e-01 3.997077181916582900e-01 -4.554965028757477774e-01 -2.858302568280926201e-02 2.087443759579535318e-01 1.769209646666722868e-01 -3.400934662157292787e-01 1.952052509933741020e-01
3.016178567511568764e-01 -1.004407790425822372e-01 -3.016885153555006749e-01 4.399490810917975891e-01 2.892520621475054288e-01 1.746408480558621634e-01 2.429926378272942167e-01 -9.043726893785500320e-02 -1.387407963925582910e-01 -2.250329559569095306e-01
7.208215894513811395e-02 4.843435733040071245e-01 -2.698033035043274075e-01 2.024103897493989834e-01 2.996972311406863598e-01 1.558808784546353576e-01 1.169141810567990297e-01 -1.127797309162915790e-01 2.847563885222497704e-01 -7.717636887334482221e-02
5.225567547412363067e-01 1.105304670925062599e-01 8.171847993519592013e-01 -8.846824055604325387e-01 -3.961160893471610267e-01 8.734461496861523067e-02 7.586786336345151538e-01 -7.733895399892389833e-01 -2.097048133783793733e-01 -8.098233432120776065e-01
-6.355289317603135535e-01 1.853566905849576285e-01 8.866201559511765681e-03 -6.719053341410026470e-02 3.406472995918566893e-01 -1.426237448969978616e-01 -6.957162960974753174e-01 4.774663900187533505e-01 -6.621773564177040328e-01 -6.247413595325314040e-01
1.621644393412201637e-02 -9.825990962145246532e-02 -1.932161666681680642e-02 2.810737666474191210e-01 -5.348539779889639467e-01 4.769070760132125275e-01 -2.304676591711486699e-01 -2.662262165190303065e-02 2.469863053883374626e-01 -1.186917362912859597e-01
1.715060441059147178e-01 -6.259230471337294821e-01 -8.131073680150057159e-01 -8.153445957255438248e-02 -3.104130722137776743e-01 -7.996819110597068736e-01 -6.681074292955345717e-01 -7.257658954764458770e-01 8.652424140096777183e-01 -5.172515199239073880e-01
3.783998754188308000e-01 4.851959475731114635e-01 -4.183384950560353061e-02 -2.735896146521701322e-01 4.474870372756196146e-01 -3.038312565109380636e-01 5.280651198905209620e-01 3.620158930657660368e-01 1.597819992622887542e-01 1.427049102098754685e-01
-3.228076053357307740e-01 2.859956056715422523e-01 -3.299923686833780567e-02 2.965728242918708527e-02 -6.980564680002023792e-01 -2.537705417409452657e-01 3.316975570260942141e-01 -6.641340455021558231e-01 3.923491758251650419e-01 1.145750778892668312e-03
-1.799564346130447801e-01 4.853236857900042889e-01 6.168766792622883965e-01 -5.881187765394388367e-02 -2.419285545419117001e-01 -5.473024680900387962e-01 -2.610177455895174026e-01 -4.229100523310890258e-01 5.337197259509115499e-01 3.748888967577388986e-01
-3.795009872158035535e-01 -5.536515642063476461e-01 8.711424539282159873e-01 6.496872641114963542e-01 5.166459121528139686e-01 -1.411878533551743919e-01 -6.815023535021039747e-01 -8.141877669200954515e-02 -5.847943920189559996e-01 -6.624487167070568505e-01
-6.704904924560528556e-02 -1.101977999285907173e-01 -6.997396858474119741e-01 3.380465116836326445e-01 -3.856977250494847409e-01 -6.021569317544406275e-01 8.102776190846068260e-01 -1.499977888901682099e-01 -1.341616660939073669e-01 3.504996889386332026e-01
-1.515376629172463518e-01 6.165576712941767124e-01 -4.975765611768981356e-01 -6.756265948088785445e-01 2.484734031028693058e-01 1.304039106291337013e-01 -4.251681227635061011e-02 2.460157689856010133e-01 3.193885916806508130e-01 2.606615584105179129e-01
3.171115856769630148e-01 6.489729325434832052e-01 -2.243067503244264294e-01 3.651457664291103411e-01 -6.455274222745628343e-01 -5.947216356468915111e-01 1.077992840227368632e-01 2.031700231430636772e-01 -1.129178389339757643e-01 -4.500940093788027285e-01
-3.181414142272698947e-02 3.131442047864212430e-01 3.561027469656172784e-01 3.161793712064838169e-01 5.210096539218085354e-01 -2.882070233698904582e-01 -3.751877557453077161e-01 -5.827946733438350846e-02 -5.682055098304727991e-01 -6.074673202709274938e-02
-3.564408115344599448e-01 5.982674600540406340e-01 2.671434240258651616e-01 4.393879991629241477e-01 4.171377656241066489e-01 -4.487761302728930368e-01 3.671435569600172144e-01 -2.757592369076130034e-01 7.264872190662755580e-01 -4.265451426374893273e-01
4.652250151021043029e-02 6.441317183354933022e-03 2.045222959710395194e-02 -9.286450120571016625e-03 4.580896990588691903e-03 1.185455249744216599e-03 1.396098711014177873e-02 1.046625375355579868e-01 -3.424657656948661491e-03 9.261021103707491736e-03
2.676700347849189088e-01 -2.393504296391168323e-02 4.134508818478985909e-02 -3.302312503053410619e-01 -4.916047404163865764e-01 -1.136408571551788572e-02 -1.183603889247676899e-01 2.349654640824849205e-01 -1.506381595532283735e-01 -4.825861044465493688e-01
3.870158247025879961e-01 -5.545191721439869381e-01 -2.898937752419582514e-01 -7.094952949451335256e-01 -6.940820499068983684e-02 -7.068791905656938157e-01 -2.021679351738500940e-01 -6.378150417230942226e-01 -2.295333832514070277e-02 2.958949211029307524e-01
9.393796360438083290e-03 -1.622448714980300188e-01 9.631688171183011571e-03 -7.307585842039245050e-02 1.419974994459763384e-01 6.985333077613251063e-02 8.718069456961005659e-02 1.832586460618914059e-01 -5.867570968145582877e-02 1.137285042615556324e-01
1.292342941896348629e-01 2.624058405293624441e-01 -5.284622091333410904e-02 8.243336044406625318e-02 -6.809048087795580018e-02 2.445398294589103405e-01 -3.782227279113317131e-01 2.175525670216290897e-01 9.327304135792028467e-03 8.070077844765416453e-02
-4.042192995448186110e-01 -4.540276234302385167e-02 5.889082691098825872e-01 -5.201287847181821494e-02 -2.583189951562190334e-01 7.295931434059143017e-01 -3.245922356560136945e-01 -5.384386944469309322e-01 -4.131707937509105366e-01 5.377511168488374738e-01
5.820975851871933449e-01 -7.894069461686055444e-02 -2.602025056664356017e-01 6.642458358301408516e-01 -2.624128220767921738e-01 2.465890279780500599e-02 -7.773389373966532734e-01 1.494575721794513257e-01 -5.361781216814763829e-01 7.437495629295216570e-01
2.666618575234352417e-01 1.976373447724397714e-01 -1.341786232230585162e-04 1.320704624528560578e-01 -9.299745513659785079e-02 1.507098378699517609e-03 4.744791923517528015e-02 7.049130376043513668e-02 1.318511058978944217e-01 1.676039034892650992e-01
-5.187416740146183480e-01 -8.499236195320878373e-01 1.521230875798445514e-01 6.037576518222992350e-01 -2.734582220679214748e-01 5.920910439164686068e-01 -8.417162114285400287e-01 -6.909790325485323792e-02 -6.886768553223271416e-01 6.399775086065080387e-01
-2.886372075732476089e-02 5.134203459761015748e-02 1.308173414884217789e-01 -7.143978783729444670e-03 -1.558751022031123756e-01 -1.443421536792100779e-01 -1.964748430828940906e-01 5.054789706774545643e-02 -1.450834213931714300e-01 -1.111920119082008968e-01
2.073321195131171690e-01 -2.424785567730130542e-01 -4.439363097791953483e-01 -2.998639839253680606e-01 4.297337216122109615e-01 3.702266795288888801e-01 -2.040005165451103109e-01 -5.585884219340577772e-01 -5.270984413033222848e-01 5.064942236840712653e-01
2.980169528338891261e-01 -5.405251392406602573e-01 -2.793785473377745701e-02 -3.607067826185004766e-01 9.785020194276074224e-02 -3.127052198225406254e-01 -4.503730545945895392e-01 -6.970017921522597693e-02 9.156911452986570346e-03 1.910001186636443027e-01
-1.412237797781802084e-01 -3.440441916112485510e-01 -9.424557498048218018e-02 1.088388866945425304e-01 1.434340616407184799e-01 2.626614315020567303e-01 2.949444310907597955e-01 2.586368320029577283e-01 1.705047878546196161e-01 2.321738661342119536e-02
-8.626094014816542144e-01 4.470625105684827294e-01 9.024243886203946186e-02 7.382376351440150808e-01 -2.708536978879884094e-01 -3.195776034624222550e-01 -1.524594051907456060e-01 7.680811689361882744e-01 -5.100669808653931353e-02 1.420062242685728171e-01
-2.575801544591909686e-01 8.546979037177197813e-02 5.732249073695189212e-01 -4.085424529721493614e-01 2.026369839803489059e-01 8.170667024477881180e-01 1.974888314413182078e-01 -8.131445772242928624e-03 3.412070034794646989e-01 -4.193709611756194500e-01
1.642778676633680629e-02 1.837162507939860967e-01 -9.532659940651053154e-02 -2.415140752879931796e-01 2.564367107801556744e-01 -3.184859423555839175e-01 -9.116802812350928431e-02 2.274388373575188596e-02 -3.123968083460758327e-02 -2.033421272505501198e-01
5.970084437171568892e-02 -9.589898256031886836e-02 1.457595728146537373e-01 -1.392380803987254383e-02 -5.498046979938098211e-02 -7.391445568497383156e-02 -5.588957359692457716e-02 3.957822174082825661e-02 -2.155772398104298659e-01 8.418004639947128387e-02
-2.885636203662216848e-01 7.749532821438953611e-01 9.220265254901502949e-01 -6.244367526960507009e-01 -1.057216121466086622e-01 -2.758546941142438480e-01 -3.099275577514967739e-01 -2.166467977531580102e-01 6.848763268386169889e-01 -4.259453067673557025e-01
-3.444544887956405010e-01 -4.385551446621466787e-01 -4.483986857033281925e-01 2.771123143036870462e-01 -2.332366991494730646e-01 7.234544693184931097e-01 -2.150053950768695266e-01 -5.173727992321234259e-01 7.589162306715376005e-02 4.460267965263632894e-01
-5.081979253436672561e-01 4.425416464950881479e-01 5.401255603431388552e-01 -3.210140996051756845e-01 -1.576750886643843996e-01 3.163621445536571319e-01 -3.199845719299742597e-01 2.320329283824980604e-01 -5.814075675446159774e-01 -7.147434363544570290e-01
-2.472491487327858062e-01 -4.644169306022017940e-01 -6.458235887654365515e-01 -4.180771328907361695e-01 3.908489921987928217e-01 -5.502689602336020558e-01 4.965027571055111860e-02 -3.266329823873776461e-01 -3.755519282609742771e-01 1.591086651999109869e-01
-4.678229525304846391e-03 -5.843902630795620723e-02 -2.759786552179946950e-01 2.045582212426771962e-01 1.928572142935059894e-02 -9.502345954460883481e-02 6.956107677237423348e-02 -4.643037115061580261e-02 1.221075430967302894e-01 -2.713585984240289295e-01
-2.809011914502830276e-01 1.687039812275283879e-01 1.968367462763155051e-01 -1.694498120671088792e-01 -6.009379613272516352e-01 5.683080389542488620e-01 -1.349889829516883744e-01 4.569200334146868991e-01 -1.831442308688173148e-01 -5.654678402746808885e-01
1.183858330818639143e-01 7.986739653839526609e-02 -1.648121905244940427e-02 1.684388442064251590e-01 1.370184306778889360e-01 1.076082628880146996e-01 6.164654634434169056e-02 -7.337088229004562999e-03 -6.026826415532834935e-02 2.447444260940703081e-02
-5.679408979005056146e-01 -2.840461690339494139e-01 -4.578794520358302478e-01 6.348104467866846345e-01 -4.811879501275472815e-01 7.031513450918182029e-01 -3.450664474628254985e-01 -4.684146375838089127e-01 4.843421826519568318e-01 5.618086226731335842e-01
-5.397429424394573072e-01 -7.945889196163594126e-02 3.628292865165787529e-01 -3.536772517730784552e-03 8.212132313307327625e-01 -2.674633343422498366e-01 -2.298660276948477355e-01 5.795720335849987581e-01 -2.561575361207630297e-01 4.239690504230454460e-01
-1.836583761458927266e-01 -9.148532667913628069e-02 9.779015014525606342e-02 2.115029730149797435e-02 -7.944692137578890367e-02 -6.050908328395222802e-02 1.030652775387870118e-01 8.991101044356941338e-03 3.452667215391811567e-02 4.644954270366834226e-02
-1.402748273611574559e-01 2.575865025842999922e-01 -5.955878854553087534e-03 1.257087346781946002e-01 2.505340147261564399e-01 5.419179628949960525e-02 -2.442241070431834804e-01 -1.690650946196013138e-01 -7.367691298560023749e-02 -1.424103735277496008e-01
5.483373200265115842e-03 -9.233595239443123659e-02 1.039468839669089283e-02 -1.979566979636480095e-01 1.256187016384453514e-01 1.231839898019043700e-01 -9.684253062572054094e-02 -3.320236498400498948e-01 -3.068925178361228689e-01 -6.196624029882252804e-01
5.330398391993158569e-01 -1.408632034074396855e-01 -5.386079259020684074e-01 -5.782896690059604605e-01 1.356868508556579034e-01 8.852584954710118748e-02 -5.369283293361333254e-01 -6.514039445328696776e-02 -6.425874291068787159e-01 5.262166972606593385e-01
4.658406218419215428e-01 -6.406222128246936709e-01 3.802911996658224214e-01 5.793813421638357442e-01 6.327732363491990197e-01 -3.006560169540725136e-01 4.044386113083993650e-01 1.674395244747160783e-01 -1.046146979324509563e-02 4.852481863345775026e-01
4.364707931687682452e-01 -4.568825170006891589e-01 -4.159433046039485160e-01 1.776455456174919068e-01 -1.424858908114915723e-01 -4.228366416379525372e-01 5.230608883495514450e-01 4.364252360912299622e-01 -1.315185728112797103e-01 1.156657435384221694e-01
2.049651781320068200e-01 7.938061991147276064e-01 5.069933367268517621e-01 5.994902065344703823e-01 7.208577055862179783e-01 -8.031704838965986193e-01 1.666045954294288756e-01 8.002166867574622700e-01 3.092923666189279497e-01 -8.734119634316190872e-01
3.294430386156307344e-01 -1.406702539837088595e-01 6.142035877549179707e-02 1.544491580702734290e-01 -2.152693378328843499e-01 4.574803697177384221e-01 -5.564855384043673053e-02 2.358105025859311421e-01 1.568001118261347915e-01 3.419507329490455994e-01
4.525030446993530964e-01 -5.687375419897972018e-01 5.754385178896549435e-01 -3.626587196982785088e-01 -1.918070543337447031e-01 -1.640680470176033023e-01 5.519522691315471574e-01 -4.584049409709394229e-01 3.325827934251266438e-01 -2.481404005107480937e-01
6.767084024040391776e-01 -2.549003653343120401e-01 -7.074263919428974701e-01 8.934642864601741730e-01 8.637803993018856874e-02 9.336929359187181587e-01 6.930532881028729220e-01 -2.709055138640123483e-01 -9.287289296592356191e-02 7.889651591893086513e-01
-2.203391730676449445e-01 4.007356101532513412e-03 4.286602031221262155e-02 -5.402754874683487474e-01 -4.412077832676231104e-01 -2.358199010353607128e-01 2.373971618750483903e-01 -4.161105446582761824e-01 -3.078810587004154331e-01 1.482899812539396067e-01
6.096321619948163149e-03 4.192476158812544207e-02 1.831508749894796353e-02 4.975083141955750216e-02 -6.268754304888150830e-03 5.478317880831887199e-02 -4.651493364516079356e-04 1.658048019905944762e-02 1.460326893991255141e-02 1.794043266371002018e-02
-1.217490217211584236e-01 -6.072387116697959275e-01 2.854491697006674711e-01 2.944901964999987673e-02 4.831700122463088443e-01 -4.582641187760917445e-01 2.375386320917201033e-01 -3.977874454049842301e-01 7.184744741735160645e-01 4.410817126867779825e-01
-4.867577586938718892e-01 6.664053468508857048e-01 -1.052032179826085517e-01 -1.689925999415377300e-01 4.697153227599362713e-01 5.192092536170336281e-01 2.606111210002594047e-01 4.674498060299778768e-01 -4.736298384758045321e-01 -4.007745203361054998e-01
-7.087303173385652022e-02 -4.573218355981976124e-01 6.599852298121303140e-02 -4.323204444051391426e-02 1.845125668203873581e-01 1.768243753262055407e-01 1.356328625540036137e-01 4.388373179286009229e-01 -3.134297384928597108e-01 3.565514076140630650e-01
-6.804914992082089498e-01 3.935823088175193774e-01 4.504078193172667555e-01 7.249687339111697826e-01 1.323126836193697364e-01 5.925527565945263309e-01 -1.922133860770454949e-01 -9.165993377404980935e-02 7.091114699075247163e-01 9.216906342896968862e-02
-1.504637155855982900e-01 6.304211924881518714e-01 -5.665837234612283169e-01 1.939671412494671232e-01 3.087207184756720624e-01 4.141835740399215648e-01 4.041063808451978434e-01 1.172440015894248982e-01 -4.268073168149924546e-02 -1.588925595808107216e-01
2.933048095411501868e-02 -7.216984030115419779e-03 1.064697303098986920e-02 3.977752001339227017e-02 3.893585235706826381e-02 3.719041814557633857e-02 1.133210388473186031e-02 3.913976472611461338e-02 1.659096130720548803e-02 3.173000053958803524e-02
-4.920652679752311465e-01 5.950835691953699769e-01 -4.902428443415799419e-01 -4.670291675714566791e-03 5.719466280225328214e-01 -7.496561145422533379e-01 -8.013625637762603615e-01 2.639303269141794472e-01 -3.397068422679977440e-01 -7.046745194112913335e-01
-2.303081098796484760e-01 -2.037336375411552269e-01 8.914185479517394706e-02 1.439668795603738505e-01 1.602330520144219506e-01 -4.478584179086408934e-01 1.203504410702357502e-01 5.985409307741923479e-01 2.282560048378878548e-01 -8.694095963742656807e-02
-5.451881256968778011e-01 1.983666484085317427e-01 -8.136210759576366636e-01 -3.349062040930834150e-01 -6.756865657642737721e-01 7.833670080187955798e-02 -8.337589374984449853e-01 -5.080651591036956516e-01 7.976852127351258259e-01 6.899993998503251014e-01
5.298257483095642623e-02 7.406545940832032215e-02 8.336830841460701746e-02 -1.842497549381320598e-01 4.895243194827160471e-02 -7.812257456589634386e-02 -5.093105905616195084e-02 -5.992906068410908810e-02 1.622869738563509009e-02 8.105714799394212692e-04
8.260377086167480787e-02 -2.140561830579525704e-01 2.974100466681824373e-01 4.399877600788646981e-01 -4.945773330403987478e-01 1.762288050715434262e-01 2.432328634253039246e-01 4.023565878766040965e-02 -5.089457035974958021e-01 -5.761041779932035700e-01
3.328202593289413813e-01 -1.742625602439279997e-01 3.198371518022089521e-01 -4.074331249872863853e-02 -2.602473546202362931e-01 -3.241069007552339065e-01 2.294437585731602669e-01 -3.865896401734792431e-01 -1.844591464561356475e-01 4.046756525472352539e-01
6.967126315075090615e-01 -4.811821061457655646e-01 4.780104803504618971e-01 8.242000682247394572e-01 6.148334127558781059e-01 -3.216001870235591503e-02 5.262302561674410128e-01 6.944578632641881244e-01 5.934057768223996998e-01 1.057411341511611397e-01
9.103182997665192067e-02 1.189098477323272951e-01 4.568641291940188087e-01 -1.487737863634521207e-01 1.944797989026597340e-01 -2.020694586522597258e-01 9.026265202042670077e-02 2.737380928283796311e-01 -3.800058924253947312e-01 -3.639104828219447141e-01
-3.626653190134672688e-01 1.330954318391067148e-01 3.885780253846452537e-01 -5.857641694776725139e-01 5.754379456188403186e-01 -1.296821843219289339e-01 7.269204772814340521e-01 -5.649623488710069363e-01 7.548888676309285783e-02 -4.112354819788419796e-02
1.652831833986969645e-01 -2.424097074278956654e-01 -4.488232980057613730e-01 1.827500053830290877e-02 4.672386010104769699e-02 -2.207336572573768627e-02 4.101861701395704274e-01 4.404892553441787650e-01 -4.110458451342134667e-02 -5.773279167400187095e-01
3.105489423290815343e-01 -6.238194157220684488e-01 -4.862140976505561762e-01 2.988527106928984961e-02 1.598171410844856644e-01 2.969864084208894139e-01 -2.652370250552675834e-01 2.053432046649457943e-01 -2.807410337287873925e-01 -4.088393814728832898e-01
-4.121838757872153119e-02 3.818717077221654987e-01 3.359886416012227150e-01 1.942924491387652552e-01 -7.221941134362011572e-02 2.257106608051124563e-01 -3.399863553541169203e-01 1.924609218861016713e-01 -2.851407536217257042e-03 -4.480853424926590223e-01
2.550884877140423002e-01 -1.889261154212254490e-01 -1.617454862262960591e-01 4.586926206593581745e-01 3.932747755639401932e-01 4.634553710658630976e-01 7.061704544603890632e-01 -9.153819617273999121e-02 -3.052791159042049784e-01 3.381452551457442834e-01
-5.222350528202019948e-01 -2.338481048468437629e-01 -5.341249132130287264e-02 -3.080316273611398079e-02 2.639306611888693199e-01 -2.822158793323665260e-01 1.130671650110129725e-02 -1.896033888510388898e-01 -2.920257511732206046e-01 2.436449289612748759e-01
-2.162171663087344431e-01 -1.201720030189725730e-01 -3.357516672714723205e-01 3.856507636119242965e-01 2.030659068557517932e-01 4.047079552782205658e-01 -2.197964171483527684e-01 2.667846337486600578e-02 -1.719253062708450339e-02 -2.225913245315386257e-02
2.300022779337830003e-01 2.387862563880644995e-01 1.838439902766026701e-01 -2.255448928001233810e-01 -3.819869515651242997e-01 -2.507221267259873709e-01 2.229890454527761467e-01 -3.374703535320869863e-01 3.742614031303485023e-01 6.901624778842413432e-02
-8.042609154734227644e-04 5.344914430907943270e-01 -4.425454022010200661e-01 4.774471152362605997e-01 6.505888229784984045e-01 1.782632625138690363e-01 3.185463949362445923e-01 2.759681677927369736e-01 -4.708586150020857564e-01 -6.489800674308892070e-01
3.012957855922162587e-01 -3.957247922281306729e-01 -4.384959685700258736e-01 -2.467081668526766303e-01 5.032640916863860836e-01 -6.983736185574145050e-02 2.289136037450448247e-02 5.507046778274169441e-01 2.789259019507391857e-01 -2.654942296578665095e-01
-7.844003058065399103e-02 3.057093599414265062e-01 -2.573940082561864684e-01 1.812375842574326379e-01 -5.205110096269162101e-01 -1.674065399849891389e-01 3.098339435585790724e-01 -2.750698402297530598e-01 6.794807263783666507e-01 4.632722543948180616e-01
-7.055301067827848827e-02 1.124075813321251810e-01 2.825400876245391935e-01 2.461211907467063809e-01 8.559953679177766117e-02 4.400771345065588314e-01 1.967927694529446325e-01 -9.363974438431617309e-02 1.080145947093585079e-01 3.163495164700787510e-01
