6.282485727369002682e-01 -7.918126287155079490e-01 -1.144919257617871000e-01 -6.187863286024930520e-01 3.212213729623398240e-01 -4.557274572997317974e-01 3.526503947622910973e-01 5.919536971913404999e-01 8.052512808092268104e-01 7.071001201995519292e-01
1.490351141878803187e-01 1.206069259273162275e-01 -3.860681275037359250e-01 4.046061643906424532e-01 3.949740132161900230e-01 -1.071446182927359991e-01 -2.523965396717355869e-01 -4.301691188371180030e-01 5.159176532688787287e-01 -2.688422549049380716e-01
2.780422317262425391e-01 4.413454912869366198e-01 -1.998414089213637612e-02 6.554386620554574217e-01 -5.667508719138307782e-01 -2.937426782665232272e-01 5.540675642877594953e-01 2.530586833542564640e-01 6.820316715729978219e-01 -2.661057761835983748e-01
1.733450402166795690e-01 -1.588888533057037922e-01 -3.238891794177534145e-02 -3.554306877129129183e-02 -1.306545449976735107e-01 -1.097560512371496266e-01 1.631839574083804589e-01 -1.315146822852545638e-01 1.188224510005331525e-01 -7.219141539416026876e-02
-4.634235916900356425e-03 -1.687041512569284561e-03 7.755646186618105065e-02 -5.057946088947107288e-03 8.360086725276490160e-02 2.626889218233132914e-02 1.286590451078317536e-02 5.838380128274687358e-02 1.501942164390969274e-02 4.119618812749863829e-02
-4.455970416824913682e-01 -7.467546157622657610e-01 -4.071930407963665621e-02 -7.939050777339159426e-01 7.015261170639275345e-01 -6.938821529130819732e-01 5.530641412756129860e-01 7.121398901245414859e-01 6.743274411904579546e-01 2.297102974947099752e-01
-4.858183919892402995e-03 1.664267975816682010e-01 7.864881606040745321e-02 9.811331304700434547e-03 -1.411860236853617993e-02 5.616243511705092291e-03 3.946316809937832487e-02 1.701326207349394132e-02 7.382909674466775485e-02 6.160061499577558670e-03
-5.348094387649496850e-01 6.800913752513367827e-01 8.252736289891740573e-02 6.852228013686166852e-01 2.255655450821487107e-01 -3.245039003607540495e-01 -3.837722751414835987e-01 3.201096862630001816e-01 -6.045825088959159155e-01 5.596276550129440919e-01
-6.982234962599548345e-02 5.907019518236351630e-01 5.496043882058460062e-01 -5.611967587228675614e-01 -2.795589748043378897e-01 3.685931947918344997e-01 -4.151803763342768461e-01 7.205303939577126782e-01 5.173712142626465393e-01 -1.896395247890673430e-01
9.082970057037134670e-03 -4.396715860965156632e-03 -8.549150020200636454e-03 2.988931170421759917e-02 9.638413366691803152e-02 5.559902658110942725e-02 1.783958435250361865e-02 4.100884401798608053e-02 2.637919599793751499e-02 1.208818504187671346e-02
-1.028213712267300739e-02 1.086953022706146910e-01 5.141829748594126809e-02 -5.051471494553912839e-02 2.029762106420372469e-01 2.608365144276782871e-02 -2.748230014329616083e-02 5.512364951152566930e-03 2.675935887310934916e-02 4.446325594849278445e-02
3.422652444663990545e-01 -3.188774821507381896e-01 5.954152587288634724e-01 1.864061067421116935e-01 -3.493789797894272103e-02 -2.090147311633656635e-01 5.402657710833049798e-01 5.067664718438964488e-01 -4.532638122924792512e-01 4.087008586454622394e-01
-4.214920447589909913e-01 -4.412813682087970979e-02 4.407284675060239021e-01 5.792394208476253636e-01 4.672473019079476098e-01 -4.557673430005594883e-01 2.075123998239480072e-01 -1.356958122551085721e-01 3.157406753134052169e-01 -1.274124919354636676e-01
4.146897943947131515e-01 2.021654619273703379e-01 -4.651692158191361726e-01 6.350842865842910578e-01 1.744634809946600251e-01 5.317182918946151970e-02 7.440182712132992204e-01 -1.599145299944296772e-01 4.119646178243309143e-01 2.890418284577231378e-01
3.105760802939004916e-01 -5.499144457451662360e-01 3.630830165380425356e-01 -2.359837664109401822e-01 2.917836541474479461e-01 -1.800785541759643005e-01 -4.541451179838574825e-01 -1.669834070090299993e-01 -2.013805191592373534e-01 -6.817859778499417711e-01
-1.960186668209645648e-03 1.509508811710859669e-02 4.974841172635836861e-02 1.789935180526321112e-02 1.119119992418182892e-02 5.055054442240643209e-02 2.550492943332291311e-03 8.073757658256609793e-03 1.717162843867105562e-02 4.536414446046112270e-02
-3.883755561516037957e-01 9.513228849669888576e-02 -5.270532383957816647e-01 -4.502130013083004978e-01 -1.398401436971381286e-02 1.886205252882299233e-01 -4.373267895997611648e-02 3.537013622550990721e-01 9.248346175256785817e-02 2.428650016062634531e-01
8.297674759277294809e-01 -5.337672739340512118e-01 -7.693720626208311320e-01 4.700892781272016929e-01 5.960021672048984032e-01 3.149311566382400063e-01 1.115673329829655197e-01 6.657051893136530785e-01 8.042207136526704492e-01 -4.411909277820685316e-01
1.330041928437725694e-03 4.154982335306955238e-02 -5.880757622386921790e-01 -4.763914552780821321e-01 -5.775239592061703897e-01 2.849003425149660984e-01 -3.635706952013544324e-01 6.717103564079179856e-01 6.695156278762690039e-02 1.281921177495498262e-02
-3.312664700873586138e-02 2.266219142616278381e-01 -1.292638226010034419e-01 6.007946649948711637e-02 1.860501486417101835e-01 -8.477904008095801802e-02 -1.865852186526104906e-01 1.240899540902682952e-01 1.334008231905466357e-01 5.444703798073750878e-02
-5.486926597328170910e-03 -5.363909466557945094e-02 -2.298022047568767101e-01 3.567871511125466077e-01 -3.994970958053511434e-01 -2.616988277712035960e-02 1.712421739291218048e-01 2.046049644337237516e-01 -2.977415050002469865e-01 1.670586743271788854e-01
2.720966222170616011e-01 -9.082618028251213116e-02 -2.093996265914130905e-01 3.974038416212343772e-01 2.610305666720099116e-01 1.622256658874407786e-01 2.041515825738129952e-01 -9.000463221736616781e-02 -1.234961354636939374e-01 -2.125500226045859142e-01
5.607312696032557692e-02 4.064579112004740313e-01 -1.892640387135353930e-01 1.670261028446985707e-01 2.476455003876148753e-01 1.267127774971688048e-01 9.929726771251583262e-02 -4.085597234863905941e-02 2.383858685510722997e-01 -6.852758151117004093e-02
5.222590045225871114e-01 1.115854898684841279e-01 8.166451035652627644e-01 -8.842755634228994799e-01 -3.956875666906191635e-01 8.720284507000633512e-02 7.579995548973429420e-01 -7.725767477559327689e-01 -2.091991854979740884e-01 -8.074736094288930133e-01
-6.267326454329333885e-01 1.824220398985224034e-01 1.310563761858251838e-02 -6.643544777275899038e-02 3.360532690163050007e-01 -1.324992651438199609e-01 -6.819197318281132736e-01 4.607777567861965351e-01 -6.512221924927472649e-01 -5.966319337960628300e-01
1.080714738058229790e-02 -2.465165393909566488e-02 -1.656123682309005099e-02 2.421205082472189796e-01 -4.814943319496192142e-01 4.110154942700654512e-01 -2.026114737962976253e-01 -2.454513389840242560e-02 2.149036251548464282e-01 -1.158109229677773966e-01
1.707829065134974511e-01 -6.254473018404093088e-01 -8.078612269615762509e-01 -8.181034965471178921e-02 -3.100795090085989858e-01 -7.991399990721831381e-01 -6.671813683973243370e-01 -7.253180547913051779e-01 8.636515895615074490e-01 -5.173495865930841653e-01
3.678072126746081416e-01 4.725808565085518054e-01 -4.058442222734346544e-02 -2.680421660551319807e-01 4.402147849182068695e-01 -2.741370843172037941e-01 5.122219590341637874e-01 3.509362401127638087e-01 1.542082077620975100e-01 1.383641987334492673e-01
-3.189168786227805641e-01 2.917078820726906052e-01 -3.599495704884193847e-02 3.172333045080762831e-02 -6.893725373619689067e-01 -2.352077774608438698e-01 3.321304842304283467e-01 -6.516290891266242058e-01 3.847087318594231697e-01 9.143362837244781518e-05
-1.708879561082854437e-01 4.736240009638487680e-01 6.114182790285597191e-01 -7.279983118441794854e-02 -2.077468483235023755e-01 -5.376956740280934843e-01 -2.580342839661190490e-01 -4.046951116100469537e-01 5.168728586390759494e-01 3.555372867172453821e-01
-3.801272843033141613e-01 -5.377125816874336328e-01 8.693671852285728141e-01 6.503252250961560899e-01 5.093551542910904617e-01 -1.410305722283596574e-01 -6.749544985843480838e-01 -8.358294933999083076e-02 -5.765200913235513092e-01 -6.630372376408437685e-01
-6.680769857945471901e-02 -1.096777069890104428e-01 -6.904906129123032921e-01 3.332551836650256005e-01 -3.807551145933975034e-01 -5.769055924860809759e-01 7.959453157459210892e-01 -1.528569541171973800e-01 -1.317420490134283417e-01 3.558295339514713773e-01
-1.492714216676975236e-01 6.060105535513437003e-01 -4.881777600852348353e-01 -6.684888284106745848e-01 2.555400047383285522e-01 1.322942048322175157e-01 -4.394447147118135666e-02 2.579597202417318047e-01 3.158288654735161294e-01 2.470592557880376960e-01
3.089538759358976816e-01 6.333394261541714920e-01 -2.221537334219549908e-01 3.522619506970312564e-01 -6.092375740191839917e-01 -5.777416612213460700e-01 1.096727634489801095e-01 1.920091366581796466e-01 -1.170426709857620290e-01 -4.400063689863447647e-01
-3.431521633242776842e-02 3.188689126433664756e-01 3.508189437352645101e-01 3.131247448497196384e-01 5.173254706977399309e-01 -2.779859657926943006e-01 -3.698339731268805441e-01 -5.291900491078781188e-02 -5.640302722801058266e-01 -6.198162339194382420e-02
-3.533875857641741725e-01 5.878615812789608208e-01 2.762305990912262144e-01 4.285187249257633724e-01 3.990678810461671389e-01 -4.529565250774379437e-01 3.552752208901650000e-01 -2.583764284177078041e-01 7.155426839737539790e-01 -4.221544220883143850e-01
1.060990558830574443e-01 4.498545872002050749e-02 3.479757710300643986e-02 9.208091549081972443e-03 -4.266097877656153427e-03 -1.412999200557689405e-02 5.608591894442865704e-04 1.906511191433181429e-01 -1.313121784814337036e-02 -4.111801231527783922e-03
1.264201488359842085e-01 -2.784456948209960980e-02 -9.012198374430107489e-03 -1.560492123264110298e-01 -1.984839241224244655e-01 -1.345421544626968988e-02 -5.114811238623958450e-02 8.329902151696284840e-02 -1.084287169612335316e-01 -2.625287046297025140e-01
3.825449643912592346e-01 -5.487043085860345837e-01 -2.850804292441285748e-01 -7.031467125043298072e-01 -6.882406276585498195e-02 -6.935440332807605301e-01 -2.038542542311974626e-01 -6.342714845290031711e-01 -2.093919101882818490e-02 3.140820533958939564e-01
3.280163057900715995e-02 -7.107005812435021608e-02 -7.079815642721192827e-03 -1.732156532713533328e-03 1.746217869048232174e-01 -6.666261874970101295e-03 6.732131310177617844e-02 5.436324548233729959e-02 -1.577976909589688670e-02 5.525867084008864033e-02
1.125164201543691483e-01 2.466566899609502761e-01 -3.148118963742398829e-02 1.226071164897609561e-01 -4.063836552844367345e-02 1.551678683483033172e-01 -2.671222687626184644e-01 1.753427839696805879e-01 -4.949408985127813285e-03 7.255025595990416409e-02
-3.808489577205002585e-01 -4.008618893058858712e-02 5.792329966827514109e-01 -5.087963889024594427e-02 -2.526394132997174524e-01 7.104281278407246214e-01 -3.183053794407474379e-01 -5.160451645105769147e-01 -4.078539830197628335e-01 5.445040154764374529e-01
5.803737623389846334e-01 -7.555126589886815291e-02 -2.596653577589275730e-01 6.618596514556510657e-01 -2.619449968934748352e-01 2.617188091096638372e-02 -7.756102777708838714e-01 1.503453614903067781e-01 -5.354976101845546621e-01 7.418690085274203261e-01
2.424371584055638740e-01 1.633273957128279497e-01 1.234397906604112367e-02 1.127007786622225144e-01 -6.979865705102698825e-02 8.639603878614401933e-02 4.779242086793260985e-02 4.776518483325285086e-02 1.113070637114779854e-01 1.330203473438346939e-01
-5.198379199894276326e-01 -8.462521853283483386e-01 1.553849707833051819e-01 6.036240358212591195e-01 -2.753366704124924902e-01 5.896603407301971300e-01 -8.403398562034637420e-01 -6.970727815692955021e-02 -6.876842868029386935e-01 6.391913029700637683e-01
5.544104729769783885e-03 5.867397433748814534e-03 2.510798957475453633e-02 -2.385633755527900857e-02 4.910328093919926612e-02 4.667981959443925216e-02 -2.675289122986136692e-02 3.810215062402896868e-02 -5.006815946417535190e-02 -2.330420227176098827e-02
1.987043475728202946e-01 -2.348594410258367515e-01 -4.368587452118820047e-01 -2.994438934088279325e-01 4.348689270813509422e-01 3.653913044698207657e-01 -2.090252052305536790e-01 -5.296153359635917823e-01 -5.154598969470587377e-01 4.897234383069432040e-01
2.766567261724580673e-01 -5.053805173864827083e-01 -2.063159405613540498e-02 -3.364026750231274288e-01 9.779816147466315057e-02 -2.901214408315487825e-01 -3.863892424772555900e-01 -6.232352385078848006e-02 9.150613988949271582e-03 1.767019068912540902e-01
-1.073017972767508627e-01 -2.760591285626751712e-01 -7.557975122211474384e-02 6.617433035853521883e-02 1.832027205513021006e-01 2.068931152771892878e-01 2.263918193597658224e-01 1.872058225008778887e-01 1.168550159183309595e-01 8.605550526149813306e-02
-8.559899957495521461e-01 4.488669601248884700e-01 8.840743408588236374e-02 7.401583765751493793e-01 -2.688831595265064878e-01 -3.179347734417469207e-01 -1.515038570389904971e-01 7.619913354721206122e-01 -5.127161449254390158e-02 1.401158161349826126e-01
-2.413132088874684333e-01 8.390874897691322221e-02 5.651090041741596570e-01 -4.027762405337860785e-01 1.992261928526856685e-01 8.061761830068808754e-01 1.950671889297256323e-01 -7.679079081343396541e-03 3.365436473362217185e-01 -4.146373912687331686e-01
3.195928851554403170e-03 1.130006617672126290e-01 -3.756264199483446559e-02 -9.611575513123907233e-02 1.173967270307725574e-01 -1.546941396633099153e-01 8.441765752702061476e-02 1.325996161181487026e-02 -4.320497438213275962e-03 -9.996207636289472509e-02
6.443200548087993362e-02 1.649550472208621832e-02 1.964229314351294275e-01 -1.718499686067122625e-02 -2.432855646207641304e-02 -4.093236738094107457e-02 2.721545789215911067e-03 3.034641261462819178e-02 -1.113174983742047791e-01 2.316942507969044912e-02
-2.853037955865154740e-01 7.631885652884914384e-01 9.144415968361002678e-01 -6.204275929328874062e-01 -1.045127223504504904e-01 -2.493836663049704139e-01 -3.177762479009035856e-01 -2.265799430430700812e-01 6.798044107481029386e-01 -3.977816708363449139e-01
-3.378612699417588572e-01 -4.366927228279517958e-01 -4.449496302003301818e-01 2.741072203200045077e-01 -2.328951727539625427e-01 7.283449211056713946e-01 -2.083394025462683152e-01 -5.145763376020279223e-01 7.493109637620573582e-02 4.380188224188780177e-01
-5.075766149111785586e-01 4.419389244619650881e-01 5.393812955996891700e-01 -3.210225550509169246e-01 -1.557057388210824622e-01 3.177602804085227217e-01 -3.198810620991008880e-01 2.311736526817087245e-01 -5.809864604070852367e-01 -7.118725775854796156e-01
-2.341737669561168300e-01 -4.524775742905413622e-01 -6.237233621109062875e-01 -3.843098206211983392e-01 3.784594144577805852e-01 -5.359441338009922617e-01 4.725886569543907845e-02 -3.166667426854017364e-01 -3.661980774313248199e-01 1.460196275919648234e-01
9.425794116816599288e-02 -3.967810555511515347e-02 -2.331723552178056325e-01 1.627695969681662302e-01 3.152855684960824412e-02 -9.264410262149137820e-02 6.452033343778360019e-02 8.687348277213336606e-03 9.295251865200490626e-02 -2.113446657462967615e-01
-2.548549121504408710e-01 1.633292898590183728e-01 1.973236311686238920e-01 -1.458767078480579515e-01 -5.749406162609884685e-01 5.610281949688760150e-01 -1.228781319492623647e-01 4.371650352422785102e-01 -1.759136023336232146e-01 -5.477132388337411228e-01
7.899198087024639214e-02 2.702862120989329639e-02 1.999855717589843832e-02 6.475008544608509831e-02 1.081644566588993717e-01 -6.217937952453555031e-03 7.744009537540221151e-03 2.344771171453734551e-02 -3.847172715695124524e-03 6.459798301569379814e-03
-5.655803919171646932e-01 -2.822413655979303937e-01 -4.563338885458385064e-01 6.324118173910696639e-01 -4.837137304400077609e-01 6.917051497048095632e-01 -3.441260602814085190e-01 -4.568048814976158334e-01 4.821832851487066196e-01 5.610763926331724383e-01
-5.398794133850767230e-01 -7.970029639751557982e-02 3.621512234533970087e-01 -4.038583981155791265e-03 8.202730753811176001e-01 -2.675125255391020973e-01 -2.276950558004250946e-01 5.788934012852672284e-01 -2.556323578629361437e-01 4.227782199999148283e-01
-4.905263444422022084e-02 -3.039000470326843478e-02 3.771858170810172411e-02 5.481188896231165703e-02 1.055102089599746842e-02 5.301033353553703809e-02 2.774374084789556910e-02 -1.323667635874480573e-02 4.175483361212453844e-03 1.175404414999100255e-01
-9.473919436226292679e-02 2.362334638535983355e-01 -1.847211142956388732e-02 7.096217805246705923e-02 1.649810606843397087e-01 4.668414904356626982e-02 -1.406718783485641777e-01 -1.366034069348219249e-01 -4.612755740414306582e-02 -6.633481076427756584e-02
1.128881942151588151e-02 -7.061561468329231872e-02 1.720673218696332912e-02 -1.670603227090787790e-01 9.193389799884883751e-02 6.832345327636051013e-02 -8.374414009694727823e-02 -2.305257986507336654e-01 -2.728449348153889620e-01 -5.345893047992417157e-01
5.186311926892074320e-01 -1.046775419980457145e-01 -5.269285043827638404e-01 -5.605956086222111390e-01 1.232069402993343638e-01 8.645362645378798505e-02 -5.132765273936319428e-01 -6.792535591196788292e-02 -6.199170374306189890e-01 5.112070452393197018e-01
4.612552339196743789e-01 -6.363488931940523008e-01 3.783557659329482292e-01 5.747814673970045307e-01 6.293081218703054924e-01 -3.054429740899802792e-01 4.009378886891655780e-01 1.718679548241006660e-01 -1.266247033949770111e-02 4.826874927647187841e-01
4.197740226427589816e-01 -4.465855144811878286e-01 -3.794374405512152548e-01 1.661002894918076900e-01 -1.395564707651709146e-01 -4.137447335269910931e-01 5.033849672120991325e-01 4.228249807155085027e-01 -1.275355226437977774e-01 1.120302486019418703e-01
2.125820415414404752e-01 7.906207600467018981e-01 5.095673300195071587e-01 6.025118618485811872e-01 7.222737893186251812e-01 -8.031504300759133574e-01 1.674390876923820826e-01 7.928688551108132865e-01 3.089495359496274851e-01 -8.702827180595354983e-01
2.726672132492773404e-01 -1.141341376773092747e-01 5.311329773215766464e-02 1.346775087844731267e-01 -2.030945805182198527e-01 3.540345450402552774e-01 -3.152603742345076038e-02 2.401169820879770767e-01 1.384593348974005600e-01 3.454937835052044881e-01
4.323710188882663452e-01 -5.390159169583903509e-01 5.566518947788519078e-01 -3.539401565999638621e-01 -1.771273783868932694e-01 -1.602673456297817323e-01 5.559462769384284631e-01 -4.458038947348170189e-01 3.267291420140236435e-01 -2.324386167885559018e-01
6.766387347234890104e-01 -2.550036001543870556e-01 -7.074584532560286299e-01 8.932583712407800025e-01 8.626010642852723065e-02 9.341072077569158028e-01 6.929450204352914922e-01 -2.708447988666320971e-01 -9.290677505436950590e-02 7.890342439403916774e-01
-2.184124484478234540e-01 6.935707444544276547e-03 6.343951185717806862e-02 -5.218084200625165980e-01 -4.270529231319387109e-01 -2.362957410447405482e-01 2.173481782763148351e-01 -4.058343682431754251e-01 -2.961871598976902331e-01 1.429899481210145651e-01
3.229760542698441230e-03 4.555384712315641016e-02 1.486832266743868917e-02 7.929872361554166083e-02 2.754314039041188579e-03 7.291026075445301846e-02 -2.964589141105361883e-03 5.065559857625374918e-02 1.055954237428334552e-02 1.703604079498594742e-02
-1.263816158950941682e-01 -6.033004908892215523e-01 2.758413962278166154e-01 3.302228615428872555e-02 4.912972994485128586e-01 -4.560940312777969630e-01 2.468650331058087621e-01 -3.980558978863047437e-01 7.146246088323089385e-01 4.417041857682741934e-01
-4.829311949853858366e-01 6.744607240535027692e-01 -1.037745160997251975e-01 -1.629815605054595606e-01 4.557175308657057111e-01 5.137598511650297572e-01 2.684568295198829779e-01 4.596489521075025064e-01 -4.629625164630770673e-01 -3.978456957272730188e-01
-6.528613436325908514e-02 -4.140564861416026199e-01 5.501882716099518872e-02 -5.762544308113787955e-02 1.545086448292687931e-01 1.774285445084655688e-01 1.129503330413392931e-01 4.089549310542163196e-01 -2.721291930491218092e-01 3.259163420322265803e-01
-6.774076912641807668e-01 3.952188335988630064e-01 4.481606668705830909e-01 7.199314773578098237e-01 1.306632174781721112e-01 5.890260128126905137e-01 -1.913516809604765279e-01 -8.459180960242905500e-02 7.054214550623176816e-01 9.197053816532888004e-02
-1.490467132352077673e-01 6.238880750436740508e-01 -5.614602061625858509e-01 1.914959845064385102e-01 3.063057381556564818e-01 4.258850788111766539e-01 3.999990409881634679e-01 1.154974877474588130e-01 -4.287136649133179572e-02 -1.581408873123469339e-01
1.145012942648559497e-02 -5.407332839656348727e-03 2.928473537358531470e-02 5.565847365931379798e-02 6.968611523419532272e-02 2.407823181615833391e-02 6.299875028977256278e-03 9.569152851658367653e-02 3.957477896972083631e-02 4.588287015081925213e-02
-4.907744009939732921e-01 5.993207658884567302e-01 -4.900940799999200514e-01 -5.608720747229748761e-03 5.723007022946531297e-01 -7.475763117670732871e-01 -7.993191400813438596e-01 2.622262283188319665e-01 -3.389338352593538328e-01 -7.029623025353920474e-01
-2.122026903403717024e-01 -1.581152908039095140e-01 8.037959554744206203e-02 1.388316726151798131e-01 1.413303837142845520e-01 -4.135898728193529994e-01 1.107369656226081939e-01 5.752774194198174706e-01 2.055299455694910293e-01 -8.242429947729644490e-02
-5.440251302464707006e-01 1.967708263657390044e-01 -8.097424142860016882e-01 -3.330584218577727906e-01 -6.752631212522447468e-01 7.873623108843608165e-02 -8.324212847444277807e-01 -5.071859362069564003e-01 8.001997237079176983e-01 6.871006155947815275e-01
4.737654165190761241e-02 2.920133966938582085e-02 8.006179132065083248e-02 -4.451763361323374940e-02 1.864701849730334218e-02 2.826995512253118598e-02 3.562593316515254294e-02 3.496659600898145703e-02 -1.053078805852875142e-03 1.385862649636843309e-02
7.467683505646585673e-02 -2.044406751521008203e-01 2.925998781598060372e-01 4.335606828349539699e-01 -4.832343324326969780e-01 1.856103154620934170e-01 2.246336015911212514e-01 3.723394930328800118e-02 -4.942061807208971147e-01 -5.557317416795868326e-01
2.131800124349400027e-01 -1.130595671884309095e-01 2.141563054348346873e-01 -2.814884919130238375e-02 -1.931357295911862448e-01 -2.276691226555140890e-01 2.277687039935867019e-01 -2.427182610752342540e-01 -1.099590669561367196e-01 2.810492759290383891e-01
6.965877261175520418e-01 -4.800144772136383242e-01 4.768112730054239745e-01 8.245664620118129395e-01 6.134338597386262970e-01 -3.286067629290459480e-02 5.271073814636471067e-01 6.936992792007190545e-01 5.925103032497744948e-01 1.054217226257020829e-01
9.675488532224553462e-02 1.150658243515397944e-01 4.730601806537985121e-01 -1.432682114865228562e-01 1.861333506840964769e-01 -1.967803017762959072e-01 8.841739438867927958e-02 2.648001496382977882e-01 -3.721365905163108168e-01 -3.559379499105099764e-01
-3.568856921942138993e-01 1.337313976924487668e-01 3.852062022287250920e-01 -5.816070348783782817e-01 5.703618977111329924e-01 -1.208845268518289606e-01 7.210854865374505263e-01 -5.607900867187359806e-01 7.488336128236643130e-02 -4.131654788279472829e-02
1.554509915869132231e-01 -2.152787216651507740e-01 -4.102764590283587420e-01 1.303656365652831536e-02 5.145393576161612359e-02 2.772918692971549498e-02 3.737526794698828314e-01 3.794617588596241875e-01 -2.834881892408869578e-02 -4.841103316002349777e-01
3.044651118953665692e-01 -6.140282977301194656e-01 -4.690944485558478649e-01 3.028864716191650291e-02 1.541841456936701438e-01 2.916060557287006305e-01 -2.633839087945409330e-01 1.999276131492192798e-01 -2.638537477538597242e-01 -4.027881620055042688e-01
-3.663709220236200520e-02 3.773285387616427955e-01 3.171913726399296363e-01 1.813115874065443500e-01 -5.157274767209814315e-02 2.233945002954654813e-01 -3.224148232402826442e-01 1.834714749557956048e-01 -6.032089353226501027e-04 -4.146196141362207821e-01
2.501174175698300806e-01 -1.879390181440449559e-01 -1.562682921633638533e-01 4.514611855064165624e-01 3.866615815396400313e-01 4.685774886449340371e-01 6.906894338897947572e-01 -9.473413928561186248e-02 -2.890732825208842671e-01 3.424457365857387359e-01
-5.095012664811258141e-01 -2.121047265499897971e-01 -5.557062848610690164e-02 -7.483764926525898926e-03 2.645510377697641857e-01 -2.314171453310874815e-01 4.190811113074185447e-03 -1.833148797465402047e-01 -2.861846739386604277e-01 2.371817071520599673e-01
-1.447845530394464841e-01 -6.002811992118796403e-02 -2.174998975044323268e-01 2.015627205658811483e-01 1.634369629087427112e-01 2.445342248975982125e-01 -6.468980109771066411e-02 5.578554777698468276e-02 1.269824516558222321e-03 -3.310429323795572448e-02
2.109415389030314392e-01 2.420273361434871207e-01 1.714823477035870014e-01 -2.136929934775067819e-01 -3.641516092499323953e-01 -2.427495093038979646e-01 2.368045310659515901e-01 -3.096712061457957410e-01 3.496069696169541441e-01 6.496694238181320580e-02
-1.987908170425709280e-05 5.350410143422268394e-01 -4.410897121757444417e-01 4.749625765852432124e-01 6.461821376114024185e-01 1.768873322235609002e-01 3.234152721940764530e-01 2.757427878845743474e-01 -4.688952454169233452e-01 -6.461556649973564381e-01
2.804634718172875352e-01 -3.693325003821957830e-01 -3.881338591160007900e-01 -2.314510097069235606e-01 4.685509985269294964e-01 -4.365798208247396311e-02 2.083176952636090276e-02 5.147688840523058085e-01 2.606399071707957704e-01 -2.428068022424726691e-01
-6.632154477145429938e-02 2.962794133607242753e-01 -2.508777626371749281e-01 1.818445651126522067e-01 -5.115971574992892457e-01 -1.680239308624354999e-01 3.094359422422846007e-01 -2.794001706327995938e-01 6.669102414139599366e-01 4.496545636085716446e-01
-1.018387713807049171e-02 9.369833052318275735e-02 2.113746095822819915e-01 2.047230706625699503e-01 8.874648940933577146e-02 3.540542836639061219e-01 1.684085387686388435e-01 -1.086600461908208554e-01 8.647479497077775745e-02 2.527996265156999822e-01
