6.299011792676508792e-01 -7.984548764755355910e-01 -1.145459690844756462e-01 -6.199414401901399696e-01 3.229244015116338185e-01 -4.557341003316874861e-01 3.510835193535585264e-01 5.925297374670435158e-01 8.038298442649648434e-01 7.086079318607877431e-01
1.497621829994275622e-01 1.205515653961146127e-01 -3.895091238685374768e-01 4.035684303882525747e-01 3.966775042064367152e-01 -1.091021916252230689e-01 -2.520291503943412614e-01 -4.319877651531217611e-01 5.168120930284049175e-01 -2.685277194673769130e-01
2.798609091415025230e-01 4.420862627075569651e-01 -2.031950292712507780e-02 6.574240543226328448e-01 -5.686887421218648209e-01 -2.938434603558953695e-01 5.568010063217851968e-01 2.490601117613929216e-01 6.817074299035927876e-01 -2.665758568886540392e-01
1.531962465739645785e-01 -2.443656724821027248e-01 -6.597676265269455942e-02 -7.587383605802518194e-02 -1.965518304048759213e-01 -2.171671443960437597e-01 2.675929798582213914e-01 -2.421962012940893638e-01 1.882484918489202019e-01 -1.233484525220791689e-01
6.262396530121875152e-04 -4.179796862884096152e-03 4.610887191043498007e-02 -1.122671325523706166e-02 8.456208859832604896e-02 1.079777574784793713e-02 1.655906505722494829e-02 5.566823685382302905e-02 -1.551322453541528062e-03 2.834402261812933935e-02
-4.456087127408754345e-01 -7.475346445638465509e-01 -4.073307247219695726e-02 -7.937878476569203423e-01 7.017969369553286318e-01 -6.937485809275076853e-01 5.531842672033249197e-01 7.116682430732732545e-01 6.745589373833393854e-01 2.297636252247520772e-01
-6.679093456523783716e-03 1.493081430760377082e-01 4.553782136054210922e-02 1.253324723058267228e-03 -1.445407102307516914e-02 1.002295902040532295e-02 4.955265209007388844e-02 2.825668842430777410e-03 4.542402540962676982e-02 4.202829268858737839e-04
-5.354270385459340975e-01 6.813746852722120106e-01 7.834993339783727362e-02 6.867490184617183191e-01 2.265105109028845431e-01 -3.247741631486843472e-01 -3.841948552195694200e-01 3.207228777039311529e-01 -6.053614322555740390e-01 5.608160215836505147e-01
-6.884992069098370970e-02 5.907248437814281994e-01 5.511418621673898066e-01 -5.607968008638648527e-01 -2.793435693941852538e-01 3.695242446585331186e-01 -4.202940869481897601e-01 7.188842237079078323e-01 5.169552880938649286e-01 -1.892200329895514788e-01
2.509683236689215068e-03 -3.547863000954365985e-03 -2.877996560413484568e-03 1.880481956712660649e-02 5.512650118058068371e-02 3.032747764915824651e-02 1.213979254755289360e-02 2.910852495094947562e-02 2.777164424488230005e-02 2.253004734024650207e-02
-3.047357794623320459e-02 7.472137046738225319e-02 9.181786816385657801e-02 -1.164451023211089398e-01 2.504317392010075860e-01 -4.249606455897930041e-03 -3.628717898213769388e-02 -1.902701672910036765e-02 2.848335492236251168e-02 5.309755423610638264e-02
3.423853029993800257e-01 -3.189582815950211536e-01 5.940498027420685334e-01 1.864660857664199589e-01 -3.493831447583880395e-02 -2.090673305364035839e-01 5.404150570375549911e-01 5.066291694300240067e-01 -4.533857852977513092e-01 4.088199589811833401e-01
-4.250819933174911358e-01 -4.318700844689022517e-02 4.456456296532722572e-01 5.849833168611050516e-01 4.663742969874641875e-01 -4.690009611467241823e-01 2.078008436129094028e-01 -1.352958819764523979e-01 3.174678272532671652e-01 -1.294005911646748108e-01
4.202145735423471473e-01 1.970944477926661609e-01 -4.643319476487978159e-01 6.407618487715401878e-01 1.746289315002223785e-01 5.417217991757937445e-02 7.431582208426300573e-01 -1.649873552451687486e-01 4.107583830785161427e-01 2.879106243030076229e-01
3.112730960652840828e-01 -5.503882206302148639e-01 3.559500873333796833e-01 -2.369917009376931172e-01 2.906344536314105498e-01 -1.818320944545627482e-01 -4.558906969569487821e-01 -1.670483173349520123e-01 -2.005683236724235818e-01 -6.860661073703978596e-01
1.263039760531864137e-03 1.564344057236925420e-02 5.063195865818448382e-02 6.118690855907425209e-03 6.898938403725228888e-03 3.421750637786986210e-02 4.502658115741854129e-03 2.628262828304269924e-03 1.859695577887826579e-02 3.479750940802858739e-02
-4.379746479696691175e-01 1.086480342468356397e-01 -5.698780008549236831e-01 -4.914020485350901746e-01 -8.879871127544370149e-03 2.135687193309988019e-01 -3.909284182016460607e-02 3.752711087582210614e-01 1.020840295202210257e-01 2.416994050233277902e-01
8.297860899298225013e-01 -5.337772896082381147e-01 -7.693887770662186654e-01 4.701096668183375460e-01 5.956999520197115983e-01 3.149388161673958852e-01 1.115852944193236607e-01 6.656945903433277856e-01 8.042231451484165294e-01 -4.411772366521179989e-01
1.807610837754553088e-03 4.236869365565452267e-02 -5.916616695568666096e-01 -4.778257748942000283e-01 -5.792931976804633898e-01 2.861215689242327942e-01 -3.647271957114709973e-01 6.674246329518228604e-01 6.745427764794838243e-02 1.285298758853991447e-02
-5.702734740287192933e-02 2.747937426432862651e-01 -1.449722562544102367e-01 5.658130250570872488e-02 1.828159551829819651e-01 -9.970520133243460092e-02 -2.370398446441869533e-01 1.717164858099075875e-01 1.682206664903796445e-01 1.907082426087948479e-02
2.732935429417251462e-03 -5.660469713018936172e-02 -2.524326383170925614e-01 3.766449192161297477e-01 -4.227215039529879648e-01 -2.431972153153352800e-02 1.871179797649403787e-01 1.800087365259628314e-01 -3.218050615364947964e-01 1.854567228713621396e-01
2.845309651899522452e-01 -9.508648912289900668e-02 -2.539017399173070233e-01 4.128477699269844092e-01 2.741527999414211103e-01 1.682945210577782846e-01 2.192946704774483002e-01 -8.671849251808737280e-02 -1.295305843167467164e-01 -2.148905311839085785e-01
6.361082619402390337e-02 4.437341069029923091e-01 -2.351425286016872729e-01 1.834906385449371069e-01 2.715072815630709679e-01 1.405087831216253746e-01 1.079124045754415312e-01 -7.773987578246788210e-02 2.599746428404423049e-01 -7.299751574813201360e-02
5.223025617323234782e-01 1.113618075184582557e-01 8.166820400163972149e-01 -8.843014762079492996e-01 -3.956709308405996772e-01 8.723394490969904602e-02 7.580738376335408590e-01 -7.726012967250142083e-01 -2.096647995380522822e-01 -8.081272796624855426e-01
-6.280714863905967338e-01 1.830251056916138430e-01 1.126049908887015102e-02 -6.577160778273939690e-02 3.370251559155370558e-01 -1.381261765326982083e-01 -6.847010771777548577e-01 4.658278251248782476e-01 -6.532913656240341149e-01 -6.055279696192280570e-01
1.275787897697629354e-02 -6.339230776449307492e-02 -1.676485584676242965e-02 2.584590865948053762e-01 -5.022809044170744031e-01 4.418267577420138537e-01 -2.144670091388236333e-01 -2.452246043027315331e-02 2.291436052797919121e-01 -1.169911150269172806e-01
1.710852736496819293e-01 -6.255114328036109894e-01 -8.102864176648504335e-01 -8.161871438810382184e-02 -3.101523097506788673e-01 -7.990903799327494506e-01 -6.674847557449834490e-01 -7.254003307361299724e-01 8.642361718063739096e-01 -5.170832304438984783e-01
3.702048224355031225e-01 4.755532709167123451e-01 -4.067469793223529861e-02 -2.688533306406828416e-01 4.390402972972001217e-01 -2.844114425648771038e-01 5.161712653195189571e-01 3.538937574823336485e-01 1.557939138040244087e-01 1.389045268696723900e-01
-3.193803707179964091e-01 2.868479933747924981e-01 -3.488105391138205530e-02 3.068451897547332455e-02 -6.919409229791273486e-01 -2.438568549597651680e-01 3.281879290181341502e-01 -6.554957501962189736e-01 3.877604487840292657e-01 1.418842506542382711e-03
-1.752022380597831885e-01 4.802158884451374621e-01 6.162075341330331968e-01 -6.705768346812111813e-02 -2.290013813120775898e-01 -5.426052890501628090e-01 -2.604407785135957054e-01 -4.159169645429484086e-01 5.240582565587176278e-01 3.653196952081104176e-01
-3.793223956077172998e-01 -5.453108519295086776e-01 8.692967664546881190e-01 6.491493563845428527e-01 5.121527134653167668e-01 -1.406422389983316423e-01 -6.780763466021073604e-01 -8.286857750892900887e-02 -5.804878136249369547e-01 -6.626140353868273936e-01
-6.622060168830622151e-02 -1.098938905133096944e-01 -6.934261922446630644e-01 3.343138387967304337e-01 -3.813126400452891418e-01 -5.858785173345317787e-01 8.008882019782589401e-01 -1.497814488238505826e-01 -1.321953462403155921e-01 3.506199032304291308e-01
-1.486209442605971598e-01 6.085698518090877362e-01 -4.900658845428771948e-01 -6.700660053346035872e-01 2.544433659561385341e-01 1.314445357900045075e-01 -4.227968931252130275e-02 2.493450049213929154e-01 3.144379584609510170e-01 2.519804962132926596e-01
3.117131463250545353e-01 6.382041318496852744e-01 -2.226307657176775368e-01 3.563490652570119877e-01 -6.255125802362890841e-01 -5.830452082806862890e-01 1.089073182619478691e-01 1.963531371891631960e-01 -1.150293539804609910e-01 -4.433856927847820151e-01
-3.355621795722027456e-02 3.144729765860805326e-01 3.527250239742147353e-01 3.141027005978963005e-01 5.183357721863498524e-01 -2.812168168380008715e-01 -3.712185690258486548e-01 -5.454224066446541203e-02 -5.652004168459781042e-01 -6.145877279001794175e-02
-3.531138024249476648e-01 5.930713289173642488e-01 2.731020025923192041e-01 4.321271419919995305e-01 4.073423241794109084e-01 -4.503665862538078213e-01 3.593084114062305989e-01 -2.677087614386397529e-01 7.203656190653066060e-01 -4.223910982359261324e-01
6.727051294072025622e-02 1.635307372017819408e-02 2.913751116560324428e-02 -3.379332378424393032e-03 -6.458000601629431368e-03 -1.096929714480888128e-02 2.759276050369138290e-03 1.325161468505270390e-01 -1.071507385093532598e-02 -1.967508148179327506e-03
1.933015468560546346e-01 -1.958447841408199677e-02 1.610307668453549862e-02 -2.334768345321576455e-01 -3.442208392917331383e-01 -7.932441110544375881e-03 -8.549155520370145533e-02 1.542548458525191957e-01 -1.299828758963591235e-01 -3.642476283175923868e-01
3.839627203800565769e-01 -5.503476696708066163e-01 -2.874169327866389900e-01 -7.046191303618573043e-01 -6.891280064974726616e-02 -6.995460547240899274e-01 -2.017439572142095405e-01 -6.334992590112318300e-01 -2.140373904844745587e-02 3.042623263562385660e-01
2.036895480085471402e-02 -1.159781618736168279e-01 7.597711681307739440e-03 -2.525791192459292400e-02 1.641462593270106574e-01 2.880535365436231662e-02 7.617060637482549190e-02 9.618853448916826754e-02 -4.010673977150456398e-02 9.346653174810116982e-02
1.204167859492403514e-01 2.542568075352293344e-01 -4.242333506216987293e-02 8.978020437242648089e-02 -5.369604801615841111e-02 2.009025797078136388e-01 -3.273711230407114203e-01 1.995427283430363519e-01 5.864152369617355682e-04 7.575097255745445735e-02
-3.921040826977603699e-01 -4.483128424880988838e-02 5.822577710396921180e-01 -5.122337834748466601e-02 -2.570775992252402053e-01 7.161034038924681822e-01 -3.178853810069077190e-01 -5.289462337594657004e-01 -4.078333044532280738e-01 5.382974803168546485e-01
5.806028293130460760e-01 -7.688947017558069030e-02 -2.597272150834880611e-01 6.621586714790455019e-01 -2.619407899381882565e-01 2.585720946700888201e-02 -7.757852085570727807e-01 1.500262536428049742e-01 -5.355601213540657213e-01 7.420694245708506775e-01
2.628467927045505248e-01 1.828663287710003416e-01 5.475288571701825667e-03 1.227052955786453597e-01 -8.136805361899253353e-02 3.443995553426060230e-02 4.324180302652358421e-02 6.135385760683885470e-02 1.271776574291146600e-01 1.500683641407741797e-01
-5.194388175783184458e-01 -8.473031772779183735e-01 1.534364369641443571e-01 6.033254217878950554e-01 -2.746989195578297682e-01 5.899155673490870111e-01 -8.406141834141445113e-01 -6.928148553042100255e-02 -6.878854544747885491e-01 6.391816419437391650e-01
-1.552866633236868465e-02 3.410255473654222325e-02 8.515033274783749551e-02 -1.272748042085361866e-02 -6.703989430228547708e-02 -5.856655791481375078e-02 -1.214157634595316865e-01 4.974406131343495074e-02 -1.027189106431579124e-01 -7.058661650620383365e-02
2.029406748498099877e-01 -2.390714572616969569e-01 -4.418996333013546773e-01 -2.975718138678712932e-01 4.313539159253353406e-01 3.684127203384546800e-01 -2.052180186205276313e-01 -5.451521116136500700e-01 -5.228034315263170306e-01 4.988943191826464840e-01
2.879773752499335537e-01 -5.258316764640882379e-01 -2.285410410173902354e-02 -3.506923042110551836e-01 9.675026581172664619e-02 -3.034408000839637909e-01 -4.281519391213394199e-01 -6.768492652576503510e-02 1.095748912262021167e-02 1.843609361396491286e-01
-1.223783342637740496e-01 -3.102526583840545249e-01 -8.468249724357487795e-02 8.396295577282214539e-02 1.530035708091429247e-01 2.344757149087887405e-01 2.604198571675173102e-01 2.213994334607287395e-01 1.405056167887506757e-01 4.802823209800795995e-02
-8.574474439637904677e-01 4.481050434778170444e-01 8.893828938823100660e-02 7.375732051187897653e-01 -2.692700636857219831e-01 -3.181864669560107717e-01 -1.517283738527800685e-01 7.633062178474568915e-01 -5.120069692891645458e-02 1.406281058568657483e-01
-2.474823848472539056e-01 8.431464440442365538e-02 5.668909530065434632e-01 -4.040988301430231133e-01 2.001375818118908689e-01 8.084660306715114597e-01 1.955579262223266501e-01 -7.723792796628819492e-03 3.375473048324834635e-01 -4.156558611919864976e-01
4.459770184231368062e-03 1.533081740074679900e-01 -7.354165468486534296e-02 -1.709144630956433153e-01 2.025125546630252571e-01 -2.343854416515144257e-01 -2.143036433836531529e-02 2.228413582381725405e-02 -1.702537153649951590e-02 -1.559851721287977278e-01
7.660907481001064112e-02 -3.575846656330697315e-02 1.583622456445751281e-01 -1.055800416619293199e-02 -4.180061576454441319e-02 -5.464145398310912838e-02 -3.111147090366704615e-02 2.935174105439922534e-02 -1.593460145979851417e-01 5.647987866593534578e-02
-2.858510915373922989e-01 7.687719736785244562e-01 9.168353162804687706e-01 -6.230905747315167442e-01 -1.046952248599403723e-01 -2.666033034019490433e-01 -3.109066799839354522e-01 -2.196064130464778774e-01 6.837706065164282920e-01 -4.151740125888733202e-01
-3.406088201829913786e-01 -4.368362305582647598e-01 -4.455205722293622550e-01 2.756594486698618063e-01 -2.321122007020583744e-01 7.250607572269851531e-01 -2.114267551510538301e-01 -5.147461329393817620e-01 7.587194891350014514e-02 4.411399439728581062e-01
-5.076577484884120528e-01 4.420475465970133966e-01 5.395694097729285543e-01 -3.209247579561840813e-01 -1.567106026567891830e-01 3.175437046539944519e-01 -3.199152337119662848e-01 2.314879990132047427e-01 -5.809665176660900876e-01 -7.127071162443807673e-01
-2.371162786963287028e-01 -4.553343565577384622e-01 -6.294763130511425997e-01 -4.013192222285270061e-01 3.829124188327794887e-01 -5.415481158159165531e-01 4.940974104706562231e-02 -3.205316565727711620e-01 -3.688721924822976339e-01 1.511129997531762414e-01
4.137872808972308664e-02 -5.025913069615132317e-02 -2.528245293764875279e-01 1.823758739086345226e-01 2.361850159604785351e-02 -9.468512071516003992e-02 6.896911040100844881e-02 -2.342497798670672982e-02 1.068238976012861746e-01 -2.445250890965816049e-01
-2.621413739781922603e-01 1.639588801462083800e-01 2.006114377767839463e-01 -1.497207833832366330e-01 -5.849225280371498359e-01 5.634684959029184759e-01 -1.293671220513060716e-01 4.410909527499553007e-01 -1.809248471916913015e-01 -5.519094917423512658e-01
1.018793532057600953e-01 4.977785423941465115e-02 7.436977287479546242e-03 1.238478247118214998e-01 1.268214901762570457e-01 4.456597346506656343e-02 4.685970257305459297e-02 -1.498242427775193543e-02 -3.077361226644276249e-02 2.077962979471065230e-02
-5.662661152658753361e-01 -2.825665202023360245e-01 -4.573032079109443648e-01 6.331277464675563182e-01 -4.810478270811403001e-01 6.970034249180486752e-01 -3.439568133473982492e-01 -4.639006844300815890e-01 4.828845109761545351e-01 5.608547165507378196e-01
-5.397204430275233111e-01 -7.967535285949189916e-02 3.621928283232140888e-01 -3.907310460787493007e-03 8.202658935495834580e-01 -2.674930253683118209e-01 -2.276812564056399646e-01 5.784429914519841898e-01 -2.557695727918617434e-01 4.230833909107561963e-01
-1.206639604068042715e-01 -6.383456813899249238e-02 6.851717679136014316e-02 3.655804592699057887e-02 -3.456287410330040333e-02 -1.736366963689975340e-02 6.530569715752239379e-02 -2.034831528229807084e-03 1.877379337263216513e-02 8.016142710502102697e-02
-1.154131317005382684e-01 2.460857174908862299e-01 -1.033964753568700559e-02 9.537043010124114650e-02 2.036124922608902321e-01 4.152428932783183008e-02 -1.937589905340125485e-01 -1.507495703144447752e-01 -6.211468244005005634e-02 -1.027666377862855029e-01
1.252764298858895405e-02 -8.610382065323432532e-02 1.421010681818506670e-02 -1.879450663400251131e-01 1.177862935258297827e-01 9.830753171269383806e-02 -8.643805755179138905e-02 -2.961702005014821837e-01 -2.932512917565955335e-01 -5.883770534740927483e-01
5.259840068072428876e-01 -1.258687685762498731e-01 -5.328933534059199228e-01 -5.690379469932634882e-01 1.291217781937312736e-01 8.782372436653547443e-02 -5.240637133477056286e-01 -6.714054890975888756e-02 -6.323404771295486615e-01 5.180101767747925523e-01
4.636495650610142349e-01 -6.378456850195816097e-01 3.792298402623924258e-01 5.758908901213732889e-01 6.326133599447514300e-01 -3.030196144998870689e-01 4.024217686617656553e-01 1.677233905821010895e-01 -1.250873811346344365e-02 4.820204868351167238e-01
4.283942746199317364e-01 -4.520194744040338941e-01 -4.010660800425713823e-01 1.720588918129602463e-01 -1.403377681288161816e-01 -4.184665542496912027e-01 5.134122831644460927e-01 4.301019876469132086e-01 -1.291143750647421873e-01 1.142427276362406319e-01
2.101251773480702356e-01 7.917558637914633435e-01 5.092085300009117077e-01 6.017458831285140697e-01 7.219875445820734816e-01 -8.034328284525605879e-01 1.669822980660610190e-01 7.951192344651427657e-01 3.089534915005962001e-01 -8.711922614883411686e-01
3.048455297802211694e-01 -1.248672823625171374e-01 5.777201909879165626e-02 1.421715266569492653e-01 -2.053580890701434403e-01 4.037285124910792722e-01 -4.236428720889014177e-02 2.317516048336946410e-01 1.480753184799934175e-01 3.411378465273376404e-01
4.370193991074248219e-01 -5.512743710489309557e-01 5.604713423100931013e-01 -3.537637843074302180e-01 -1.791158300176652340e-01 -1.572435535868108580e-01 5.526388731852550640e-01 -4.500868793696387593e-01 3.281406358697349090e-01 -2.362653438408313100e-01
6.766506827505743837e-01 -2.549978261636058341e-01 -7.074409753402524093e-01 8.932698588074500234e-01 8.627268750290560673e-02 9.340166912534333399e-01 6.929460928522142016e-01 -2.708207970796321362e-01 -9.290215169159715680e-02 7.890492572376034408e-01
-2.182813148455137464e-01 5.089382485642219948e-03 5.532372427350065042e-02 -5.320975009348553053e-01 -4.346476498151705670e-01 -2.342832919630008504e-01 2.268360319838965966e-01 -4.114565437544179805e-01 -3.014739577838739248e-01 1.474081418301401158e-01
6.537263651909659690e-03 3.352081259946194242e-02 7.045993712051020971e-03 6.657829804626885783e-02 -1.026143446348398713e-02 5.314114614905075806e-02 4.818960478875622920e-03 3.281895294055492407e-02 1.017183328285401964e-02 1.147916896517221265e-02
-1.239113784600700263e-01 -6.048925992500655546e-01 2.798715348714855278e-01 3.261304199711628077e-02 4.867232537078065024e-01 -4.558251522926341504e-01 2.423514792951125818e-01 -3.978911160143722148e-01 7.158072995377285919e-01 4.424002382403307565e-01
-4.831753382058219248e-01 6.672745802167238116e-01 -1.041919657052742948e-01 -1.645487570888855000e-01 4.592514127490790465e-01 5.150446388401919151e-01 2.660468911056315666e-01 4.618230867391500127e-01 -4.660110200208187892e-01 -3.979029833255797177e-01
-6.904683733802612078e-02 -4.340545952373371374e-01 6.087294071880923474e-02 -5.327376126414384849e-02 1.717155371945871811e-01 1.718423966528664082e-01 1.199556990659148420e-01 4.211062495357673630e-01 -2.921440563247234556e-01 3.407936226619109332e-01
-6.781254397724206795e-01 3.949349815848463008e-01 4.486972640169641924e-01 7.212272651216456998e-01 1.309600313951594930e-01 5.899502565087949568e-01 -1.915439034827228493e-01 -8.785846119543359867e-02 7.062640716963642928e-01 9.206792727864412940e-02
-1.493062308578695929e-01 6.250358280287484636e-01 -5.621046286655299040e-01 1.919741387988828929e-01 3.070784387743713539e-01 4.205358449166338719e-01 4.007192728600881826e-01 1.158029287103699428e-01 -4.276346113112317049e-02 -1.581286448885975138e-01
1.718919984945165014e-02 -7.998426562012274713e-03 1.536953118999656066e-02 4.428715886245022937e-02 5.852853703361793336e-02 3.831264081215192407e-02 2.137238285727283485e-03 5.472260792533939489e-02 2.279281146746664488e-02 3.956082532271625041e-02
-4.907797609075679746e-01 5.976277287625835211e-01 -4.898370419044457136e-01 -5.419658318696688772e-03 5.719773659652328535e-01 -7.476904529218394435e-01 -7.993370460585164095e-01 2.625556041727674650e-01 -3.388537301030993820e-01 -7.030462898697931173e-01
-2.198344611760470746e-01 -1.823362733676749947e-01 8.464954666913182546e-02 1.399296927871125640e-01 1.494180304503750778e-01 -4.277652363808868152e-01 1.148241855864003402e-01 5.797153628017672755e-01 2.146621034420315988e-01 -8.401675108830691796e-02
-5.441823938775309788e-01 1.976974745397034328e-01 -8.118501539242427567e-01 -3.336629211336033518e-01 -6.751920009717760074e-01 7.834387501921047381e-02 -8.327219268602580327e-01 -5.073992390631968386e-01 7.991786143701651302e-01 6.882864534024012437e-01
4.546213936312133719e-02 4.491977488150575293e-02 8.477981224301577023e-02 -1.008482281725242430e-01 2.763921441875479001e-02 -3.176979772077017511e-02 -1.182303370808154321e-02 -5.381890944984345400e-03 -1.394973396196054786e-03 -4.297833608026728827e-05
7.738236122760218383e-02 -2.084712458115119682e-01 2.926941575631382131e-01 4.341778327798360704e-01 -4.859222874164663697e-01 1.801045525045716911e-01 2.329802942545865507e-01 3.711696647343750571e-02 -4.987948501806189761e-01 -5.632300417980916629e-01
2.883006968323638120e-01 -1.475693028018442987e-01 2.842536222729929452e-01 -2.966029415901380584e-02 -2.381449679591715884e-01 -2.808340291903127506e-01 2.238956429214895016e-01 -3.278696589671336592e-01 -1.599818949960453707e-01 3.608485226662102585e-01
6.965995974694781934e-01 -4.808320773059481246e-01 4.770027012340083417e-01 8.244467510579460701e-01 6.135893460228690754e-01 -3.279511282477780981e-02 5.270633296385272004e-01 6.937455412514543784e-01 5.925423609645044110e-01 1.054634644761097695e-01
9.276967860891198459e-02 1.168939166154688708e-01 4.654323973227770250e-01 -1.451300357870082547e-01 1.893593911095460824e-01 -1.985160064189310236e-01 8.905871073165390339e-02 2.672466598624840817e-01 -3.739734206141115958e-01 -3.580645900756592170e-01
-3.582320901455559037e-01 1.338470967196926931e-01 3.856759279955301323e-01 -5.822826133439416019e-01 5.711301396394807828e-01 -1.245134256746484730e-01 7.219786998372739184e-01 -5.614579204425593772e-01 7.497641055777230779e-02 -4.127349126277082836e-02
1.627138209842816929e-01 -2.263420884279572221e-01 -4.315076848588516589e-01 1.411509211975276595e-02 4.895134888970668202e-02 -1.090366827803653481e-02 3.981168980408703040e-01 4.126107626078650559e-01 -3.036599232497012510e-02 -5.371124616271587549e-01
3.062575609361884998e-01 -6.173157138611768957e-01 -4.768541819493094525e-01 3.002220286966349530e-02 1.561052876279326596e-01 2.932456415386029969e-01 -2.641064814051265475e-01 2.016078703895299862e-01 -2.709879805840011424e-01 -4.042706031612589568e-01
-3.752924807271502960e-02 3.727337020263372658e-01 3.222896398219971537e-01 1.855918821600205937e-01 -6.117491898056046790e-02 2.233746569330921083e-01 -3.269286745377582570e-01 1.863234626905487523e-01 -5.785270785105975583e-04 -4.233941056745625930e-01
2.512801050626397581e-01 -1.879285624438609137e-01 -1.580043748812667848e-01 4.527926640079881215e-01 3.884254161123343319e-01 4.639253420695397812e-01 6.957448293427184183e-01 -9.218303462579635621e-02 -2.954272297200445929e-01 3.382147471355173018e-01
-5.144100071656496631e-01 -2.211991081845370022e-01 -5.284577399982652579e-02 -1.405246071030051211e-02 2.630373501512281997e-01 -2.569147249644982423e-01 7.189492947849243989e-03 -1.851179748076981213e-01 -2.869675267929715501e-01 2.408897091144128477e-01
-1.884551837194426982e-01 -9.622042974296889095e-02 -2.890712489823838993e-01 3.186658183367880315e-01 1.932394961545471357e-01 3.574497412246765982e-01 -1.616314256984626163e-01 4.350861027395692970e-02 -9.812610518309184890e-03 -3.376548299998236718e-02
2.190491375211555958e-01 2.398761934781628302e-01 1.769898327337790789e-01 -2.182281639602909606e-01 -3.687642381717484708e-01 -2.448910425687886305e-01 2.260926793979177729e-01 -3.246371862980829137e-01 3.581707089654491694e-01 6.556001471585573559e-02
-1.015914914057163405e-04 5.334078051085661132e-01 -4.412340869684003852e-01 4.753247873285522118e-01 6.468384445241400771e-01 1.771379783548925613e-01 3.227925924144927627e-01 2.758529059756909541e-01 -4.691132265888291464e-01 -6.464527206854061570e-01
2.907294718284456070e-01 -3.831146179465320101e-01 -4.160207697245167924e-01 -2.394755389327725692e-01 4.860603408830114769e-01 -6.237642448015106450e-02 2.143062285105942419e-02 5.335267452217472561e-01 2.696501987189905414e-01 -2.540841630365439641e-01
-7.280525717512555117e-02 2.997295204326403395e-01 -2.527103407685198366e-01 1.813390929145669572e-01 -5.139845093218714522e-01 -1.676775223332656606e-01 3.091407460884215697e-01 -2.767284682235118809e-01 6.712564838083352470e-01 4.541602995201755588e-01
-3.365155763297805747e-02 1.019840892318739783e-01 2.381327753637769162e-01 2.170912463218053756e-01 7.819153365142907097e-02 3.835205654514183826e-01 1.764019516673961951e-01 -1.024017384434807026e-01 9.453111943343005252e-02 2.750961535565972227e-01
