6.280985465714921112e-01 -7.907171832231697506e-01 -1.144476777823703328e-01 -6.186205130617966619e-01 3.209891460609260450e-01 -4.557794246323835230e-01 3.528704142485140638e-01 5.918748141289859044e-01 8.054769685387643818e-01 7.069529974375141634e-01
1.489169413001857067e-01 1.206450907310475662e-01 -3.855272918889885991e-01 4.049435915285434784e-01 3.948258290671868842e-01 -1.070352878737740876e-01 -2.524275994327330741e-01 -4.295400875526786955e-01 5.158717862547332889e-01 -2.689124655693008181e-01
2.778545139696793620e-01 4.412857112071806309e-01 -2.003008151274060511e-02 6.553314183367158208e-01 -5.666791202335267341e-01 -2.938036855437128336e-01 5.538499390587369176e-01 2.537788250916962474e-01 6.821649653902158716e-01 -2.664392970862037302e-01
1.834189278228991749e-01 -1.463521164286708531e-01 -2.238223265989453328e-02 -2.798801441428125023e-02 -1.211847182335174383e-01 -8.895192192950256149e-02 1.453833907699340344e-01 -1.176328676850862398e-01 1.052107000341803433e-01 -6.385674105188894611e-02
-7.555242708108978779e-03 -2.716406244269093002e-03 8.430436055028318887e-02 -5.594587361435946100e-03 7.917773435048106045e-02 2.882910810778946745e-02 1.240021737642514089e-02 6.419381047067766743e-02 1.603776542664254318e-02 4.223087695626306232e-02
-4.455954193871452529e-01 -7.467146615610793514e-01 -4.072227557382239460e-02 -7.939372131256363652e-01 7.014865111908418216e-01 -6.939194102246996065e-01 5.530552335096592387e-01 7.123315459564502072e-01 6.743071988908483361e-01 2.296976399851060890e-01
-4.842205726170282359e-03 1.645622785896953821e-01 9.111191349895383929e-02 1.613856487864193459e-02 -1.508441098898335303e-02 6.098406955755497974e-03 3.835639776567803527e-02 1.826436336835204899e-02 7.870766661032446709e-02 6.933869847634202901e-03
-5.348089398639065406e-01 6.800726002128154590e-01 8.283948807517749202e-02 6.851930111344668450e-01 2.255275197833865042e-01 -3.245036528983294977e-01 -3.837665041045314474e-01 3.200916475076134304e-01 -6.045742360409638305e-01 5.596119825494264566e-01
-6.976715013145630417e-02 5.906330353639616115e-01 5.494256662641824329e-01 -5.613018231588422502e-01 -2.799291970485162651e-01 3.677991403180584928e-01 -4.136919668368778669e-01 7.202958254918594427e-01 5.175309698273093950e-01 -1.895772139583333238e-01
5.547488918389869086e-03 -3.493856397428826872e-03 -1.080827570141297024e-02 3.195231031644203690e-02 1.090533851375788399e-01 6.610530793460141219e-02 1.427129318424800661e-02 4.243268400808462848e-02 3.542128841423755614e-02 1.112602998232242561e-02
-4.708064795049675053e-03 1.177426673585550004e-01 4.652184463916791968e-02 -4.168369615090024294e-02 1.935663686035064002e-01 2.823181760739511617e-02 -2.355426311367370129e-02 1.065167400607471351e-02 2.689538693164171199e-02 4.143056098174163066e-02
3.422647574389383052e-01 -3.188770284029711077e-01 5.955067304829912977e-01 1.864058414949260334e-01 -3.493784826394532445e-02 -2.090144337451631806e-01 5.402650023103402477e-01 5.067657507388706462e-01 -4.532631673192395461e-01 4.087002770832247611e-01
-4.213675566081155344e-01 -4.418546811204206171e-02 4.405336138775112209e-01 5.790208762614452720e-01 4.676064966134306222e-01 -4.546852660938072166e-01 2.075063925948316401e-01 -1.357446228125994137e-01 3.156923050971319755e-01 -1.273193033047611833e-01
4.145967139904698784e-01 2.024779297188402938e-01 -4.652272602176336647e-01 6.349553504439300333e-01 1.743085162630604035e-01 5.293772274239581799e-02 7.443767737550683883e-01 -1.598670095779837486e-01 4.120546211420164084e-01 2.895585209256676951e-01
3.108168103317056619e-01 -5.498676499169408149e-01 3.641633753721106315e-01 -2.359814734131711611e-01 2.923320856335799856e-01 -1.800313203374247217e-01 -4.541629231329152305e-01 -1.671185154262599393e-01 -2.015804463279430858e-01 -6.815970394717932868e-01
-1.115041832665463048e-03 1.424353839395645950e-02 6.479240572360124573e-02 1.825993406402330946e-02 1.040189412647117041e-02 5.154774486241823356e-02 4.196838548408245509e-03 7.144354988844112825e-03 1.619693827784919257e-02 4.132928534358147610e-02
-3.782289788369070926e-01 9.359194820331249998e-02 -5.189258866381802893e-01 -4.423259079235001279e-01 -1.504925940930409642e-02 1.844370642117979797e-01 -4.574623103837890947e-02 3.490309443121830113e-01 8.993598248908871162e-02 2.412109287622887788e-01
8.297674730841435586e-01 -5.337672721048483115e-01 -7.693720599842182040e-01 4.700892765162211218e-01 5.960064704638133870e-01 3.149311555589813238e-01 1.115673326006279276e-01 6.657051870323030807e-01 8.042207108966324958e-01 -4.411909262701217971e-01
1.320184476349622795e-03 4.148889425329271852e-02 -5.877139312332060328e-01 -4.763426731560589933e-01 -5.774706203249648784e-01 2.848424093100433430e-01 -3.635301146705741115e-01 6.723966612982896773e-01 6.691276303555142302e-02 1.282589773612701801e-02
-3.025644437673749923e-02 2.181763223943451457e-01 -1.259834117426453792e-01 6.064783152017032969e-02 1.894732933057533819e-01 -8.345409602557679607e-02 -1.770976651915460720e-01 1.146511953230071323e-01 1.282667660836784851e-01 6.082713498421889187e-02
-7.173806658430821603e-03 -5.478051510297993199e-02 -2.295364453580578112e-01 3.541620405390378257e-01 -3.965421253841933114e-01 -2.665861879991016786e-02 1.680780586355835604e-01 2.096596104703840335e-01 -2.950920896390940573e-01 1.625984630632617556e-01
2.704960662026845708e-01 -9.021290758502618912e-02 -2.000955860508374096e-01 3.953439119500844479e-01 2.588140862230493000e-01 1.611883521271228470e-01 2.021300047660950783e-01 -9.022377491869129629e-02 -1.226461897210951862e-01 -2.121525635565500167e-01
5.505435805864172805e-02 4.009544028639659419e-01 -1.805933763593751962e-01 1.648177098604270141e-01 2.443523807718100127e-01 1.249870996418063346e-01 9.801900430096262273e-02 -3.457401993299191040e-02 2.352824684170288783e-01 -6.764979906139491350e-02
5.222547099603492837e-01 1.115889815626657650e-01 8.166425191635359182e-01 -8.842742002314097904e-01 -3.956939924556985289e-01 8.720108175453081256e-02 7.579953636457736899e-01 -7.725790440760020861e-01 -2.091108570402437083e-01 -8.073709336671246461e-01
-6.267358697190750227e-01 1.823788461166407637e-01 1.325551195847965089e-02 -6.648964457851802567e-02 3.358869462242713988e-01 -1.315725928763075425e-01 -6.816539490858157802e-01 4.604879459494878868e-01 -6.511459357765678746e-01 -5.961867825493563089e-01
1.072261283181397476e-02 -1.945670167196341879e-02 -1.655263929159251149e-02 2.407086006667021882e-01 -4.795735142275144303e-01 4.084601853469081445e-01 -2.016345840215884588e-01 -2.460477141509258281e-02 2.136183840854097293e-01 -1.154076475414416852e-01
1.707704244386983039e-01 -6.254434220640566755e-01 -8.073411532227323661e-01 -8.183061812393732648e-02 -3.100828383348630535e-01 -7.991735155214376718e-01 -6.671555871497492074e-01 -7.252998660889677929e-01 8.635883945606700474e-01 -5.173868414890379075e-01
3.677565975632369200e-01 4.725499772223585304e-01 -4.058242714621596720e-02 -2.680105220344138339e-01 4.402914966120169415e-01 -2.732606838047932363e-01 5.120928423353344749e-01 3.508385639067803652e-01 1.541511402908181394e-01 1.383336508744683890e-01
-3.188413541401777795e-01 2.923171640723125075e-01 -3.612188042226510687e-02 3.173792758927736907e-02 -6.891533759136259096e-01 -2.337858986446577914e-01 3.329555328713190709e-01 -6.513213089457097205e-01 3.844419855174216472e-01 -3.650705076017057035e-05
-1.700493809202044404e-01 4.724786813907941863e-01 6.105073666025739865e-01 -7.389036999377018855e-02 -2.031919587253947224e-01 -5.375754732107742573e-01 -2.576823973151652902e-01 -4.020535781399207642e-01 5.157090893419152833e-01 3.536836928334075036e-01
-3.802113199880330363e-01 -5.363430327514765450e-01 8.693298914487485041e-01 6.504328442750515471e-01 5.090513993301869489e-01 -1.410420578674614900e-01 -6.746286958213860707e-01 -8.366271453424525828e-02 -5.761308645227921632e-01 -6.630525928842850858e-01
-6.686565376229872126e-02 -1.097003149751128448e-01 -6.902692586374443717e-01 3.331918949610176983e-01 -3.807934791067906777e-01 -5.756806529765137181e-01 7.955623041831503262e-01 -1.530392940247497779e-01 -1.317075339220621366e-01 3.561983352788788970e-01
-1.494686439748744433e-01 6.056490811284847009e-01 -4.882866300448059360e-01 -6.682797819292235486e-01 2.553028239527608823e-01 1.322061939821774779e-01 -4.428894735691639439e-02 2.597882774902941505e-01 3.159096462608206313e-01 2.462886019213664790e-01
3.088588645913573627e-01 6.332529406666356220e-01 -2.220661644555423919e-01 3.519974039164476820e-01 -6.077514190841775132e-01 -5.775715217276041757e-01 1.101474073658380293e-01 1.916766390160843103e-01 -1.171720313404800984e-01 -4.398244444186095725e-01
-3.439630463720223102e-02 3.199465799659786391e-01 3.504639999863997102e-01 3.130382562123835699e-01 5.172470160904288905e-01 -2.778305040659885816e-01 -3.696934781236007606e-01 -5.280493189572784546e-02 -5.640553999228324900e-01 -6.214989899157751657e-02
-3.541122711834512882e-01 5.875186697714419592e-01 2.763572086874954148e-01 4.282301163289826129e-01 3.981631560694359750e-01 -4.539821975719557368e-01 3.550605130348971628e-01 -2.567287932368699788e-01 7.152142782123422915e-01 -4.215547321926266799e-01
1.043594759171480313e-01 5.289169017893716185e-02 2.990167361993213702e-02 1.098899642846464658e-02 -8.167423396561485083e-03 -1.825215286237370435e-02 -5.621733207673289441e-04 2.109501470158102743e-01 -1.187224053970858603e-02 -3.245344360774520334e-03
1.143037226795103611e-01 -3.205435482209435111e-02 -7.767363822122969746e-03 -1.429692442885604486e-01 -1.730391115964955429e-01 -1.150202988419824976e-02 -4.140734509059389168e-02 6.721894482061366305e-02 -1.031171225379626244e-01 -2.435840331121245095e-01
3.823490458071740483e-01 -5.486914549499213312e-01 -2.849022169105935309e-01 -7.030334005967352473e-01 -6.899441630997975305e-02 -6.919728899933018651e-01 -2.040938437312939113e-01 -6.344679175453847852e-01 -2.098162709687384497e-02 3.149707824761973085e-01
3.674645529233776936e-02 -6.497665504152018434e-02 -8.044295947770400274e-03 2.239582366159150253e-03 1.808118263660615510e-01 -1.267253011233750865e-02 6.558333515565958893e-02 4.710205697414077824e-02 -8.988996688157517914e-03 5.086090521538126630e-02
1.137187863749146155e-01 2.422719924452072238e-01 -2.951153925820164739e-02 1.308508031236259583e-01 -4.009908334813932357e-02 1.470939331562478303e-01 -2.560359201952330799e-01 1.700773054723669353e-01 -6.246733074334180277e-03 7.116570139548203389e-02
-3.787262484153199882e-01 -4.030461343495955057e-02 5.790649791795419166e-01 -5.119620702713817417e-02 -2.525472204699027445e-01 7.095630362786817802e-01 -3.177908476933467563e-01 -5.153592938933226897e-01 -4.077516458504263364e-01 5.449843554212751018e-01
5.803700816926469219e-01 -7.537390620783272766e-02 -2.596637801907134002e-01 6.618554406784745714e-01 -2.619433209530851459e-01 2.617170927843289960e-02 -7.756053878908737431e-01 1.503443920961011482e-01 -5.354942754727656240e-01 7.418642928503770273e-01
2.374524316880338715e-01 1.597537911946876887e-01 1.332623719136245138e-02 1.106305119717221758e-01 -6.766696251458456657e-02 9.883044530595472277e-02 4.872292371647453380e-02 4.603870340399879996e-02 1.084341646034256285e-01 1.296062333556788349e-01
-5.198608569571471216e-01 -8.461984276330341004e-01 1.558240843558070243e-01 6.036392762051182581e-01 -2.753780873725679701e-01 5.896369018926754801e-01 -8.403259919782297693e-01 -6.976505472548741316e-02 -6.876876949959919161e-01 6.391900501286570391e-01
3.477040000956583589e-03 4.186286274791843794e-04 1.398890076950777897e-02 -1.520366585804679843e-02 7.029438710684951519e-02 6.511601734111673034e-02 -7.985591248216185670e-03 3.638901085665454532e-02 -4.032478180044788557e-02 -1.623256409223492250e-02
1.981318837789769471e-01 -2.350684230084791049e-01 -4.370062802941825919e-01 -2.993909804537596697e-01 4.346890753522727469e-01 3.659893562681556523e-01 -2.095975158999728583e-01 -5.270514397901150394e-01 -5.150280588655761216e-01 4.886924354618784605e-01
2.760368971764766144e-01 -5.041897212345798351e-01 -2.062119467183735552e-02 -3.355805423517397301e-01 9.799158932578290460e-02 -2.893528678421642963e-01 -3.823064484968956567e-01 -6.199798430103925506e-02 9.024742260892802681e-03 1.762220464707329737e-01
-1.053609606656206038e-01 -2.711646022103970100e-01 -7.457921872313531819e-02 6.441701042711184266e-02 1.898214033065842021e-01 2.033482268558413353e-01 2.216456352089421211e-01 1.831737707333830623e-01 1.140365473962742376e-01 9.267258344057656416e-02
-8.559823301334378298e-01 4.488716920252376896e-01 8.837086115577916234e-02 7.403116885371074929e-01 -2.688916614714352837e-01 -3.179600429969620112e-01 -1.515054937398790658e-01 7.619825760826332006e-01 -5.128066774396453087e-02 1.400924914135417143e-01
-2.410949093712660973e-01 8.390424636158060057e-02 5.650992250463808819e-01 -4.027697006926327372e-01 1.992185675534690059e-01 8.061649898104883416e-01 1.950648109233697469e-01 -7.680092967158368492e-03 3.365388649369927543e-01 -4.146349168883243785e-01
6.906011706982895931e-03 1.094654711247813050e-01 -2.842044465576675644e-02 -8.309036232067482097e-02 1.029751625156847400e-01 -1.436222575043613892e-01 9.965053308464234816e-02 1.275455580035401298e-02 -1.152792008560224500e-03 -9.571024739709729778e-02
5.815690834661611103e-02 2.405262134234490909e-02 2.022793946422497546e-01 -1.692603181079087304e-02 -2.174042072151049360e-02 -4.000129187849087165e-02 8.299977080319429976e-03 3.132432281658410061e-02 -1.014198962098605272e-01 1.958504645434277353e-02
-2.850897066235428823e-01 7.619943441084351399e-01 9.134180747432303349e-01 -6.197382059918405961e-01 -1.047297465654447035e-01 -2.457859810244183152e-01 -3.177642078180362706e-01 -2.266847048063266590e-01 6.789121513546131359e-01 -3.966163528413344519e-01
-3.375202565500310947e-01 -4.367370818807253530e-01 -4.450824960619093051e-01 2.738947989001470629e-01 -2.331128752812494098e-01 7.290685267138028447e-01 -2.080780006671553162e-01 -5.147157467467493586e-01 7.483993016615299310e-02 4.376736655664295594e-01
-5.075740828415068462e-01 4.419341111408898182e-01 5.393693415675855363e-01 -3.210427443821297633e-01 -1.555131137814205755e-01 3.177200192671298384e-01 -3.198850840316407318e-01 2.311370240365981099e-01 -5.810007217719775907e-01 -7.117778155576810484e-01
-2.340862927806903471e-01 -4.525151512346801130e-01 -6.237057368407431523e-01 -3.828490415912058076e-01 3.782771636198269394e-01 -5.358735166886740009e-01 4.715140767643243719e-02 -3.165867172665320362e-01 -3.662078910431867396e-01 1.457972176910850293e-01
1.037979154190983577e-01 -3.920838372607052258e-02 -2.291413170044047376e-01 1.582246771780875527e-01 3.313693042107773712e-02 -9.332621522168485506e-02 6.496089742293323366e-02 1.436348896137015774e-02 9.005538666145102011e-02 -2.062050976839576999e-01
-2.537802402511950550e-01 1.633820024919493408e-01 1.974620669040083043e-01 -1.451355775098360779e-01 -5.745002430432044616e-01 5.612972792276544887e-01 -1.218099504287609158e-01 4.366725086524099742e-01 -1.755247997728989484e-01 -5.469910129410203714e-01
6.866243779143350878e-02 2.683154964197065340e-02 1.794370425093209584e-02 6.109020302246939704e-02 1.088277440837567001e-01 -1.784217402361938654e-02 2.889100262441003306e-03 3.117224324193767007e-02 6.129626956143042343e-03 7.040826910733329058e-03
-5.654389026470115764e-01 -2.821588173976971592e-01 -4.560969500701669288e-01 6.325039900153566208e-01 -4.839735639193860073e-01 6.906695456913244380e-01 -3.440112727947406412e-01 -4.553047259172248729e-01 4.821255390562591003e-01 5.613280335430567147e-01
-5.399070330182780264e-01 -7.971686924476575897e-02 3.621267419102381369e-01 -4.025279515223841552e-03 8.202569588363285424e-01 -2.675244033100424579e-01 -2.277207035395716062e-01 5.789851906132547077e-01 -2.556302817484211731e-01 4.227325085696295170e-01
-3.961424482205101738e-02 -2.550235027218570455e-02 3.314868015950993285e-02 6.073310934318640331e-02 1.644168273120863097e-02 6.896818312960480146e-02 2.283646313780277742e-02 -1.422804821880797356e-02 2.283476665538413872e-03 1.184578781918505519e-01
-8.922262421274833322e-02 2.312976012059576869e-01 -1.990976793442333567e-02 6.649115653222832656e-02 1.540942469171416584e-01 5.274150178063437971e-02 -1.256721295478882283e-01 -1.332324789811006605e-01 -4.093988477105212770e-02 -5.613176962585980645e-02
5.803232258101049396e-03 -6.885881201801577478e-02 1.536776888659096077e-02 -1.644337090281118297e-01 8.515586087685218797e-02 6.018704772145088561e-02 -8.204946113006346409e-02 -2.140386644685363660e-01 -2.670151759201586095e-01 -5.214428097842546128e-01
5.179391296569506586e-01 -1.016204865338090069e-01 -5.263001570056258238e-01 -5.596662898390672991e-01 1.225259549981318613e-01 8.626771762670437660e-02 -5.123624574331445691e-01 -6.813208411330161363e-02 -6.186740586415631071e-01 5.105787046272949325e-01
4.610073202756365673e-01 -6.362391761768115828e-01 3.782903374161769583e-01 5.747378071639424046e-01 6.291783522448928245e-01 -3.056981539399745706e-01 4.009019807005056446e-01 1.720257323843515096e-01 -1.272897539715046877e-02 4.826443662903295295e-01
4.189728925319631814e-01 -4.461867657229863227e-01 -3.767813794694663265e-01 1.654219959082429137e-01 -1.396428315841753975e-01 -4.134971729757264680e-01 5.024554593452890128e-01 4.221499667675457368e-01 -1.273888470276536011e-01 1.118374519665485817e-01
2.125820415414404752e-01 7.906207600467018981e-01 5.095673300195071587e-01 6.025118618485811872e-01 7.222737893186251812e-01 -8.031504300759133574e-01 1.674390876923820826e-01 7.928688551108132865e-01 3.089495359496274851e-01 -8.702827180595354983e-01
2.634545925912767372e-01 -1.123576454200646280e-01 5.151038593234449903e-02 1.331823803065133316e-01 -2.060888489306279825e-01 3.423974851245400464e-01 -2.966674035466098161e-02 2.463496578050769215e-01 1.379779847921395464e-01 3.485458784414510736e-01
4.321655227598235061e-01 -5.375593355074362867e-01 5.565589056311994742e-01 -3.541839648195685419e-01 -1.775303462818750289e-01 -1.607668335428788231e-01 5.566555666029872063e-01 -4.451883222774474791e-01 3.267236082056139135e-01 -2.322789075630398159e-01
6.766387347234890104e-01 -2.550036001543870556e-01 -7.074584532560286299e-01 8.932583712407800025e-01 8.626010642852723065e-02 9.341072077569158028e-01 6.929450204352914922e-01 -2.708447988666320971e-01 -9.290677505436950590e-02 7.890342439403916774e-01
-2.191625750508655879e-01 7.294072375421378415e-03 6.496235427531231454e-02 -5.207518402726457607e-01 -4.264946619432495312e-01 -2.377531402827290086e-01 2.162015120118609968e-01 -4.032745703657468761e-01 -2.951450641912591877e-01 1.428898473332080588e-01
-3.630319040587604040e-04 5.074770104444811109e-02 1.720151293274129259e-02 9.527369188463409577e-02 2.456956047021438116e-03 7.601438085525001609e-02 -4.166106601864415769e-04 4.611396062442688071e-02 9.437557087402315484e-03 1.543600178108032149e-02
-1.265502672326235256e-01 -6.034035057124378376e-01 2.757820367359270497e-01 3.312439771974892699e-02 4.916592006138937321e-01 -4.561380864626215503e-01 2.473480967821330145e-01 -3.983795879472525892e-01 7.145898451037889787e-01 4.417512375114279743e-01
-4.830215734522876891e-01 6.758084744826182710e-01 -1.036191591725089678e-01 -1.626788069028777262e-01 4.553765983572922726e-01 5.136297656261908928e-01 2.686152568425264620e-01 4.594279347678289493e-01 -4.625799455143786987e-01 -3.979363754052967495e-01
-6.403991183852274227e-02 -4.114493812566591413e-01 5.392413737723837641e-02 -5.830794373953242238e-02 1.509800202032363092e-01 1.810011990919649927e-01 1.126166755444561601e-01 4.073090480130061031e-01 -2.687635923518358338e-01 3.244625837096677401e-01
-6.774086798605100102e-01 3.952154602687478757e-01 4.481628712030876205e-01 7.199214380439752370e-01 1.306621114822169860e-01 5.890212759565870426e-01 -1.913523184005083699e-01 -8.453247227855667512e-02 7.054182270544337996e-01 9.197277200002330899e-02
-1.490420705712151572e-01 6.238660923408417824e-01 -5.614660887241599285e-01 1.914846587348066065e-01 3.062916766903779897e-01 4.263340913070056137e-01 3.999868955165205575e-01 1.154923593129704856e-01 -4.287644458657690477e-02 -1.581510592595038733e-01
1.008499244669960188e-02 -5.149856086917683519e-03 3.131315450901606123e-02 5.517802387500213290e-02 7.900409026209727348e-02 1.851291996389456754e-02 9.167985868566375096e-03 1.012672738262512251e-01 4.481065939799162845e-02 4.319774145936427362e-02
-4.907773158908981803e-01 5.994019944127708666e-01 -4.901131425662422214e-01 -5.615928148485330867e-03 5.723061329104311978e-01 -7.475779799062467479e-01 -7.993262382825492285e-01 2.622125169579407333e-01 -3.389482823080104401e-01 -7.029639743806339602e-01
-2.114668652166860618e-01 -1.543733554263363172e-01 8.017672712766266141e-02 1.384982114451276114e-01 1.405810185612574870e-01 -4.121900522113479126e-01 1.103670791821601826e-01 5.759991050720204564e-01 2.047504323958954375e-01 -8.218060246614226905e-02
-5.440062327541190790e-01 1.966836864756349446e-01 -8.093937097391470381e-01 -3.328610987713921943e-01 -6.752222663452432938e-01 7.874847019004528603e-02 -8.323587158877322478e-01 -5.071684673078720174e-01 8.003557455443116586e-01 6.869576960523873232e-01
4.351900156302689060e-02 2.552322322893723489e-02 7.842075586436526857e-02 -4.211726777247482706e-02 2.117184054634613927e-02 3.802827959638149097e-02 3.929054892601840238e-02 4.475059361575801919e-02 6.659990047241954453e-04 1.693869118224018006e-02
7.435536715195385782e-02 -2.030179532126544506e-01 2.924895508465946148e-01 4.332541319863097984e-01 -4.830877062165554459e-01 1.864540907634756606e-01 2.239555651584798635e-01 3.767586480171464247e-02 -4.937321647435070071e-01 -5.552355814437347492e-01
2.041987738807179709e-01 -1.081960796028291344e-01 2.066707254156454898e-01 -2.760530717793880859e-02 -1.918745568507794208e-01 -2.208363780183159042e-01 2.262370830459481119e-01 -2.306562002387947674e-01 -1.024195511642615741e-01 2.693029475835440611e-01
6.965860857993027011e-01 -4.799650093497154768e-01 4.768052951784116367e-01 8.245667905937575926e-01 6.134307590211740546e-01 -3.286241737234712329e-02 5.271072858412759743e-01 6.936986792657834355e-01 5.925117589913787564e-01 1.054213110885159760e-01
9.712348172895930720e-02 1.149805639173496902e-01 4.738275785721242639e-01 -1.431676682309602489e-01 1.858759891525735286e-01 -1.967472954915176486e-01 8.830545869276829052e-02 2.645904082490884157e-01 -3.720520480352687565e-01 -3.559160100979598118e-01
-3.568844332285268650e-01 1.337309259356799784e-01 3.852048433583595832e-01 -5.816049831757847954e-01 5.703598856773807180e-01 -1.207483213899115254e-01 7.210829428045276712e-01 -5.607881084509257485e-01 7.488309712052290679e-02 -4.131640213272060741e-02
1.541787301282350198e-01 -2.134233152128577060e-01 -4.072803149296796432e-01 1.191889863337077492e-02 5.076576415499291228e-02 3.240636066330479514e-02 3.722506255663886043e-01 3.756710089158519783e-01 -2.797974958648699606e-02 -4.795224377972537866e-01
3.043891032433801436e-01 -6.138984447424498114e-01 -4.682223459153795897e-01 3.028958743510592674e-02 1.540973500432067655e-01 2.915475781106857678e-01 -2.633631125100613923e-01 1.998664260922858593e-01 -2.633457634343820963e-01 -4.027321581109183368e-01
-3.653163358401207567e-02 3.790522028801106558e-01 3.165531474101876963e-01 1.807367683121192392e-01 -4.976243227677881048e-02 2.230565221779673979e-01 -3.218681016434294939e-01 1.830460198029102981e-01 -6.544438313433463723e-04 -4.139069087326721630e-01
2.500763075880167441e-01 -1.879794296519593511e-01 -1.562088570346363003e-01 4.514080511669750218e-01 3.865336298192599829e-01 4.693036822400755703e-01 6.905263276703672570e-01 -9.483370550879803573e-02 -2.886928141016869565e-01 3.426037488977480838e-01
-5.087292397101378372e-01 -2.097495569634119650e-01 -5.606855592892140416e-02 -7.122848547663796458e-03 2.656161012517342934e-01 -2.251226360108190272e-01 3.494973487959699299e-03 -1.828141207896316345e-01 -2.857809396839652294e-01 2.363513504025354650e-01
-1.373607238987107904e-01 -5.436307294369124854e-02 -2.067567830400269813e-01 1.846178071415311428e-01 1.608874166969300190e-01 2.290270024738669252e-01 -5.355902827257422172e-02 5.974047864218873238e-02 2.091271068204786018e-03 -3.600864816226616305e-02
2.098261460449453164e-01 2.429874974477860550e-01 1.706569148206982800e-01 -2.129503640484098348e-01 -3.638979117020260667e-01 -2.431292025761362385e-01 2.397381962400046418e-01 -3.075372310395454445e-01 3.487897648695143515e-01 6.492605148885932653e-02
-1.977246382834686473e-05 5.352763605713873885e-01 -4.410902119754327999e-01 4.749485994340787443e-01 6.461669679021803114e-01 1.768742915727849474e-01 3.234138511656000081e-01 2.757331322645258931e-01 -4.688935100023270408e-01 -6.461542994663533879e-01
2.798372473250052006e-01 -3.685058046074469740e-01 -3.855165957282047917e-01 -2.309419080776997923e-01 4.675412832218116543e-01 -4.113171320638660255e-02 2.080906223410596695e-02 5.136095271205413093e-01 2.601472671906470135e-01 -2.423738345977255459e-01
-6.536206376209882651e-02 2.960911737044852332e-01 -2.507654747014907426e-01 1.818185090826747730e-01 -5.114247777796206984e-01 -1.680104969432358042e-01 3.094561092649063538e-01 -2.796547033511573854e-01 6.666076938986539302e-01 4.493438069407644786e-01
-3.327508716606725637e-03 9.159804129274226603e-02 2.083924921022338173e-01 2.016986612449074290e-01 9.046838643386029277e-02 3.484303662634545828e-01 1.670184650966781148e-01 -1.095307706547735682e-01 8.468604550911944251e-02 2.479462990435668812e-01
