6.285613685821754837e-01 -7.933905448184069842e-01 -1.145647938236144109e-01 -6.191178102272283379e-01 3.216613814339928656e-01 -4.556405028742889773e-01 3.521539899524024908e-01 5.921202678257303509e-01 8.048447110427686679e-01 7.073222038001613088e-01
1.492083315035015456e-01 1.205705235902156808e-01 -3.870942223331531595e-01 4.044106141271849308e-01 3.952204448560198147e-01 -1.074381169927709767e-01 -2.523131439436280821e-01 -4.308928901545512891e-01 5.160690993855608921e-01 -2.686233580512815688e-01
2.783780701328570917e-01 4.414859146690130465e-01 -2.006096915811345430e-02 6.557522996893133671e-01 -5.670758958251009840e-01 -2.936573264939891792e-01 5.545457311588649629e-01 2.521914099435280110e-01 6.816947345015211823e-01 -2.658697461172930265e-01
1.642037381255576078e-01 -1.810948443043266243e-01 -4.678890881692264470e-02 -4.984508218612177660e-02 -1.459607303713347792e-01 -1.456814190583078650e-01 1.944079560039538301e-01 -1.574907998979751811e-01 1.408489552928379185e-01 -8.399007556007460906e-02
-5.626426357880397536e-03 -9.439027285944618251e-04 7.617428490516330031e-02 -9.295367965688999812e-03 8.159138946512822788e-02 1.169871326558202113e-02 1.321940272714195071e-02 6.487799582222780748e-02 9.048221179834082042e-03 3.686831175445158537e-02
-4.455906146381781729e-01 -7.468628244595865162e-01 -4.071527313315639884e-02 -7.938420695604480049e-01 7.015859513865992936e-01 -6.938138804507359980e-01 5.530863630371258832e-01 7.119224588450056013e-01 6.743680494190461561e-01 2.297333749627537003e-01
-5.304773302142900583e-03 1.760413843641658593e-01 5.902082852894291465e-02 4.952043489196148590e-03 -1.157840871013277213e-02 1.102227621664927937e-02 3.802890088156011400e-02 1.190402025474731999e-02 5.657094575796574321e-02 4.020360115123556254e-03
-5.348371599715303626e-01 6.801461670568725859e-01 8.196428453555532068e-02 6.852911612959902143e-01 2.256205658304578365e-01 -3.245146154056643417e-01 -3.837957626608648476e-01 3.201465283545629203e-01 -6.046209007021184911e-01 5.596761864419496080e-01
-7.003565574816117412e-02 5.909399055368045328e-01 5.496242369665176319e-01 -5.608778098445401650e-01 -2.789850457756201108e-01 3.698064057406223459e-01 -4.173442573610777195e-01 7.206127332075112912e-01 5.173705384127136320e-01 -1.902383749412124847e-01
7.935680828978530429e-03 -6.646591668126145642e-04 -6.055034911610649752e-03 3.036673825448099259e-02 8.887091465757328279e-02 4.092737738554647065e-02 8.093203280871194560e-03 4.220030190812021353e-02 3.250078999180635447e-02 1.331181533253931147e-02
-1.337437735166472838e-02 9.729939878936776088e-02 6.280230671498934769e-02 -6.868448880303702764e-02 2.166883791927493308e-01 1.192820901145442633e-02 -2.717798419814040217e-02 -3.201769467043228887e-03 2.804660902129367181e-02 4.885270650399217013e-02
3.422706171062109837e-01 -3.188824876658566954e-01 5.950993659511274458e-01 1.864090328144677455e-01 -3.493844640956680209e-02 -2.090180121300547755e-01 5.402742517965462010e-01 5.067744267086277121e-01 -4.532709273099769232e-01 4.087072741449609414e-01
-4.219729380407403196e-01 -4.394350795811242244e-02 4.414341173559755971e-01 5.800940639520775211e-01 4.667118335871745516e-01 -4.585241278134062903e-01 2.075497723657603044e-01 -1.355632729555570348e-01 3.159617570234419803e-01 -1.277313136219451473e-01
4.147027107539443258e-01 2.014340846588058564e-01 -4.656781092877448902e-01 6.358599623989663607e-01 1.752943768859726581e-01 5.420533903736361042e-02 7.430013247107969399e-01 -1.598037270864814674e-01 4.121803094714324156e-01 2.872797478220712186e-01
3.104316420897410556e-01 -5.496661380920279116e-01 3.607331225519640472e-01 -2.360917222742983657e-01 2.912486903902800073e-01 -1.802293184343742305e-01 -4.543597303348001493e-01 -1.668408593148886787e-01 -2.010769754814571986e-01 -6.825068310177525577e-01
-3.059883265456770068e-03 1.196164797921379572e-02 5.381063964905582336e-02 2.380082684608012672e-02 1.237886560686484415e-02 4.461278867674447340e-02 3.288677948396795826e-03 2.843897637100243399e-03 2.572716626948013188e-02 3.312861510791084013e-02
-4.030441693899585731e-01 9.752119314681356732e-02 -5.402366006158659806e-01 -4.635011240754919326e-01 -1.437720860382595695e-02 1.970466941530299443e-01 -4.147268785150523551e-02 3.574639586054801921e-01 9.673582153516063764e-02 2.441656148748895527e-01
8.297675202746128686e-01 -5.337673024612179518e-01 -7.693721037398846274e-01 4.700893032511008762e-01 5.959841461057668877e-01 3.149311734697207155e-01 1.115673389456763170e-01 6.657052248922354920e-01 8.042207566342083336e-01 -4.411909513614967193e-01
1.393142322033942256e-03 4.165892221848577909e-02 -5.886440590114353499e-01 -4.766080673308734639e-01 -5.777873456690049148e-01 2.850633047196419190e-01 -3.637429209716079859e-01 6.702729547509739261e-01 6.701543237336925196e-02 1.281572880077533338e-02
-4.395654630732737794e-02 2.386699990190203624e-01 -1.342370489435799896e-01 6.371365537808088009e-02 1.927612468048905958e-01 -8.775789717081841634e-02 -1.980829304362909105e-01 1.344327412689050316e-01 1.433860741292986019e-01 4.743344118445772667e-02
-2.081617152117636212e-03 -5.308340141322873823e-02 -2.353408641224228603e-01 3.620279772894597348e-01 -4.060227463482666832e-01 -2.557699000053862207e-02 1.767824566471896675e-01 1.949950706164423064e-01 -3.044481078153248310e-01 1.741671475461542551e-01
2.753228853356473604e-01 -9.207073100259346998e-02 -2.241146583459986130e-01 4.011421862677874706e-01 2.637340905366636901e-01 1.637101639164044997e-01 2.081569073179193041e-01 -8.958060190205836826e-02 -1.251817963087365482e-01 -2.128472756809582922e-01
5.789437393945986998e-02 4.149431575261069982e-01 -2.001258668383662787e-01 1.706327426830000216e-01 2.529496389330435080e-01 1.295782632566116477e-01 1.013008501888253698e-01 -5.141056379459642278e-02 2.431712376351960470e-01 -6.975077695294518154e-02
5.222811766821798818e-01 1.115571639744074167e-01 8.166483337232692818e-01 -8.842806411130464950e-01 -3.956476839830750381e-01 8.721416975760945545e-02 7.580182602485679988e-01 -7.725599318285434336e-01 -2.095222021632569542e-01 -8.076131627339256935e-01
-6.268265460997695104e-01 1.827029582995197410e-01 1.291110997024494216e-02 -6.600836255838517241e-02 3.363292311238707533e-01 -1.340444928095789190e-01 -6.821789845178732881e-01 4.617126243178932277e-01 -6.514744300267427679e-01 -5.979679005842924999e-01
1.107133635367484395e-02 -3.389213072484734135e-02 -1.617950331071831352e-02 2.453248145654471357e-01 -4.857292627779538630e-01 4.171928930421910930e-01 -2.048082486328156593e-01 -2.446039692678551522e-02 2.177806723422932578e-01 -1.160952097499382829e-01
1.708395665984243084e-01 -6.254825221241989697e-01 -8.086828998206659902e-01 -8.176948974426606620e-02 -3.101062160318673877e-01 -7.991541082252228145e-01 -6.672654681034891899e-01 -7.253781701606375476e-01 8.637873709057609650e-01 -5.173275962361386648e-01
3.680430580301914389e-01 4.728344433311646444e-01 -4.057781278376403067e-02 -2.681418499429318869e-01 4.399146080681643478e-01 -2.761567991224599949e-01 5.126769272612127226e-01 3.512803854022077399e-01 1.543998291472776785e-01 1.384589788875678629e-01
-3.188908625328715218e-01 2.905923985650503139e-01 -3.571595981261711100e-02 3.143604804422000382e-02 -6.897023120872952662e-01 -2.376738159701695108e-01 3.307573154399270354e-01 -6.523301420530781547e-01 3.852906898852324069e-01 5.142289089932499573e-04
-1.717911255978669671e-01 4.751969560937398529e-01 6.126469256148749931e-01 -7.151470994545072735e-02 -2.134938712001120953e-01 -5.385605917944173981e-01 -2.584579629545075141e-01 -4.079630464480561991e-01 5.184713123181158290e-01 3.582152270838490637e-01
-3.799620987991443877e-01 -5.400592910696574434e-01 8.693898249407696621e-01 6.500356820485231335e-01 5.100846083657468721e-01 -1.409252461683203617e-01 -6.756797598902590796e-01 -8.336490364268603348e-02 -5.774800889497381240e-01 -6.630093840525234095e-01
-6.655360106489884020e-02 -1.098479038257691998e-01 -6.912969209330792619e-01 3.336628201643225822e-01 -3.806840183102642161e-01 -5.785021713601677940e-01 7.970318139385558220e-01 -1.520782317070142886e-01 -1.319487517598717241e-01 3.548424528330161865e-01
-1.489086817077272529e-01 6.065707753106788225e-01 -4.886480960538115981e-01 -6.684482510678366740e-01 2.551284741509186604e-01 1.321735818979217492e-01 -4.320774563954134923e-02 2.549936154200422300e-01 3.153518522944633307e-01 2.482571066306753227e-01
3.092135438672922176e-01 6.337816156145998914e-01 -2.221508572893122480e-01 3.527958539478223687e-01 -6.117785328615421570e-01 -5.781457982294762044e-01 1.089112759757414756e-01 1.925907942449277543e-01 -1.167353831201924513e-01 -4.403125740900253327e-01
-3.422159511483217204e-02 3.175295942396143545e-01 3.511700020009402845e-01 3.132494081932918895e-01 5.175004055388053859e-01 -2.785271617183210369e-01 -3.701581932495593974e-01 -5.308475044803100118e-02 -5.641540920630276901e-01 -6.183883615749089652e-02
-3.528499836287720681e-01 5.890118357931541926e-01 2.753517118161856181e-01 4.287563792567417043e-01 4.006880020402791565e-01 -4.513278486281784296e-01 3.559275800396089484e-01 -2.609045817012343171e-01 7.169873226557018642e-01 -4.218836456269454138e-01
1.023416441278339611e-01 3.485724441612508134e-02 3.558445535758367889e-02 5.957616929897615286e-03 -8.618285232919322553e-03 -6.513027131851453592e-03 1.825592881547444648e-03 1.634726949832196463e-01 -9.092751813241848474e-03 3.655068193704549395e-03
1.434883903679010642e-01 -2.885815964514585469e-02 -5.335582463853670923e-03 -1.740533746749787780e-01 -2.365840659980167349e-01 -1.140217558685867501e-02 -5.676018874912575757e-02 9.823906692140742247e-02 -1.175352251865497549e-01 -2.878799970994093682e-01
3.828193287717366888e-01 -5.490012894333300419e-01 -2.856541960618576015e-01 -7.031722808221307908e-01 -6.881089953980080998e-02 -6.946870061273776598e-01 -2.032765773241747009e-01 -6.339177655275580747e-01 -2.110062654009967759e-02 3.120306965640193830e-01
2.911026949725215029e-02 -8.383971436056829318e-02 -3.739824026793725226e-06 -5.836972601660303343e-03 1.675934179430344229e-01 5.032650962233578898e-03 7.143617635171617408e-02 6.408218344258141685e-02 -2.207351290120796242e-02 7.277288509654836202e-02
1.125892810967038110e-01 2.499321459368765708e-01 -3.541957958852535310e-02 1.127249595287435763e-01 -4.251263920019756476e-02 1.673253351719179438e-01 -2.841124222593422455e-01 1.831904120844952966e-01 -3.426540732284496116e-03 7.257181462402061134e-02
-3.833306999700354378e-01 -4.029462120199793496e-02 5.796445559910891054e-01 -5.071445362674892321e-02 -2.530572959577218062e-01 7.115538386858155651e-01 -3.186912290472668774e-01 -5.174571222896675593e-01 -4.080949598269282830e-01 5.435393839056704701e-01
5.803840014708571138e-01 -7.587216491764289805e-02 -2.596679608593380761e-01 6.618719485053201623e-01 -2.619505634712335773e-01 2.617297820432622560e-02 -7.756231825186596929e-01 1.503484406774872884e-01 -5.355050487101985501e-01 7.418823437332012771e-01
2.490048047704537526e-01 1.696561754597009641e-01 9.591920539663184239e-03 1.155821420223492185e-01 -7.262036663712477524e-02 6.922089775199805062e-02 4.471103184749016662e-02 5.230351081927685913e-02 1.163042020331402360e-01 1.389466903380204565e-01
-5.197858796589414077e-01 -8.463350722555089689e-01 1.549094740658804870e-01 6.035783664310150343e-01 -2.752668337194811299e-01 5.896899985503518682e-01 -8.403559722650140174e-01 -6.961986560975337579e-02 -6.876874182737717778e-01 6.391932967074660521e-01
-2.897862792978007657e-03 1.568316837104900829e-02 3.389532497364840247e-02 -2.563764759797201864e-02 2.046972348605289801e-02 2.852427748914137390e-02 -5.280275788941713594e-02 4.563532546628431413e-02 -5.821427565667989384e-02 -4.091473624323876956e-02
2.001306545043155249e-01 -2.353680453554499175e-01 -4.377942064213475870e-01 -2.987774089398091415e-01 4.338760431590421018e-01 3.654793573772870396e-01 -2.076068690483565682e-01 -5.341875268500667628e-01 -5.174374759673004975e-01 4.919694743036763240e-01
2.791185845466000459e-01 -5.101444907562511233e-01 -2.078943354840379065e-02 -3.396980988623914954e-01 9.750946501451064619e-02 -2.932940436070233248e-01 -3.989281170058901482e-01 -6.368692019595685594e-02 9.654979411873779171e-03 1.785467139640090073e-01
-1.121352481691169911e-01 -2.876757374351059382e-01 -7.765928960550906590e-02 7.036030158630376952e-02 1.702927941515744170e-01 2.164688246570702357e-01 2.376017067510894643e-01 1.968126216174697629e-01 1.236727399427813429e-01 7.592086761900287972e-02
-8.560522437833549825e-01 4.487563680495994523e-01 8.848276002215330061e-02 7.396353882587660689e-01 -2.688839841174097134e-01 -3.178917443534956533e-01 -1.515107028003506717e-01 7.620473020276725684e-01 -5.124944986380852718e-02 1.401810269797299779e-01
-2.425855152411729165e-01 8.395494928668932599e-02 5.652521820554203824e-01 -4.028755070257888926e-01 1.993194197534794154e-01 8.063697539482725940e-01 1.951013149625207832e-01 -7.683676867179608030e-03 3.366317055999563657e-01 -4.146973558812913629e-01
-7.136110762171000987e-03 1.264682992624860391e-01 -5.377526758800645762e-02 -1.173961337755370371e-01 1.487517365142131121e-01 -1.631706928324216654e-01 4.928842602790976107e-02 2.628847591524598529e-02 -2.130753371076751779e-03 -1.256581348812041143e-01
7.092983111018276443e-02 3.477624768543472258e-03 1.790095599482330324e-01 -1.846769291130092444e-02 -3.150497644176016715e-02 -4.421355874595567920e-02 -7.803448692064342621e-03 2.707010960159799556e-02 -1.241706654106807806e-01 3.081250497980758327e-02
-2.856218804504961351e-01 7.651625636114498530e-01 9.156298505003626076e-01 -6.204786575274586768e-01 -1.042295065334531007e-01 -2.531974631477356685e-01 -3.169165128242191765e-01 -2.251261761545487738e-01 6.809160760295176473e-01 -4.006473229289803095e-01
-3.386589796448572498e-01 -4.366741763731594173e-01 -4.448471462433120638e-01 2.745185347504047746e-01 -2.325041759880964176e-01 7.266599912250082394e-01 -2.090073324936551902e-01 -5.144490466954664276e-01 7.516137048845228374e-02 4.389089609120646052e-01
-5.075813486800644370e-01 4.419465551569998207e-01 5.393969843002273112e-01 -3.210047941168974184e-01 -1.559333600658504015e-01 3.177923572656284890e-01 -3.198796705471044222e-01 2.312142618108797842e-01 -5.809754481881675980e-01 -7.120183985128640813e-01
-2.345025985279736436e-01 -4.527752293185884902e-01 -6.243893460345937285e-01 -3.882765488804711396e-01 3.793768718801308060e-01 -5.363226202114237395e-01 4.763247698076893827e-02 -3.168898190794657843e-01 -3.664191062554915113e-01 1.467935349990234783e-01
7.926033847543988153e-02 -4.143724456302280701e-02 -2.402379600209873234e-01 1.697105714757127515e-01 2.819826045750352048e-02 -9.293854210194019139e-02 6.516003217047236507e-02 1.601615228614017067e-03 9.659582764456670079e-02 -2.215917329670711311e-01
-2.592488350770917327e-01 1.637759507362805400e-01 1.959914254470855322e-01 -1.459565551721238585e-01 -5.753415161150485790e-01 5.651359143046119637e-01 -1.273528868772060563e-01 4.398805992873314197e-01 -1.767094746475633693e-01 -5.501845699548302271e-01
7.482894797523648167e-02 3.331352052255275031e-02 1.542796854797986832e-02 7.338332975008410308e-02 1.034372121940711625e-01 -1.017080650153027186e-03 1.707692252061306787e-02 1.122342187130017342e-02 -1.018427814130090300e-02 6.093009651006196792e-03
-5.661351693773335469e-01 -2.821487119923428710e-01 -4.567747677531625583e-01 6.321278991053654872e-01 -4.832099645606566796e-01 6.930226286750216236e-01 -3.441808060774785849e-01 -4.587811746519578349e-01 4.823805276704554168e-01 5.608475826236145600e-01
-5.398315041663945824e-01 -7.968236985259087579e-02 3.621542258507423062e-01 -4.013826833867684823e-03 8.202380048995568940e-01 -2.675091144277563782e-01 -2.276346450120899367e-01 5.787526098598080315e-01 -2.556810034063664583e-01 4.228750129462345297e-01
-6.650145600473278407e-02 -3.865714276540746508e-02 4.513573514965830286e-02 5.044644129475036459e-02 -1.243676563030872342e-03 3.167092418603208170e-02 3.638475838277699381e-02 -1.056216436568076580e-02 7.652536503303594695e-03 1.098679306366533021e-01
-1.022990752371452233e-01 2.418522593782793106e-01 -1.758347627378216427e-02 7.847378046789905970e-02 1.771289147322658020e-01 4.482269835244721834e-02 -1.594131372622539233e-01 -1.414312697778740413e-01 -5.149608552136095141e-02 -8.300860095729445387e-02
1.001541842127343963e-02 -7.265757766972924525e-02 1.446373835580444696e-02 -1.746634143182832777e-01 9.883316071436053230e-02 7.622808042116069327e-02 -8.521565722776275331e-02 -2.503785380516342363e-01 -2.783418486737022080e-01 -5.513207399643506035e-01
5.204026658200823219e-01 -1.109175787720267786e-01 -5.284490900819888148e-01 -5.627546112140342505e-01 1.247381070580270424e-01 8.684975210869522178e-02 -5.156323962290321195e-01 -6.759653824035891101e-02 -6.229161470629903663e-01 5.128162367203109584e-01
4.615542772427862483e-01 -6.365603066970852986e-01 3.783904798134311021e-01 5.747489550693180016e-01 6.295981828066635755e-01 -3.049794975519566909e-01 4.010393838421702495e-01 1.711625376762427875e-01 -1.261034826736992000e-02 4.826823215210169771e-01
4.219067319156454277e-01 -4.478455245207101920e-01 -3.851731410847020198e-01 1.678226486545616458e-01 -1.393458535574155777e-01 -4.144523983800430522e-01 5.057067214993742343e-01 4.243214803587938566e-01 -1.279466265490767640e-01 1.124513903026234246e-01
2.123147983470105582e-01 7.906940717450409162e-01 5.093977882147832092e-01 6.024843588504280589e-01 7.223798767826118405e-01 -8.029730048903624962e-01 1.672746677831686846e-01 7.930652986947214211e-01 3.090015459321814872e-01 -8.704264348926106232e-01
2.820869135246627524e-01 -1.163595021595032059e-01 5.351934947710613316e-02 1.355936494901178735e-01 -2.049181010505307377e-01 3.698031941399277378e-01 -3.399781749341167919e-02 2.364005826623775675e-01 1.438410701874339448e-01 3.487307761334099698e-01
4.327655832513799261e-01 -5.421407672615560225e-01 5.570025731882729536e-01 -3.538984791314015999e-01 -1.760121747937764547e-01 -1.590827902909496272e-01 5.542076382719488548e-01 -4.466449085388827234e-01 3.272425179007373286e-01 -2.337799850649266431e-01
6.766387347234890104e-01 -2.550036001543870556e-01 -7.074584532560286299e-01 8.932583712407800025e-01 8.626010642852723065e-02 9.341072077569158028e-01 6.929450204352914922e-01 -2.708447988666320971e-01 -9.290677505436950590e-02 7.890342439403916774e-01
-2.178169434355378686e-01 6.471663636726531638e-03 5.987594032623436840e-02 -5.241151713110928645e-01 -4.292829566016241327e-01 -2.349722187550862262e-01 2.197390596703208132e-01 -4.086907448941561882e-01 -2.975485028470918891e-01 1.437780991994473678e-01
3.224707218135058461e-03 3.758241882539540418e-02 6.713447144222789952e-03 8.003450755640673098e-02 -9.890295579510276040e-04 6.184987038633036477e-02 3.929387249372606229e-03 4.866554482117681907e-02 1.112263140304689708e-02 1.321064811085372916e-02
-1.262794549149496848e-01 -6.035764927134161795e-01 2.767573405705898160e-01 3.322286762268268634e-02 4.906546377511260548e-01 -4.553910744390086696e-01 2.461825789653846741e-01 -3.977985806749388398e-01 7.152278560257929740e-01 4.424257625619918421e-01
-4.829628099117529993e-01 6.719170083734299359e-01 -1.039200533228694517e-01 -1.634105913663106424e-01 4.565115978243416417e-01 5.141065282599616149e-01 2.681026198509837699e-01 4.601125938733187093e-01 -4.638651611575010936e-01 -3.978999834738971009e-01
-6.622667777245751231e-02 -4.191913167319011313e-01 5.655270213754667874e-02 -5.715559145351251091e-02 1.586619000552130510e-01 1.735813142750400884e-01 1.142196056383934927e-01 4.121361267376734694e-01 -2.768818494387933482e-01 3.283685685079233418e-01
-6.774394088357362786e-01 3.952602905007786549e-01 4.481607039867334663e-01 7.200727594453257829e-01 1.306787791082495986e-01 5.891053648543946863e-01 -1.913521507552229661e-01 -8.528926556210757182e-02 7.054954988054444875e-01 9.195418740326678775e-02
-1.490697648029130629e-01 6.239993051980163852e-01 -5.614728084781692719e-01 1.915487489506925434e-01 3.063710345475218477e-01 4.247072073250698354e-01 4.000600137366357445e-01 1.155202256367970359e-01 -4.285124359297142610e-02 -1.581062325049662765e-01
1.333604838780575938e-02 -5.666423473366476518e-03 2.260246046059227396e-02 5.211619509801646011e-02 6.304217317416210831e-02 3.045869101813606858e-02 5.767954490568291334e-03 8.033613100852408928e-02 3.959476652926068735e-02 4.327832938327864226e-02
-4.907687756510487054e-01 5.989747268597400698e-01 -4.900702110199972039e-01 -5.591662886995353750e-03 5.722851511987746553e-01 -7.475718644358316789e-01 -7.993141702806575433e-01 2.622533368304870161e-01 -3.389226857689278116e-01 -7.029576547001596953e-01
-2.134413721568230171e-01 -1.633013364290618885e-01 8.100096628838467094e-02 1.388242610552377632e-01 1.425912609634393258e-01 -4.157954704764109111e-01 1.113702285764425620e-01 5.746964571212570538e-01 2.069608908220895160e-01 -8.267251954428533889e-02
-5.440696800139587230e-01 1.970620301594514512e-01 -8.105561411943468242e-01 -3.333534625315465738e-01 -6.752738947299209427e-01 7.862985760347071529e-02 -8.325410238519973527e-01 -5.072009039747127357e-01 7.999612903832399313e-01 6.874732035989439272e-01
4.784466053861529539e-02 3.205660962966058736e-02 7.709438857801934053e-02 -5.341651110059998653e-02 1.573967893126033274e-02 1.170860415503985341e-02 2.567381398344271287e-02 2.035616161096187940e-02 -6.302365497251708436e-03 1.322318821550679153e-02
7.544755729883645401e-02 -2.061095377547641216e-01 2.921921989275219067e-01 4.345003867688491672e-01 -4.835142341459494619e-01 1.844858546552047285e-01 2.265831580936593925e-01 3.702786219187410161e-02 -4.955745577947684999e-01 -5.568892521328201450e-01
2.232759741136982612e-01 -1.207704077193687275e-01 2.267944319809239717e-01 -2.893556361262984711e-02 -2.021913959400993555e-01 -2.290581011008024637e-01 2.247247830202038499e-01 -2.559564198412208613e-01 -1.184929221997768067e-01 2.955529642389458367e-01
6.965960072923991220e-01 -4.802375671331203799e-01 4.768389600536936390e-01 8.245713539699162098e-01 6.134560196684932798e-01 -3.285262060066937440e-02 5.271050246492972047e-01 6.936994741680545529e-01 5.925068022373103371e-01 1.054217862084900065e-01
9.580813161559227631e-02 1.155320850450986675e-01 4.710311541110561717e-01 -1.435415800215690818e-01 1.868099887404008619e-01 -1.970154498551419664e-01 8.849045213144503264e-02 2.654000760605925713e-01 -3.724061005153054826e-01 -3.561702356493027799e-01
-3.569003136820684818e-01 1.337368766232377715e-01 3.852219839984362126e-01 -5.816308631247402161e-01 5.703852652479732832e-01 -1.214328586586472108e-01 7.211150291694868875e-01 -5.608130621016704787e-01 7.488642922871857621e-02 -4.131824060799013654e-02
1.577929641140401740e-01 -2.181142808394931354e-01 -4.162631636926782397e-01 1.518857728063644288e-02 5.166835055327390069e-02 1.885095996827982831e-02 3.798189169351517958e-01 3.869966585334265186e-01 -2.940511092643719945e-02 -4.940333814478371499e-01
3.047266786170498287e-01 -6.144525639463462863e-01 -4.710076703200800075e-01 3.027567844464649008e-02 1.544416421076711399e-01 2.918100656431604212e-01 -2.634536906464743367e-01 2.001359391944365906e-01 -2.650355542704360134e-01 -4.029877935569401437e-01
-3.682941711402661078e-02 3.754399082277118938e-01 3.182243104112511545e-01 1.821152869823113862e-01 -5.396251815971328525e-02 2.231738431098361786e-01 -3.232567447388280391e-01 1.840707929113260810e-01 -4.918607799493004539e-04 -4.159945011753540811e-01
2.503563857944581805e-01 -1.877978949075202464e-01 -1.565795411719937413e-01 4.520647582377846918e-01 3.871523569457134273e-01 4.672668876104716373e-01 6.918681499198875429e-01 -9.384743184015628681e-02 -2.911638120626550696e-01 3.413456615974314046e-01
-5.110121009140404791e-01 -2.153594525539928306e-01 -5.465453846574496594e-02 -7.439550122252091766e-03 2.652915688234288583e-01 -2.390370980044876636e-01 6.085818578999782798e-03 -1.845162772916525973e-01 -2.858974032503627249e-01 2.401503108499173644e-01
-1.698038952156412096e-01 -6.604314114976268801e-02 -2.478628123916402082e-01 2.374119015376851549e-01 1.768036141280635021e-01 2.964700194921600085e-01 -1.018990700331638688e-01 6.472769049170543076e-02 1.755954324610760255e-04 -4.607212371815140595e-02
2.125639242544459517e-01 2.404993781970418965e-01 1.726504364387171642e-01 -2.151225543335118784e-01 -3.653305820067769827e-01 -2.425778902075761412e-01 2.333502113070891337e-01 -3.133883495488979376e-01 3.512204803598918401e-01 6.472328331616077068e-02
-1.951665897593826072e-05 5.346779734639311998e-01 -4.410953035309813086e-01 4.749961446080796512e-01 6.462203049032803071e-01 1.769147801999738645e-01 3.234234877297577637e-01 2.757644189532008072e-01 -4.689041624579891598e-01 -6.461656891163455319e-01
2.818898239653097604e-01 -3.712351103209503012e-01 -3.936632940975363648e-01 -2.325960887603966687e-01 4.708964808543910641e-01 -4.751173280444364461e-02 2.090122516991630569e-02 5.173883630009548096e-01 2.618484625428824653e-01 -2.441107609879618334e-01
-6.750484836003625699e-02 2.968802542249996401e-01 -2.510198828963006723e-01 1.815624945810992708e-01 -5.122270667077669648e-01 -1.678189469680312074e-01 3.092662652851688732e-01 -2.788312491608389565e-01 6.675400788853752543e-01 4.502813790288679452e-01
-1.867043643103448794e-02 9.493599204339120412e-02 2.187233292086577519e-01 2.095419094814625072e-01 8.525273889545714745e-02 3.639928093751727545e-01 1.719347280944699408e-01 -1.084735374715030676e-01 8.950434111934263415e-02 2.615193996760279971e-01
