6.281143333915496507e-01 -7.904612771455903353e-01 -1.143595383257673820e-01 -6.186137747795333874e-01 3.208860134677785636e-01 -4.558715250847257261e-01 3.529717262352456419e-01 5.918179256104637576e-01 8.055156381474096738e-01 7.069609166642238929e-01
1.488925281985306326e-01 1.206450155340437064e-01 -3.854185620644273169e-01 4.050010588183553528e-01 3.947585018397306578e-01 -1.068550388789736572e-01 -2.524369099138075723e-01 -4.294177118475113741e-01 5.158392388905644887e-01 -2.689357292320477266e-01
2.778218194216832693e-01 4.412666495938323830e-01 -2.005876557664816595e-02 6.552714500951853926e-01 -5.665942772295228247e-01 -2.937993532679381570e-01 5.537832977423514658e-01 2.539405221031231785e-01 6.822006604632244731e-01 -2.664915093045219785e-01
1.859752851575131594e-01 -1.408739373447838727e-01 -1.803351752454604440e-02 -2.645554562711905852e-02 -1.163144329567896290e-01 -7.750789167946348091e-02 1.369807523163587282e-01 -1.113399245213806399e-01 9.894534392637496789e-02 -6.051088115653191490e-02
-6.070618333284415538e-03 -2.395949723470019218e-03 8.783358328085627553e-02 -5.175424823005651126e-03 7.574424185949786559e-02 2.991447984991241899e-02 1.047318130458127841e-02 5.480719105548980535e-02 1.343490071210803188e-02 4.144521015154667420e-02
-4.455952837803804911e-01 -7.467045075317183533e-01 -4.072315310318240511e-02 -7.939429093531069626e-01 7.014848567405452817e-01 -6.939246014877084034e-01 5.530547813230459742e-01 7.123532478582029759e-01 6.743057708075151924e-01 2.296966708499754983e-01
-4.613928879076749541e-03 1.627620817627811189e-01 1.021219015876944636e-01 1.760673755369532648e-02 -1.354744163192142005e-02 5.080225191963751163e-03 3.521466464833009069e-02 1.691139776542703935e-02 8.213476109161815808e-02 7.552357040216600877e-03
-5.348074523591883622e-01 6.800706741635195174e-01 8.290599093519473994e-02 6.851903257050004914e-01 2.255247604126363603e-01 -3.245038952558517709e-01 -3.837656142625667788e-01 3.200898146029093061e-01 -6.045731724649106020e-01 5.596101525888640404e-01
-6.975913161257749073e-02 5.905314093609486115e-01 5.492287104658060137e-01 -5.612415073075700533e-01 -2.798381890196570132e-01 3.675746763766533087e-01 -4.131056632401955975e-01 7.202226932825894767e-01 5.175765967537269141e-01 -1.894910905935175971e-01
5.421167455940732391e-03 -1.794104427847093399e-03 -9.866198132866857776e-03 3.229442771984950000e-02 1.135852076213159784e-01 6.623987996543807821e-02 1.563368277938262732e-02 4.535207543746707509e-02 4.266591569903749326e-02 7.907920081449037325e-03
-1.167893464135654966e-03 1.222021893432881229e-01 4.357536298552243392e-02 -3.324294445420077765e-02 1.861390581402696809e-01 2.947894061747531255e-02 -2.187223255814488634e-02 1.236174614869375160e-02 2.629041163952695534e-02 3.898315173605179651e-02
3.422647236881905530e-01 -3.188769969584886455e-01 5.955206613059349507e-01 1.864058231134350929e-01 -3.493784481872205805e-02 -2.090144131342376033e-01 5.402649490347767314e-01 5.067657007666702684e-01 -4.532631226229320576e-01 4.087002367812665460e-01
-4.213405333161814315e-01 -4.421544740229778336e-02 4.404762018553671776e-01 5.789555137248078021e-01 4.677205710280820661e-01 -4.544091309841435944e-01 2.075125324615345324e-01 -1.357808802778003310e-01 3.156912494328838470e-01 -1.272835287753724121e-01
4.146618571165991418e-01 2.025682089339316261e-01 -4.651323477369559423e-01 6.348795958904807080e-01 1.742063783517486530e-01 5.280561467823569055e-02 7.445246277112715916e-01 -1.599122045124793112e-01 4.120403595977422673e-01 2.896672723742668154e-01
3.109859120450244596e-01 -5.498684281255270534e-01 3.644811291382181184e-01 -2.359846075458711112e-01 2.924248005909307890e-01 -1.800685909971431464e-01 -4.541828449840606408e-01 -1.671619991691510043e-01 -2.016507927289057089e-01 -6.815627197801084058e-01
-4.267520783015510411e-03 1.312668061262548327e-02 6.376351497262273960e-02 2.222369314138156887e-02 2.302977460065527143e-02 5.437788112041543054e-02 6.156503209614151359e-03 -5.038820916383199636e-04 1.582735423695330254e-02 4.677598410135484081e-02
-3.750517514189724011e-01 9.317718884654971334e-02 -5.166870877588325417e-01 -4.399969709918942762e-01 -1.496510347235466276e-02 1.837984498076071505e-01 -4.646600398617020677e-02 3.499505986061283158e-01 8.918789370007818018e-02 2.422415368719000872e-01
8.297674728723667403e-01 -5.337672719686180622e-01 -7.693720597878558332e-01 4.700892763962429277e-01 5.960073336764813989e-01 3.149311554786031753e-01 1.115673325721532327e-01 6.657051868623989899e-01 8.042207106913757952e-01 -4.411909261575191477e-01
1.313388646328564856e-03 4.144169554591724258e-02 -5.875521333640840727e-01 -4.763405670268531233e-01 -5.774730852021031646e-01 2.848164369480835623e-01 -3.635256024386981921e-01 6.726480804151541149e-01 6.688432637897270827e-02 1.283278897397911907e-02
-2.985017340445270465e-02 2.149694602471357296e-01 -1.250094335374420662e-01 6.125800885766100740e-02 1.899772520569935341e-01 -8.297827606066685013e-02 -1.734600827565530023e-01 1.115944243631611932e-01 1.267845533968945948e-01 6.546089738525910640e-02
-7.744059019336278424e-03 -5.489280147941872495e-02 -2.289400934980740654e-01 3.522195585944297713e-01 -3.944567177110621103e-01 -2.667431501754174289e-02 1.665631075706112407e-01 2.129144886441338702e-01 -2.934962940963743994e-01 1.607763916147600114e-01
2.700755348184961102e-01 -9.011602645253750932e-02 -1.971076945720071361e-01 3.947380046128312614e-01 2.580297942312723136e-01 1.607039521296591000e-01 2.015314348771312103e-01 -9.037209959800594772e-02 -1.224555377704718701e-01 -2.121815826686475059e-01
5.452239451913398066e-02 3.978583287442071237e-01 -1.745391326633879969e-01 1.636165298482183117e-01 2.425658801144957299e-01 1.240326286590871518e-01 9.731303288827253262e-02 -3.164266482621885812e-02 2.335472827131491458e-01 -6.714809991099814079e-02
5.222530104208312762e-01 1.115910682517161912e-01 8.166424593083204675e-01 -8.842737128424272841e-01 -3.956982134301166854e-01 8.720088523142896508e-02 7.579935549356536795e-01 -7.725800050872365654e-01 -2.090709954274145299e-01 -8.073555241490173451e-01
-6.267237508643835886e-01 1.823716984484252401e-01 1.328005762521451173e-02 -6.647357507756845862e-02 3.358615017773249334e-01 -1.312737337756019751e-01 -6.816426556502708234e-01 4.604611445519573021e-01 -6.511324456489120394e-01 -5.961077223705075756e-01
1.070039139145462573e-02 -1.763811723591850178e-02 -1.665087860366198241e-02 2.402841389491506274e-01 -4.790466508915385835e-01 4.076476672986772964e-01 -2.013719349922420965e-01 -2.462685800056232943e-02 2.132204098397322278e-01 -1.153404065058046823e-01
1.707651076789437339e-01 -6.254375046464643040e-01 -8.070791610958558682e-01 -8.184244916454010144e-02 -3.100875226387936334e-01 -7.991939552895352961e-01 -6.671406796384613536e-01 -7.252829016079334057e-01 8.635516331005310686e-01 -5.174075500271504424e-01
3.677472430225335875e-01 4.725407592302844906e-01 -4.058128710955866136e-02 -2.680035266800425697e-01 4.402884869268420820e-01 -2.730449405754057923e-01 5.120736812098386492e-01 3.508247628717434119e-01 1.541441660382522061e-01 1.383276233896722218e-01
-3.188215882256352773e-01 2.926600459549276723e-01 -3.615749949202010788e-02 3.169518268998594568e-02 -6.890754387202598918e-01 -2.333486646143258791e-01 3.331511302102600491e-01 -6.512579113799218389e-01 3.843652274892650489e-01 -7.304941018910888714e-05
-1.697358550116579434e-01 4.722145631781867747e-01 6.103574031537735145e-01 -7.441102402319167697e-02 -2.017459770891413262e-01 -5.376834949937732144e-01 -2.576535917614016236e-01 -4.012381880865818484e-01 5.154088489234418535e-01 3.531790091234226492e-01
-3.802500497128986634e-01 -5.360773993071992205e-01 8.693520619058539012e-01 6.504792938235617328e-01 5.089925041425131802e-01 -1.410525871665261610e-01 -6.745415902934118746e-01 -8.367017774111018547e-02 -5.760226307489755282e-01 -6.630785705964743482e-01
-6.687399020170785302e-02 -1.097084070674318457e-01 -6.901786021352088740e-01 3.332006912209841687e-01 -3.807979954191056393e-01 -5.749759198697896867e-01 7.953966732495771907e-01 -1.531070684142154248e-01 -1.317264068123301934e-01 3.563693921757478122e-01
-1.494160292551779678e-01 6.055215400989156782e-01 -4.883397216293846044e-01 -6.682144341599215442e-01 2.551951737062327918e-01 1.322280918645503678e-01 -4.434943265726264128e-02 2.605053317600267704e-01 3.158229172276953989e-01 2.461765945590402571e-01
3.088621169507431152e-01 6.332717561771409320e-01 -2.220444947392711810e-01 3.519509285775225260e-01 -6.075853865524420971e-01 -5.775968295549122056e-01 1.102136940293723805e-01 1.916063703252719741e-01 -1.171994361471085377e-01 -4.398266769313423086e-01
-3.442497961553964148e-02 3.201863609237858288e-01 3.504038044740013791e-01 3.130407736183200562e-01 5.172422772778063615e-01 -2.777771811779987110e-01 -3.696054012331365657e-01 -5.278281260434905531e-02 -5.640676788453148349e-01 -6.218189167419377328e-02
-3.542468765846601420e-01 5.872433168050651409e-01 2.766554338573826155e-01 4.282038573061899833e-01 3.977080674438909225e-01 -4.543276564788329974e-01 3.549015831920281361e-01 -2.552136827013570808e-01 7.148833799110785314e-01 -4.210051272342359430e-01
9.967335704211210956e-02 5.499399408237164166e-02 2.730444092022767111e-02 1.219067545596650565e-02 -7.279728714603493633e-03 -1.837803444138388573e-02 -2.043964309043183516e-03 2.253484630418748080e-01 -1.267394065048596356e-02 -2.721219344429860482e-03
1.086723399612238850e-01 -3.299903459755242074e-02 -7.700228917287946923e-03 -1.384541122482576825e-01 -1.671416865171815869e-01 -1.103734325894369095e-02 -3.875653855441350132e-02 6.029852260374014838e-02 -1.010383293469997029e-01 -2.375674587633472001e-01
3.823061201536125941e-01 -5.486820097108038308e-01 -2.848736188138504821e-01 -7.029734355780228316e-01 -6.902296530624707493e-02 -6.914876553247351065e-01 -2.041593582525541850e-01 -6.344661357252089351e-01 -2.103463696040138928e-02 3.153024671928261191e-01
3.522019026956497295e-02 -6.241042209596588120e-02 -8.945362059025319459e-03 6.585748026658426978e-03 1.888143198673377099e-01 -1.303860064133027796e-02 6.584817044820331922e-02 4.530266280731381351e-02 -6.316940432377592118e-03 5.406258445612057567e-02
1.153401585328278772e-01 2.428005200854443657e-01 -2.877576056263493609e-02 1.311721132296997661e-01 -3.975447850337077843e-02 1.454307624197768711e-01 -2.538531821439835579e-01 1.692628989040993459e-01 -6.812128807135274175e-03 7.115486191870143418e-02
-3.780465386270275285e-01 -4.042746722611111065e-02 5.790506100172947423e-01 -5.135924995307814683e-02 -2.525262993797957600e-01 7.093288372985738777e-01 -3.176581622392015691e-01 -5.152284154627247981e-01 -4.078218011908400498e-01 5.451157120613177032e-01
5.803694385683226820e-01 -7.533307426698671039e-02 -2.596634924500140218e-01 6.618547072579443746e-01 -2.619430306863629321e-01 2.617168027682965567e-02 -7.756045284208447077e-01 1.503442254952741530e-01 -5.354936820765776595e-01 7.418634707697993047e-01
2.349023812659532806e-01 1.583396964742102841e-01 1.372757194109756017e-02 1.095891413977248680e-01 -6.675889399996690066e-02 1.050752109303931536e-01 4.975720920006398984e-02 4.550037560951183252e-02 1.070785573779083899e-01 1.281314246222686193e-01
-5.198701284471043405e-01 -8.461783887962788242e-01 1.560402723176102791e-01 6.036456112160155651e-01 -2.753943855309279320e-01 5.896271750369390663e-01 -8.403220502947990056e-01 -6.978811370104351375e-02 -6.876893296874210249e-01 6.391892925998905461e-01
7.002694096742838846e-03 2.375799927057710165e-04 1.275851274770243605e-02 -1.588748733099521609e-02 7.790304646134206534e-02 7.840530545340519686e-02 -3.960473680409004257e-03 3.827580516412927569e-02 -3.662462097278535583e-02 -1.462454618261086088e-02
1.979675328418273039e-01 -2.349908121188622190e-01 -4.370470195941961733e-01 -2.994530968276067351e-01 4.347061399362110445e-01 3.661262229611202956e-01 -2.097651639988123984e-01 -5.265124747782236048e-01 -5.148341108520760878e-01 4.884493972363452285e-01
2.757567125703457300e-01 -5.036701488160713058e-01 -2.064432847157922010e-02 -3.352325182311745033e-01 9.804512732436751477e-02 -2.890336902422746546e-01 -3.802322394164540098e-01 -6.187699907384575787e-02 8.994024171163426951e-03 1.760015164092971485e-01
-1.042930191695187470e-01 -2.685388172353370684e-01 -7.410848523073688965e-02 6.361996890913627911e-02 1.936527559532966458e-01 2.011994077396623837e-01 2.193226726759558154e-01 1.812333989363537623e-01 1.127183085352652242e-01 9.548866610018333367e-02
-8.559815924262031972e-01 4.488713051762538431e-01 8.837078499553460698e-02 7.403469583028001733e-01 -2.688914297337964832e-01 -3.179597689709502961e-01 -1.515053631686103797e-01 7.619819193867656271e-01 -5.128062354898730441e-02 1.400923706782872813e-01
-2.410296649462850549e-01 8.390320582594391896e-02 5.650976919815581256e-01 -4.027686578349826685e-01 1.992169131101326485e-01 8.061634146468749096e-01 1.950644552804006171e-01 -7.680392695500145618e-03 3.365381878787115921e-01 -4.146346841745133238e-01
1.156919486002663290e-02 1.063342921511764294e-01 -2.123065893090845396e-02 -7.754141830762986687e-02 9.524045721852378299e-02 -1.429182549827862081e-01 1.083983909589257555e-01 8.491470354738055865e-03 -2.249766546834865849e-03 -8.954428282777882053e-02
5.584591890629824612e-02 2.621618559141407345e-02 2.073665425964927866e-01 -1.671605130868043798e-02 -1.950173351716144587e-02 -3.909939008140372180e-02 1.248997420308605930e-02 3.201556507442365751e-02 -9.880727951856346780e-02 1.811019628735273043e-02
-2.850718666809734514e-01 7.617413656995146720e-01 9.132966823622341579e-01 -6.194446517660842089e-01 -1.047970201019240571e-01 -2.442102209526650913e-01 -3.180099176092622271e-01 -2.268960073537107380e-01 6.785683885075347588e-01 -3.959000859055026855e-01
-3.371176448421173144e-01 -4.367377747985093372e-01 -4.450957685617654147e-01 2.738800401205235269e-01 -2.332108328968664490e-01 7.292333389775511598e-01 -2.079432907460650737e-01 -5.147473588503149733e-01 7.480175170495791115e-02 4.375859230077442930e-01
-5.075722261717652284e-01 4.419317874196070917e-01 5.393640205464977910e-01 -3.210466659635460296e-01 -1.554065045780916587e-01 3.177107369359772338e-01 -3.198852283225808169e-01 2.311282065409409892e-01 -5.810032205168286223e-01 -7.117391595746239696e-01
-2.340564997260470570e-01 -4.525118576871373643e-01 -6.236907924109836854e-01 -3.822484016338310586e-01 3.781833019661787754e-01 -5.358599142918718528e-01 4.711850392632836032e-02 -3.165705359774470540e-01 -3.662148488949690806e-01 1.457311916552535003e-01
1.077405514118822127e-01 -3.901310000060513594e-02 -2.271825159342077405e-01 1.559582608203738396e-01 3.439379646114824884e-02 -9.325959192664752540e-02 6.523103715724239138e-02 1.682003760116905153e-02 8.831355214108346785e-02 -2.042082134204757926e-01
-2.527845722302685116e-01 1.635138705373179180e-01 1.978352520760300048e-01 -1.453009415470666033e-01 -5.743434258488554489e-01 5.603440123370859727e-01 -1.207082178435682634e-01 4.361103885614923681e-01 -1.756199777845068033e-01 -5.465527947944751608e-01
6.970216967997094892e-02 2.943191054279439486e-02 1.718342799798966078e-02 5.772814359186822369e-02 1.090770039317658507e-01 -1.726459858787305138e-02 -1.236551917104859949e-04 3.024047767523879368e-02 6.258954736438767340e-03 5.468465146545601653e-03
-5.651599287140143257e-01 -2.821975637205202947e-01 -4.559592510526083164e-01 6.325964925777284309e-01 -4.841194196870161615e-01 6.902730952323030689e-01 -3.439843859548895599e-01 -4.542544108290438309e-01 4.820466147533340462e-01 5.617228420750374207e-01
-5.399113955105805385e-01 -7.971692774821328986e-02 3.621228316886828114e-01 -4.025682940111146094e-03 8.202561573791317118e-01 -2.675281765311454119e-01 -2.277250603224660885e-01 5.789975284789027343e-01 -2.556253811750043847e-01 4.227247053156690249e-01
-3.523048287351287361e-02 -2.340229184925053663e-02 3.101841571677834211e-02 6.041011878544368108e-02 1.812890069889114969e-02 7.670512221313606493e-02 2.039743123531131269e-02 -1.482752224175563037e-02 1.351111834192633698e-03 1.199738312706883636e-01
-8.612214560828990173e-02 2.293409596898367542e-01 -1.947010423233295345e-02 6.392684164042561346e-02 1.488265010631945884e-01 5.544765252719086046e-02 -1.198788925550129808e-01 -1.326534752623033664e-01 -3.893515886243126278e-02 -5.140678969383079971e-02
7.193855867388508109e-03 -6.902783107841227450e-02 1.626040789365170575e-02 -1.625089374223673278e-01 8.277270558872011630e-02 5.933637632521222838e-02 -8.190221231537735125e-02 -2.057292805050214557e-01 -2.659835199056141963e-01 -5.152396861986228149e-01
5.176687145027771830e-01 -1.002260104772689508e-01 -5.260031972852929893e-01 -5.592749131814327423e-01 1.222672941285394416e-01 8.615319955149654263e-02 -5.119879999732136477e-01 -6.819988345604356683e-02 -6.181232506311484798e-01 5.103267382027448784e-01
4.609890342664038632e-01 -6.361915148476278148e-01 3.782601816418257323e-01 5.747181153493052808e-01 6.291692783285381951e-01 -3.057022063380246957e-01 4.008864730803968213e-01 1.720248901595994306e-01 -1.276058276425635386e-02 4.826304728109660491e-01
4.187252605834113073e-01 -4.460845536224971042e-01 -3.758158806563088317e-01 1.652437292722769013e-01 -1.396656813240522987e-01 -4.133762039905380381e-01 5.021301987579349646e-01 4.219238525218491076e-01 -1.273563895090922826e-01 1.117547917623738507e-01
2.125820415414404752e-01 7.906207600467018981e-01 5.095673300195071587e-01 6.025118618485811872e-01 7.222737893186251812e-01 -8.031504300759133574e-01 1.674390876923820826e-01 7.928688551108132865e-01 3.089495359496274851e-01 -8.702827180595354983e-01
2.607297153739563944e-01 -1.124847331195778510e-01 5.056691405670451361e-02 1.316142361093270707e-01 -2.059072295239786909e-01 3.398239202695989003e-01 -2.956354525026139157e-02 2.479562136214608914e-01 1.357476429835520193e-01 3.492143881648834824e-01
4.324976973605036967e-01 -5.372654601352305770e-01 5.568868395707098351e-01 -3.544588968779450178e-01 -1.778260742235361069e-01 -1.614574477487693838e-01 5.571929651699006891e-01 -4.453703070242306938e-01 3.266115928189133877e-01 -2.319079840495215095e-01
6.766387347234890104e-01 -2.550036001543870556e-01 -7.074584532560286299e-01 8.932583712407800025e-01 8.626010642852723065e-02 9.341072077569158028e-01 6.929450204352914922e-01 -2.708447988666320971e-01 -9.290677505436950590e-02 7.890342439403916774e-01
-2.190726313430310102e-01 7.352791111223896427e-03 6.538489142335805748e-02 -5.202571421184088996e-01 -4.260588309606601065e-01 -2.380033546897802887e-01 2.157463131429952219e-01 -4.021405233844620453e-01 -2.949777214628365174e-01 1.430013513372737910e-01
1.836569048832306064e-04 4.737256523973946976e-02 1.537288019333495070e-02 9.766320650925205960e-02 2.305596150552106406e-03 8.117337906441270123e-02 -1.696077195963395783e-04 5.483658509754834459e-02 9.939271183959859021e-03 1.262096555117266442e-02
-1.265341831097681891e-01 -6.033730587111713062e-01 2.758041259002172452e-01 3.314381324944833812e-02 4.917178217557762188e-01 -4.561313958160057025e-01 2.474073534035322597e-01 -3.984502866252007669e-01 7.145865461795765095e-01 4.417634630813057628e-01
-4.830551184090318695e-01 6.764779155652214104e-01 -1.035179011157631862e-01 -1.625336736548754768e-01 4.552472927928474800e-01 5.135477946910619318e-01 2.686711551350504101e-01 4.593391387219990518e-01 -4.623994780635012347e-01 -3.979789336585143888e-01
-6.342866295740584581e-02 -4.107214923907340220e-01 5.350837800783189713e-02 -5.868359653947818194e-02 1.494737346763806429e-01 1.827127336606254315e-01 1.125923736910298817e-01 4.064082970605716882e-01 -2.673785928925851985e-01 3.240259323051599138e-01
-6.774086798605100102e-01 3.952154602687478757e-01 4.481628712030876205e-01 7.199214380439752370e-01 1.306621114822169860e-01 5.890212759565870426e-01 -1.913523184005083699e-01 -8.453247227855667512e-02 7.054182270544337996e-01 9.197277200002330899e-02
-1.490405724841424029e-01 6.238588474512544169e-01 -5.614712440728973908e-01 1.914801966931437005e-01 3.062862333132587156e-01 4.265558103006183432e-01 3.999828774587625979e-01 1.154909096479198594e-01 -4.287854904394319822e-02 -1.581563917168235800e-01
1.081775327312684866e-02 -4.952962584910812482e-03 3.192543744670454237e-02 5.795093678446873453e-02 8.218074584459668375e-02 1.621513070121849420e-02 9.977974235291215896e-03 1.006391084189608015e-01 4.476987357174138510e-02 4.322023461095329117e-02
-4.907779946404659532e-01 5.994813400449504615e-01 -4.901208197674872813e-01 -5.620223970357748726e-03 5.723062118836109713e-01 -7.475797693561062607e-01 -7.993283821231635944e-01 2.622074413643235014e-01 -3.389532777544606024e-01 -7.029652064788548538e-01
-2.113023934358736478e-01 -1.537898012367640843e-01 8.020141720567404431e-02 1.385125482354320203e-01 1.403845629073073031e-01 -4.119288847668007847e-01 1.102966119569125242e-01 5.764869246723118845e-01 2.045518767764019641e-01 -8.216384659104383759e-02
-5.440272433947507258e-01 1.965782420207663472e-01 -8.091810662367535656e-01 -3.327700065893882675e-01 -6.751420258810312269e-01 7.883281236410759341e-02 -8.322966167803276250e-01 -5.071729771622830452e-01 8.005582300821396657e-01 6.868443420929629673e-01
4.318921973054616614e-02 2.436508996103799868e-02 7.782153572500749572e-02 -4.034034101580481063e-02 2.268167743185633620e-02 3.948894874850369247e-02 4.102573838610387019e-02 4.922756289792606932e-02 1.549234336279251868e-03 2.230378526727794242e-02
7.424732442287898526e-02 -2.024567640322830209e-01 2.923406858978327971e-01 4.332252708334672353e-01 -4.829789962754569843e-01 1.868582515840793989e-01 2.236918953278377031e-01 3.792582369604326903e-02 -4.936494604379661477e-01 -5.550450257151032796e-01
2.011455341602568503e-01 -1.076910804475054856e-01 2.014343528447880005e-01 -2.492330475372527693e-02 -1.872806879064471408e-01 -2.188944921847909564e-01 2.273010297336630903e-01 -2.285264146026816656e-01 -1.005449741936554758e-01 2.659381812023536296e-01
6.965856664591182357e-01 -4.799452337827992965e-01 4.768039123880756791e-01 8.245669377533736411e-01 6.134299808802398113e-01 -3.286292972616790958e-02 5.271071089829021394e-01 6.936983996380468032e-01 5.925120067881776142e-01 1.054211778367937641e-01
9.724221092813944978e-02 1.149442791714661016e-01 4.744012485446860716e-01 -1.431196639783474112e-01 1.858010427263857012e-01 -1.967455814206497122e-01 8.825981149400301262e-02 2.645072708226010594e-01 -3.720028479655790865e-01 -3.558899342651150599e-01
-3.568843207290913755e-01 1.337308837801464978e-01 3.852047219315800075e-01 -5.816047998384739071e-01 5.703597058848226542e-01 -1.207265767022922681e-01 7.210827155000659738e-01 -5.607879316756455568e-01 7.488307351538529832e-02 -4.131638910869522147e-02
1.537933208005400620e-01 -2.127897686185084847e-01 -4.063567508593271538e-01 1.229019266567539515e-02 5.065184349191478169e-02 3.523136425901320090e-02 3.718749413890260480e-01 3.744370960424708850e-01 -2.829223138549313496e-02 -4.772805444373913741e-01
3.043622642240680354e-01 -6.138609956791630795e-01 -4.677920392967996333e-01 3.029402917432226852e-02 1.540783026824746327e-01 2.915245624798127877e-01 -2.633554314700877197e-01 1.998466775286398545e-01 -2.632350391289343117e-01 -4.027104640268064917e-01
-3.647815997869717497e-02 3.801120809011881430e-01 3.162457705360492977e-01 1.804771858387168582e-01 -4.871117459233537811e-02 2.228306701037071902e-01 -3.216009378555672038e-01 1.828578479123845468e-01 -6.779758150159490840e-04 -4.135533924037546050e-01
2.500710614798302700e-01 -1.879622767536440475e-01 -1.561738453726591869e-01 4.514067148002426921e-01 3.865175112101456034e-01 4.695116130492756890e-01 6.904748734743259009e-01 -9.485426895136113423e-02 -2.885129598773905069e-01 3.426565784407935022e-01
-5.087360652522640025e-01 -2.086902836867545741e-01 -5.612129112862505181e-02 -7.035827005989397052e-03 2.663084849934148624e-01 -2.223960081181224624e-01 2.881202558964665161e-03 -1.822710282003298932e-01 -2.857718604059888423e-01 2.358471059117525637e-01
-1.242247303008444104e-01 -5.376651645651991246e-02 -1.919926687632300955e-01 1.717888108336950714e-01 1.512544088382699325e-01 2.072528815003430724e-01 -3.476535620935811144e-02 5.254232628853913040e-02 2.534127637832098612e-04 -2.767506558165395633e-02
2.091739760845793272e-01 2.437858705020839456e-01 1.701919969482295347e-01 -2.128317682279390888e-01 -3.638104044917714885e-01 -2.433420845971417390e-01 2.404363555835202226e-01 -3.060903275327551687e-01 3.481452232410928715e-01 6.467620935779082314e-02
-1.975686644798433915e-05 5.353014884918211314e-01 -4.410903731959039953e-01 4.749478270700391858e-01 6.461660590597755327e-01 1.768735048549503197e-01 3.234138493469970732e-01 2.757326341547715054e-01 -4.688935585309784715e-01 -6.461543736620810607e-01
2.796256126282475885e-01 -3.682318365775594793e-01 -3.844570729768365669e-01 -2.307691824022278793e-01 4.672032978831834882e-01 -4.012749417642694910e-02 2.079361453322987538e-02 5.132129516419335902e-01 2.599872395348392096e-01 -2.422395310875502250e-01
-6.511583859862631052e-02 2.960403667242781922e-01 -2.507614185788269445e-01 1.818124164263789366e-01 -5.112738462034001063e-01 -1.680250015800258123e-01 3.094610837792257652e-01 -2.797264444285193496e-01 6.665174862681372270e-01 4.492690266474493876e-01
-8.329731133064493826e-05 9.131323900448957975e-02 2.074190766852303247e-01 2.007963025520250466e-01 9.060726444073088914e-02 3.466698072670812980e-01 1.663416147429688519e-01 -1.096228883224139722e-01 8.438058868763778642e-02 2.467961124742141799e-01
