6.281478150342009181e-01 -7.912904244562405376e-01 -1.144719519971493654e-01 -6.186555900732452207e-01 3.211160927164490864e-01 -4.557291035741987684e-01 3.527504848421207373e-01 5.919122887982621872e-01 8.053853310447651737e-01 7.070123001139396735e-01
1.489756857596013784e-01 1.206269923880393113e-01 -3.857553321561881243e-01 4.047890407833309445e-01 3.948933531604217895e-01 -1.070410390174676291e-01 -2.524120940582669781e-01 -4.299500617025708293e-01 5.158948909224796431e-01 -2.688778307088157682e-01
2.779446617045148171e-01 4.413077666247943731e-01 -1.998289891697581366e-02 6.553813834849625541e-01 -5.667113686991026578e-01 -2.937772056114584251e-01 5.539585857567822513e-01 2.534791654135759020e-01 6.821129565802754868e-01 -2.662968334806024573e-01
1.792674795593052484e-01 -1.532014273992629572e-01 -2.766769037551717117e-02 -2.974601789933935606e-02 -1.270145194430565005e-01 -1.012111694261639688e-01 1.549853676517873313e-01 -1.265773126691621675e-01 1.133465789210068714e-01 -6.894713275970444644e-02
-4.997599143993863846e-03 -2.125994843979120506e-03 8.488250312600202629e-02 -5.318185710690871183e-03 8.560574429264586338e-02 2.764986705623091040e-02 1.324817987451903413e-02 6.112493785404506108e-02 1.372889712400990510e-02 3.685417982675669168e-02
-4.455962162913827407e-01 -7.467377675762374434e-01 -4.072373657801411223e-02 -7.939301204430095904e-01 7.015105516194936053e-01 -6.939076293267749662e-01 5.530602899370863357e-01 7.122278050132583305e-01 6.743170868693068032e-01 2.297018105575713287e-01
-5.154010762852628824e-03 1.676011144947954223e-01 8.205346987440044482e-02 1.431620299991904176e-02 -1.384533412516845800e-02 6.661543310720068403e-03 3.805265149053239232e-02 1.558016173601612341e-02 7.301012326516569118e-02 6.224329387808679934e-03
-5.348078643474145633e-01 6.800856024509913667e-01 8.261530954346850419e-02 6.852136819841576632e-01 2.255542001659378293e-01 -3.245045592588521322e-01 -3.837704596290906767e-01 3.201037018350624819e-01 -6.045795780747821313e-01 5.596222032936685187e-01
-6.972202040076370955e-02 5.906498447577490651e-01 5.496344621705393507e-01 -5.612839864700681636e-01 -2.798428252227910806e-01 3.681703665810384107e-01 -4.146528766043109937e-01 7.203899007172165359e-01 5.174789632215096580e-01 -1.894957338136531722e-01
7.045724436501771965e-03 -6.045659219102238191e-03 -1.190182336282020158e-02 3.300493950761226175e-02 1.076258626896260950e-01 5.484986520299508367e-02 1.122654362710984698e-02 4.206481759311310464e-02 3.324567316902180686e-02 1.322966228970320554e-02
-7.623006970720100535e-03 1.132401095437497451e-01 4.955254455365429300e-02 -4.762592035313271965e-02 2.010362934947586833e-01 2.596936778646686747e-02 -2.592424641337799651e-02 8.594333964674041176e-03 2.723167295376955482e-02 4.381640298737615041e-02
3.422649397326918974e-01 -3.188771982401780170e-01 5.954616188537850130e-01 1.864059407766072707e-01 -3.493786687220505616e-02 -2.090145450684147144e-01 5.402652900610744879e-01 5.067660206475564921e-01 -4.532634087318955229e-01 4.087004947612239425e-01
-4.214275951443715029e-01 -4.416240491269446400e-02 4.406233538015541518e-01 5.791211685812147625e-01 4.674553255970131938e-01 -4.552884819516707093e-01 2.075131674444243568e-01 -1.357280965672141293e-01 3.157177735428741694e-01 -1.273654166272945865e-01
4.147057727030127317e-01 2.022979648173257594e-01 -4.651185957136036442e-01 6.349796698561838149e-01 1.743266101008943691e-01 5.297125796654982011e-02 7.442144420075827993e-01 -1.599419680432986879e-01 4.120174187534529908e-01 2.893214419539528182e-01
3.106608041726129366e-01 -5.498839112570030885e-01 3.636210616613384516e-01 -2.359774542735149916e-01 2.920913167680580513e-01 -1.800462717085840603e-01 -4.541410762154070579e-01 -1.670483365389989205e-01 -2.014765626483369376e-01 -6.816704801892617960e-01
-1.480418901237515877e-03 1.648862468033004264e-02 5.917905783467727887e-02 2.116130274195501121e-02 1.817567048997792076e-02 4.619596770506247119e-02 5.817481620456923033e-03 2.890062421331000570e-03 1.674305755868782733e-02 3.922466188731268955e-02
-3.838115936210487189e-01 9.446482337400233242e-02 -5.228388384723702265e-01 -4.459547516944607493e-01 -1.489895508411084174e-02 1.863309483375509834e-01 -4.490928485908739221e-02 3.517238269663836014e-01 9.125784474347951869e-02 2.427346032473156612e-01
8.297674745383573081e-01 -5.337672730403050236e-01 -7.693720613325856217e-01 4.700892773400787705e-01 5.960037460912419593e-01 3.149311561109156554e-01 1.115673327961558964e-01 6.657051881989886066e-01 8.042207123060740592e-01 -4.411909270433334029e-01
1.324731184361985312e-03 4.151637314502250320e-02 -5.879063277450692349e-01 -4.763667506095871085e-01 -5.774972799663850020e-01 2.848697467957688190e-01 -3.635500489466947371e-01 6.720399239826418958e-01 6.693070924087161921e-02 1.282288912902955838e-02
-3.039400122057351120e-02 2.236994593293644418e-01 -1.283924779662914128e-01 5.978665137976152399e-02 1.858899702225606521e-01 -8.442831893793283082e-02 -1.832624629071813172e-01 1.213474978197884718e-01 1.313438252347645940e-01 5.663068472201256837e-02
-6.194881774355605851e-03 -5.426674970605414178e-02 -2.293144371046845764e-01 3.559219053275434752e-01 -3.984321755832725409e-01 -2.646841356075702728e-02 1.700052685135531871e-01 2.063816187290018755e-01 -2.967220978107768525e-01 1.653305290481445755e-01
2.714026805394155750e-01 -9.060543265485289377e-02 -2.057523844974260274e-01 3.964504450460456519e-01 2.601761360199050244e-01 1.617565528283533283e-01 2.034243432226749970e-01 -8.998474976643892898e-02 -1.231849431057290695e-01 -2.122718123988477368e-01
5.547830715763820558e-02 4.036356976852015777e-01 -1.848262109498106376e-01 1.658970939888969320e-01 2.459745274633435563e-01 1.258372010464883228e-01 9.865183208957405137e-02 -3.794173036584398001e-02 2.368215656986768225e-01 -6.808202424460588209e-02
5.222571067293686475e-01 1.115861230799041759e-01 8.166430278345638838e-01 -8.842746769554113984e-01 -3.956884494356053827e-01 8.720176726916385734e-02 7.579978921520109658e-01 -7.725772377148643066e-01 -2.091456802540310189e-01 -8.074233745500750681e-01
-6.267176583059149708e-01 1.823432643576565482e-01 1.308599930809961273e-02 -6.643129577661763263e-02 3.360193858443000781e-01 -1.321612046234710292e-01 -6.818039354166228749e-01 4.606420690840282162e-01 -6.512307457490887908e-01 -5.963771766920745732e-01
1.080267702005763622e-02 -2.345453488310579940e-02 -1.669880682335153979e-02 2.418286105792656349e-01 -4.810316804686417536e-01 4.104337836356909963e-01 -2.024113506506197702e-01 -2.453727161270705809e-02 2.146216886732874030e-01 -1.157998247330396940e-01
1.707755964651501701e-01 -6.254412316501549718e-01 -8.075930067261843925e-01 -8.181665997610756969e-02 -3.100793478575638029e-01 -7.991456762191688767e-01 -6.671663092689297248e-01 -7.253068950306168494e-01 8.636200724713218868e-01 -5.173594997851886923e-01
3.677777833527627327e-01 4.725689409231870752e-01 -4.058369559447180114e-02 -2.680268846270361660e-01 4.402825778057733452e-01 -2.737018943363575540e-01 5.121447153700946497e-01 3.508758198227042158e-01 1.541744132924603161e-01 1.383501004819736868e-01
-3.189054065211000544e-01 2.920312265034596955e-01 -3.603556735700475661e-02 3.177112492278597045e-02 -6.892101068914164852e-01 -2.346149882664738395e-01 3.327090316771313394e-01 -6.514551325086347378e-01 3.845891990483767398e-01 3.211996843680773168e-05
-1.702702602988152292e-01 4.728086939173252179e-01 6.109775134012591646e-01 -7.333227756070560821e-02 -2.051657858642179366e-01 -5.375721756050821920e-01 -2.575332600816915285e-01 -4.031327486806090543e-01 5.159508083781575438e-01 3.545761057105469294e-01
-3.801488226049323793e-01 -5.370765094355162139e-01 8.693383231089801821e-01 6.503629904370195058e-01 5.092055871701207659e-01 -1.410438939269685610e-01 -6.747992926474881692e-01 -8.362107177822525328e-02 -5.763242890150024333e-01 -6.630243677274834102e-01
-6.686156951012886540e-02 -1.097196195804733265e-01 -6.903856053892047928e-01 3.332256839652615876e-01 -3.807513331858644046e-01 -5.764135422254028640e-01 7.957100055565949903e-01 -1.530403563174261572e-01 -1.317998779582117141e-01 3.561300902607052454e-01
-1.493913755221391582e-01 6.057800929444810967e-01 -4.881781090952891367e-01 -6.684390726318982789e-01 2.555239144446416200e-01 1.323174095927337757e-01 -4.411682472559963486e-02 2.588662311696044438e-01 3.158902355763091863e-01 2.466349512613520978e-01
3.089532216642418838e-01 6.334185205049843725e-01 -2.220918206664216910e-01 3.521103193982346724e-01 -6.086514993070265556e-01 -5.777468473728886167e-01 1.097487448728967641e-01 1.917781803930864171e-01 -1.171577846282366858e-01 -4.399592149767856952e-01
-3.435977271332270322e-02 3.193534570737548983e-01 3.506727170688206940e-01 3.130926341801584800e-01 5.172943996638127429e-01 -2.778468678216467480e-01 -3.697523979710861108e-01 -5.285946853001941004e-02 -5.640304191166681802e-01 -6.204022671882178375e-02
-3.535706793730021280e-01 5.876357193513380706e-01 2.765088709369378228e-01 4.286222061700954433e-01 3.983479623444144968e-01 -4.533833670136763749e-01 3.551765973986287239e-01 -2.574889643501580561e-01 7.155489571122358727e-01 -4.214998807771196954e-01
1.057387532373565142e-01 4.933792283722646804e-02 3.340995082067459848e-02 1.131835874818649772e-02 -5.877567847133909236e-03 -1.606233198048826263e-02 9.347145722256743788e-05 1.970766586490882710e-01 -1.348180873054152275e-02 -4.369781906745703361e-03
1.205081576741183630e-01 -2.699932680231153029e-02 -1.098511557043478984e-02 -1.489759308989854203e-01 -1.846289331692604341e-01 -1.396887696354572571e-02 -4.862038451507919024e-02 7.612910216635732086e-02 -1.039987738602499712e-01 -2.535558821529906304e-01
3.824559199472337134e-01 -5.487146901173738378e-01 -2.849970038415334250e-01 -7.032016670418007598e-01 -6.887180024623376640e-02 -6.930327833307576846e-01 -2.039986629949323838e-01 -6.344084687607688400e-01 -2.093568150895377955e-02 3.144366378822310848e-01
3.293256518929672111e-02 -6.643221912688017372e-02 -7.610068539507038217e-03 2.317525962321882304e-03 1.781473138305906256e-01 -9.718387287138098227e-03 6.637126918516682295e-02 5.208740067642515098e-02 -1.108035633645077997e-02 5.695669308339316311e-02
1.129895653723951426e-01 2.438790383685446594e-01 -3.125193328560920553e-02 1.272421424103167553e-01 -4.080610224726202023e-02 1.504813676388292998e-01 -2.607687330467812759e-01 1.720600659313500647e-01 -4.699403209067103473e-03 7.088079416073854444e-02
-3.796211739437085897e-01 -4.021940003795967250e-02 5.791339114478403216e-01 -5.104628326888616813e-02 -2.526537898665287551e-01 7.099347002076799029e-01 -3.179843970230925576e-01 -5.156982676800242471e-01 -4.077085029778617642e-01 5.446446103278848039e-01
5.803715623805937307e-01 -7.545383576790674895e-02 -2.596644426663331506e-01 6.618571292585795351e-01 -2.619439892444570539e-01 2.617177604985288994e-02 -7.756073666792115961e-01 1.503447756670953650e-01 -5.354956416698599675e-01 7.418661855556545337e-01
2.403412156931181987e-01 1.615926313534029324e-01 1.302262251100935221e-02 1.116652311266386616e-01 -6.889817214745774798e-02 9.194867208735206521e-02 4.823153155696454503e-02 4.685564676105789111e-02 1.100390727045769540e-01 1.314172109589283877e-01
-5.198520349279879271e-01 -8.462269280685353889e-01 1.555433125546954176e-01 6.036343097926277768e-01 -2.753599557569053058e-01 5.896524262383695536e-01 -8.403356252625285849e-01 -6.973713129015383927e-02 -6.876899704016089521e-01 6.391950045934162716e-01
4.266062978931400504e-03 4.218047429578923591e-03 2.027775408782862832e-02 -1.949114506932456484e-02 5.259209174564507400e-02 5.617461948843720243e-02 -1.901898518726650306e-02 4.053270389647194161e-02 -4.408400921679309775e-02 -1.719460205535419325e-02
1.983844350497838416e-01 -2.349867991794990507e-01 -4.368954114358681307e-01 -2.994268648632337215e-01 4.348314377403304509e-01 3.655660646371595712e-01 -2.092984807502140943e-01 -5.281908113663638105e-01 -5.153188297560549191e-01 4.892956239469817281e-01
2.763357948271670805e-01 -5.047450413493413945e-01 -2.063720974218894236e-02 -3.359538372356903335e-01 9.795976039448724138e-02 -2.896855227168733116e-01 -3.842339949406027300e-01 -6.209747616118786728e-02 9.053315055364295760e-03 1.764283188008793357e-01
-1.064951525504320429e-01 -2.736515539613957326e-01 -7.488881160244642565e-02 6.516048807543693699e-02 1.866751748447244286e-01 2.052132537455539085e-01 2.238254795570132072e-01 1.849480235487624413e-01 1.155340543508585616e-01 8.938870432407286515e-02
-8.559864828006410464e-01 4.488717430362649252e-01 8.838424872182841507e-02 7.402038266021326862e-01 -2.688902529893827387e-01 -3.179502707383202731e-01 -1.515051622532769815e-01 7.619876303317328903e-01 -5.127736617713711531e-02 1.401014190356150158e-01
-2.412172880604971648e-01 8.390718553837979432e-02 5.651047919485951976e-01 -4.027734877703017524e-01 1.992232932651070432e-01 8.061703311899272029e-01 1.950662596861210962e-01 -7.679052832689985987e-03 3.365410162976207320e-01 -4.146359115140850760e-01
7.019620257031840109e-03 1.083719204534479841e-01 -3.207014832083120853e-02 -8.841404259550157685e-02 1.084223706507726759e-01 -1.515477843058367913e-01 9.559969093444205257e-02 1.059029709980545235e-02 -2.773740245073686404e-03 -9.381941268356307206e-02
6.193786378966286560e-02 1.994331472534441665e-02 1.987331288244379712e-01 -1.713482508868587051e-02 -2.393758972847461960e-02 -4.089757304782454250e-02 4.429217286411662666e-03 3.036792809812405292e-02 -1.071791084401863825e-01 2.165291467539038478e-02
-2.851697102804543471e-01 7.623662255524470410e-01 9.138823200040269157e-01 -6.202234240110718888e-01 -1.046270664222759827e-01 -2.473656321992907803e-01 -3.179576572988130900e-01 -2.270379783908836602e-01 6.792151392037480973e-01 -3.967308959203314500e-01
-3.376518497558087528e-01 -4.366822260760654939e-01 -4.449908554934838278e-01 2.740351908447440921e-01 -2.329787208580490765e-01 7.287883659525664637e-01 -2.082598096172044166e-01 -5.146004173107636692e-01 7.489765851713015010e-02 4.378464243357733099e-01
-5.075757428294012108e-01 4.419365707464628090e-01 5.393735620822347476e-01 -3.210333459836937631e-01 -1.556182532461453938e-01 3.177409744047972606e-01 -3.198832840438960989e-01 2.311535138922213573e-01 -5.809937169153707170e-01 -7.118205037856889517e-01
-2.341315817921583720e-01 -4.525446291982935798e-01 -6.237536549272142405e-01 -3.837121377895336138e-01 3.783646205848444355e-01 -5.359424214621784088e-01 4.720097566904869063e-02 -3.166452198222370340e-01 -3.662353151292584985e-01 1.459017241475466520e-01
9.908837765457800817e-02 -3.962361634847592906e-02 -2.321528120857177524e-01 1.610561398529991028e-01 3.153253011939898681e-02 -9.338235854909965328e-02 6.474926255764447414e-02 1.127207212321704177e-02 9.220885594020894471e-02 -2.097627430962543671e-01
-2.544844562923695430e-01 1.634541927290912855e-01 1.975339686571799813e-01 -1.456430923317565684e-01 -5.749419269306683677e-01 5.613144242635088599e-01 -1.225624525316036106e-01 4.372210006631389589e-01 -1.754798670724060372e-01 -5.475256922415737693e-01
7.464803439308137500e-02 2.819787742544981046e-02 2.035277884207220209e-02 6.681599522973409588e-02 1.015036647793643165e-01 -1.495553423706685349e-02 6.067876866029637585e-03 2.389234103621253394e-02 1.442680412119606240e-03 6.087972943090184594e-03
-5.653348075618227497e-01 -2.822975929420682983e-01 -4.561740777686630333e-01 6.325239914126045138e-01 -4.839110526737681051e-01 6.913722925509097061e-01 -3.440815147199384749e-01 -4.564213524020819812e-01 4.821654940801666234e-01 5.612802753287882140e-01
-5.398896169229272513e-01 -7.970970820269158985e-02 3.621489726623701166e-01 -4.034500573158002722e-03 8.202696599911841746e-01 -2.675116538960567447e-01 -2.277029799134106802e-01 5.789332777619211612e-01 -2.556344402095300783e-01 4.227537515913445398e-01
-4.488230665049067203e-02 -2.819176560533502227e-02 3.583431044383554587e-02 6.018400004196397535e-02 1.344884483551317400e-02 5.773291276867707766e-02 2.559646096833478185e-02 -1.325881399928707620e-02 3.512240477217120228e-03 1.204444427602871515e-01
-9.239899681260882458e-02 2.331634973572001279e-01 -1.931229518051693836e-02 6.845844351515155413e-02 1.601123639480186989e-01 5.045387760319646614e-02 -1.337611369564128405e-01 -1.340562977191120941e-01 -4.370645180786787015e-02 -6.142441190178959953e-02
8.802712127688575722e-03 -6.999092256824014646e-02 1.643149781878088661e-02 -1.644336417122693739e-01 8.743673726223381848e-02 6.358802497447053892e-02 -8.335330565869590591e-02 -2.224983140992982389e-01 -2.697606075705313855e-01 -5.281971985511056955e-01
5.182109167967271501e-01 -1.029572492772174302e-01 -5.265023751808844965e-01 -5.600043709781238332e-01 1.228209292752032583e-01 8.631999732623929500e-02 -5.127705674094144017e-01 -6.805893699966887589e-02 -6.191896827579153051e-01 5.108077888962021529e-01
4.610839245833238120e-01 -6.363039148443544457e-01 3.783305865015707536e-01 5.747950984026269916e-01 6.292006009912928244e-01 -3.055909415012427743e-01 4.009193273177080186e-01 1.719127310324573277e-01 -1.266338636764591588e-02 4.826760272855148970e-01
4.195158159870249759e-01 -4.464422936701253897e-01 -3.785774407856256629e-01 1.659309268923891134e-01 -1.395486952690783988e-01 -4.136019216013570587e-01 5.031008648713862774e-01 4.226158847768828331e-01 -1.274837031482427552e-01 1.119837113130772027e-01
2.125820415414404752e-01 7.906207600467018981e-01 5.095673300195071587e-01 6.025118618485811872e-01 7.222737893186251812e-01 -8.031504300759133574e-01 1.674390876923820826e-01 7.928688551108132865e-01 3.089495359496274851e-01 -8.702827180595354983e-01
2.677974764277509245e-01 -1.133321379180109029e-01 5.253405037814685291e-02 1.345649149106549758e-01 -2.059880335131147044e-01 3.489190710131716555e-01 -3.089247081536896158e-02 2.416832755058488102e-01 1.389950226655997656e-01 3.480093201700332206e-01
4.322975667162075597e-01 -5.383979325956509410e-01 5.565232717187410527e-01 -3.538204197086978198e-01 -1.773305087883783604e-01 -1.604812650699496690e-01 5.564117867210691681e-01 -4.456719703980115965e-01 3.266703024326402249e-01 -2.320678293546735715e-01
6.766387347234890104e-01 -2.550036001543870556e-01 -7.074584532560286299e-01 8.932583712407800025e-01 8.626010642852723065e-02 9.341072077569158028e-01 6.929450204352914922e-01 -2.708447988666320971e-01 -9.290677505436950590e-02 7.890342439403916774e-01
-2.185805498348787901e-01 7.052870545253376450e-03 6.368275705246347063e-02 -5.210876397042157882e-01 -4.266691137112291754e-01 -2.368191993866164413e-01 2.168304697712657436e-01 -4.050031746898307694e-01 -2.956099335554475127e-01 1.433144398738763758e-01
1.778248036251642381e-03 4.496724744763413995e-02 1.488392818675689060e-02 8.406885733669612615e-02 5.504678132254087718e-03 7.759860570834450910e-02 -1.730183927121599482e-03 5.382044123306357203e-02 7.359043349166684289e-03 2.018702947592519378e-02
-1.264193397462425872e-01 -6.032799955401809688e-01 2.757965251538338491e-01 3.311053786022000872e-02 4.914981229019767528e-01 -4.562002470288218925e-01 2.470749301174029189e-01 -3.982678311951452499e-01 7.146507361781569978e-01 4.418241039038358631e-01
-4.830050238767383819e-01 6.751679897346473114e-01 -1.036682524135179861e-01 -1.627926157854123757e-01 4.555265248463463146e-01 5.136876621618723382e-01 2.685670271249748220e-01 4.595321994304911728e-01 -4.627286044534953402e-01 -3.979187772716555327e-01
-6.493149018132257644e-02 -4.131150853239239362e-01 5.454586995525997906e-02 -5.800756754129773179e-02 1.532737319750009375e-01 1.782942994299663853e-01 1.127888322555651579e-01 4.084482199022970161e-01 -2.709671760832068066e-01 3.255059618219138251e-01
-6.774084150920145486e-01 3.952156076627585946e-01 4.481622984572043999e-01 7.199224091819546034e-01 1.306622323080603165e-01 5.890214190903729774e-01 -1.913521421534285782e-01 -8.454117622979784308e-02 7.054185577095283266e-01 9.197224905523151972e-02
-1.490443920287742585e-01 6.238768523006401612e-01 -5.614673253890372084e-01 1.914896502401787493e-01 3.062975914420921764e-01 4.260564568552735465e-01 3.999931255424559184e-01 1.154948152928983868e-01 -4.287477314780469700e-02 -1.581481031591683017e-01
1.225137490357480763e-02 -5.312589520388923299e-03 3.324633796402615138e-02 5.617987839278970608e-02 7.702376445776190628e-02 2.126452723814826334e-02 7.739897937695010104e-03 9.335310952267555917e-02 4.166885963409002608e-02 4.751801172280345487e-02
-4.907760752937989079e-01 5.993585977573946399e-01 -4.901020441594531873e-01 -5.610537355465548999e-03 5.723027092936696647e-01 -7.475756858092503787e-01 -7.993219979278628484e-01 2.622196169019580525e-01 -3.389399349734422140e-01 -7.029625305944545710e-01
-2.117190506079652812e-01 -1.554029997984059386e-01 8.021818597310584331e-02 1.385858880508057389e-01 1.408667953819764396e-01 -4.126577100636176776e-01 1.104919632523722189e-01 5.752781121842631684e-01 2.050313344062008047e-01 -8.225140463843476357e-02
-5.440092073993457733e-01 1.967289382038174550e-01 -8.095747293554823587e-01 -3.329670927831592242e-01 -6.752527217454501463e-01 7.874558854754083737e-02 -8.323933311071965990e-01 -5.071764368909653653e-01 8.002437875439650794e-01 6.870410094241961030e-01
4.629880228035698070e-02 2.853637675217858896e-02 8.270201192574073989e-02 -4.274496431395764101e-02 2.010939592695382139e-02 3.262882046174216122e-02 3.662375083786585661e-02 3.838263509497301385e-02 -6.667293503572715345e-04 1.705494936680655368e-02
7.450493762107059104e-02 -2.036284475941542438e-01 2.925834934796580078e-01 4.334085910857887747e-01 -4.831706230466967789e-01 1.860329984918476509e-01 2.242785090751171218e-01 3.734861956674351974e-02 -4.940026859868368314e-01 -5.552902523602549767e-01
2.091008017509308203e-01 -1.126706856960760922e-01 2.087871043293300366e-01 -2.652581819470499133e-02 -1.904923988762780851e-01 -2.251373921527819733e-01 2.281223096760430502e-01 -2.382913438048362142e-01 -1.051636174279143437e-01 2.769457922766012659e-01
6.965869329819572853e-01 -4.799951163443841318e-01 4.768089382046873936e-01 8.245665447656591596e-01 6.134330972789674430e-01 -3.286104416375557058e-02 5.271072017958027267e-01 6.936988874172305142e-01 5.925108477875484780e-01 1.054214812801638340e-01
9.686192528248316336e-02 1.150679030138669345e-01 4.730650366134541152e-01 -1.432711027427303885e-01 1.860691808280676429e-01 -1.967719714270984854e-01 8.840595916783948460e-02 2.647767695294817036e-01 -3.721457333867707051e-01 -3.559610970848877676e-01
-3.568849961452654207e-01 1.337311368705643710e-01 3.852054509451128261e-01 -5.816059005460867404e-01 5.703607853106982262e-01 -1.208220410773622189e-01 7.210840801745572737e-01 -5.607889929866006762e-01 7.488321523424509851e-02 -4.131646730141996793e-02
1.547792837374130925e-01 -2.148177253743698278e-01 -4.088734008769503991e-01 1.241353712082568506e-02 5.128987972995000671e-02 3.077180558053852280e-02 3.721276585344739929e-01 3.771582397468771775e-01 -2.840332582845391668e-02 -4.810699437135994017e-01
3.044207857782992299e-01 -6.139511159471984225e-01 -4.685737500049061421e-01 3.028881609637268379e-02 1.541383281478585776e-01 2.915704810228373356e-01 -2.633679626945209518e-01 1.998923688413529187e-01 -2.636111709573817907e-01 -4.027520834919385839e-01
-3.658404027031077199e-02 3.782236459978002285e-01 3.168544340564224404e-01 1.810028154383347965e-01 -5.072618305280257589e-02 2.232307736195826564e-01 -3.221255217514646940e-01 1.832356039899116495e-01 -6.309800458984307333e-04 -4.142448905038205731e-01
2.500544499030121770e-01 -1.879264944487817335e-01 -1.561876182110165379e-01 4.513975793176241980e-01 3.866179907769408675e-01 4.688058250658569959e-01 6.905545649077038384e-01 -9.487621881573006510e-02 -2.889277795827246975e-01 3.426125124242996867e-01
-5.091968393665349257e-01 -2.110694932030514614e-01 -5.589490995354815667e-02 -7.075912201547662414e-03 2.652244474928833751e-01 -2.284390758243965702e-01 4.077626375728895039e-03 -1.833943511622216360e-01 -2.857612841080393595e-01 2.372017021649962532e-01
-1.381471284928101895e-01 -6.141327522611612910e-02 -2.115279906762590201e-01 1.945098329052776243e-01 1.612404597287382391e-01 2.341208585753934146e-01 -5.675479451372506673e-02 5.364902003807897612e-02 1.403018764310066859e-03 -2.983933150641990967e-02
2.102721575296996603e-01 2.423198890273936257e-01 1.711276350834177451e-01 -2.130780129082087138e-01 -3.641224594829409189e-01 -2.429749939709122120e-01 2.382078104383051342e-01 -3.084712482872555284e-01 3.494677719181408238e-01 6.530200097102277501e-02
-1.976480142408628654e-05 5.351605059814542598e-01 -4.410897445986514676e-01 4.749559807092006980e-01 6.461727617176077354e-01 1.768808230760045286e-01 3.234144512913273428e-01 2.757377347701863157e-01 -4.688939925651852136e-01 -6.461544509764578503e-01
2.800500348994517941e-01 -3.688014990542663463e-01 -3.865444457781007648e-01 -2.311136450015826016e-01 4.678899204707768766e-01 -4.204358316694314229e-02 2.080957838071627319e-02 5.140151690489915826e-01 2.603113251831932762e-01 -2.425162679532973931e-01
-6.591493846592527683e-02 2.961544891032919513e-01 -2.508000327490534365e-01 1.818458852964622285e-01 -5.115414045909481011e-01 -1.680266940544191401e-01 3.094727812602561245e-01 -2.795568221871324588e-01 6.667507568983750410e-01 4.494848375243715166e-01
-7.518946024219065431e-03 9.290793732790973702e-02 2.096616355243928753e-01 2.036578264759195123e-01 9.033488934823485916e-02 3.514156818210937838e-01 1.679302330302084867e-01 -1.087297851286358197e-01 8.590899617754368944e-02 2.511450427400626628e-01
