6.301198424752639804e-01 -7.989649715679486564e-01 -1.147093075660364503e-01 -6.201519634040588702e-01 3.230108558866706114e-01 -4.556452973411431739e-01 3.508565290082454324e-01 5.926148930768004863e-01 8.037400761686250839e-01 7.088467793527759575e-01
1.498284696386248949e-01 1.205540271538294017e-01 -3.896501860503266412e-01 4.036283792476492160e-01 3.969503176123288513e-01 -1.093811211315321580e-01 -2.519592393946248343e-01 -4.318687990585314274e-01 5.168893755697546721e-01 -2.684686906420394314e-01
2.800729978096541672e-01 4.422222522463205019e-01 -2.012522293879174390e-02 6.575652970924836804e-01 -5.687271222534142634e-01 -2.938935276834891419e-01 5.570564226272842756e-01 2.490752709208905458e-01 6.819338937617357432e-01 -2.667864878657674188e-01
1.516500612825185113e-01 -2.445496544948309314e-01 -6.820928293180097968e-02 -7.785827193536423718e-02 -1.971718147474527116e-01 -2.179756580294130719e-01 2.688701917455418311e-01 -2.413395632747575570e-01 1.885857657865619985e-01 -1.223413549684699980e-01
1.529677341691908178e-03 -3.910058996152199901e-03 4.836852620485290050e-02 -1.019499221182498805e-02 8.713663693729398196e-02 4.503338751125424838e-03 1.921101967350607315e-02 5.304639555467715456e-02 -6.746271086302779675e-04 2.997110195858405934e-02
-4.456086999087315870e-01 -7.476414568847695730e-01 -4.073031024295233060e-02 -7.937995369568823234e-01 7.018325210222204902e-01 -6.937572986627745797e-01 5.532009044042534018e-01 7.116492789838597677e-01 6.745824079019808739e-01 2.297786613790127053e-01
-6.185377538780184245e-03 1.451319187954377699e-01 4.859679292108124576e-02 3.116224282335714173e-03 -1.486614478422642119e-02 9.417838816884047809e-03 4.630530129961190483e-02 2.226101827917759818e-03 4.797789067684921083e-02 -8.043984377384885828e-04
-5.355476073778614454e-01 6.815419388971801773e-01 7.801681980367322633e-02 6.869254060324424538e-01 2.265783773298464809e-01 -3.248322309413209097e-01 -3.842576162311130417e-01 3.208041331299273935e-01 -6.054377213390382817e-01 5.609888204037211112e-01
-6.881993655793421094e-02 5.908343251680514552e-01 5.513065941565956640e-01 -5.609031350738902244e-01 -2.794202889881520768e-01 3.696313794048105006e-01 -4.207823846781230670e-01 7.188789833974766896e-01 5.170828882371211188e-01 -1.893035927154385900e-01
5.766454309316803792e-03 -3.833689849285498198e-03 -5.837330182737008634e-03 1.669631070363529826e-02 5.236206751181561592e-02 3.113974631626138106e-02 7.004148936008244841e-03 4.010533292797353877e-02 2.926960081057669236e-02 2.445975410939392816e-02
-3.234467404577532484e-02 7.611626582096488181e-02 9.305775024321490119e-02 -1.177381072714016041e-01 2.527903630408757096e-01 -5.900301628943985591e-03 -3.700829809393373082e-02 -1.948926930170012325e-02 2.859175284737816569e-02 5.394594041512543181e-02
3.424499305733598731e-01 -3.189941677167308365e-01 5.937903710855698680e-01 1.864882111618181848e-01 -3.494394898965317436e-02 -2.090980151728862868e-01 5.404859139596815965e-01 5.066647918192122013e-01 -4.534463857196674441e-01 4.088578181482162566e-01
-4.254293595021540475e-01 -4.304580256372106395e-02 4.461392879102934472e-01 5.856040514116727103e-01 4.663793684704260478e-01 -4.697757936593756067e-01 2.078787516902381727e-01 -1.353183270440152242e-01 3.177232023389617299e-01 -1.295905147407378777e-01
4.207023054868888612e-01 1.971491552922287060e-01 -4.643695893140005193e-01 6.410092389514872036e-01 1.744362840102836598e-01 5.433667535786664698e-02 7.433343295866942091e-01 -1.648039214645169726e-01 4.111439437553933152e-01 2.869669710263401119e-01
3.112374539046545152e-01 -5.502978054268251595e-01 3.556835326308772638e-01 -2.370415796305764544e-01 2.907635538922093144e-01 -1.818601768292295584e-01 -4.560279939036279151e-01 -1.672104553957624307e-01 -2.004720105322907175e-01 -6.862985178511847861e-01
4.336237600509096173e-03 1.328681109987492337e-02 4.350507777195568998e-02 7.909443645501449544e-03 6.008603159158088132e-03 3.338870153373094812e-02 9.237595685704371243e-03 3.764984407064358649e-03 2.066737382977179224e-02 2.891251757282541773e-02
-4.395185769914732310e-01 1.085232262172023815e-01 -5.729117343782824667e-01 -4.943348017317199528e-01 -9.081561273733213327e-03 2.142556516862668126e-01 -3.802509572638596014e-02 3.776944432683542185e-01 1.034559824767439101e-01 2.435524293097542370e-01
8.298056838351568487e-01 -5.337690333544031773e-01 -7.693704982080232790e-01 4.701121091128973584e-01 5.956781937926036719e-01 3.149362053370818315e-01 1.116004067616824247e-01 6.656861739748116680e-01 8.042363797602708475e-01 -4.411738089351232017e-01
1.836038608444990044e-03 4.245809503606111368e-02 -5.920985831657776810e-01 -4.779297840941480469e-01 -5.794359697381583629e-01 2.862609152537217705e-01 -3.648284413086859690e-01 6.672867710479550851e-01 6.751452188577057589e-02 1.286834067284602610e-02
-5.885604200746309689e-02 2.755059707109502876e-01 -1.457746938095095812e-01 5.731372820126032219e-02 1.839480422059613651e-01 -1.000798195568605997e-01 -2.383892279832789118e-01 1.728278597991829424e-01 1.691660831215898719e-01 1.825710943509575510e-02
2.956180741051721815e-03 -5.680420222979953165e-02 -2.534559650067596537e-01 3.779099564388980204e-01 -4.241741051410014562e-01 -2.491664391731399433e-02 1.880420497251059642e-01 1.796920139515525150e-01 -3.223468271953586761e-01 1.868399958296480534e-01
2.851792110870629560e-01 -9.546707716276087163e-02 -2.558235224381529838e-01 4.138422022703944214e-01 2.744834248580334535e-01 1.688309234989051888e-01 2.198261747484608619e-01 -8.666335486078913242e-02 -1.299713322069723787e-01 -2.152116394205398631e-01
6.402933538770883004e-02 4.459471529735239970e-01 -2.375006986471122628e-01 1.844887842931308974e-01 2.729178190247805169e-01 1.414107861827158252e-01 1.083398107880660238e-01 -7.965713305057674221e-02 2.612437169959544447e-01 -7.326342145403205719e-02
5.223107016301088423e-01 1.113600251823893689e-01 8.166928473662846688e-01 -8.843033171672100012e-01 -3.956645277771273506e-01 8.724276834157800031e-02 7.580809965538626294e-01 -7.725993529548238481e-01 -2.096678227453880328e-01 -8.081950129415529371e-01
-6.283804222517591631e-01 1.832567519445871540e-01 1.123366974261577958e-02 -6.587630766162297369e-02 3.373372172512811296e-01 -1.384943119122741539e-01 -6.855279587566024402e-01 4.663953286725489589e-01 -6.535018061720732074e-01 -6.065042765852659556e-01
1.280776825568786213e-02 -6.405396714038556760e-02 -1.688577010901980494e-02 2.586388866620127902e-01 -5.025182210511794922e-01 4.418972437004960452e-01 -2.145528712537020377e-01 -2.453532202492043207e-02 2.292848072050671093e-01 -1.170741104756462675e-01
1.710852736496819293e-01 -6.255114328036109894e-01 -8.102864176648504335e-01 -8.161871438810382184e-02 -3.101523097506788673e-01 -7.990903799327494506e-01 -6.674847557449834490e-01 -7.254003307361299724e-01 8.642361718063739096e-01 -5.170832304438984783e-01
3.702048224355031225e-01 4.755532709167123451e-01 -4.067469793223529861e-02 -2.688533306406828416e-01 4.390402972972001217e-01 -2.844114425648771038e-01 5.161712653195189571e-01 3.538937574823336485e-01 1.557939138040244087e-01 1.389045268696723900e-01
-3.196529837382194317e-01 2.866600698968950200e-01 -3.468427407260721296e-02 3.074753100322244817e-02 -6.921759675971742576e-01 -2.445839720377390725e-01 3.284339418547991274e-01 -6.559823772259145702e-01 3.882527271231176469e-01 1.477303538086662807e-03
-1.752079384368459836e-01 4.801267584803121102e-01 6.162574153422167855e-01 -6.651625219933644806e-02 -2.296922819314408670e-01 -5.429677126342333793e-01 -2.599263530490572571e-01 -4.159703967143003611e-01 5.241136341388088482e-01 3.657299485480934864e-01
-3.792804693584720943e-01 -5.456681313333897609e-01 8.692268075259517168e-01 6.490401002427439447e-01 5.123715348816146875e-01 -1.405669477356863151e-01 -6.783829646863830387e-01 -8.282732208975485122e-02 -5.809315190365216264e-01 -6.625600254603896122e-01
-6.616977485188020591e-02 -1.099682165725908989e-01 -6.937625209258736492e-01 3.345657110162998937e-01 -3.814070916877533857e-01 -5.868505893635499460e-01 8.013163207564131252e-01 -1.498428156786341392e-01 -1.322693297335655327e-01 3.508684788707590041e-01
-1.486327788806074135e-01 6.086338934684515367e-01 -4.900914104302123153e-01 -6.701326974594246089e-01 2.541929630452394728e-01 1.314886502201386975e-01 -4.227443675013325963e-02 2.493814220993720021e-01 3.144761636534475491e-01 2.520303299442328004e-01
3.117921871305585624e-01 6.384594270152510465e-01 -2.226403192477185433e-01 3.568069565433243384e-01 -6.263180740415478231e-01 -5.833732462295954102e-01 1.089805983868955275e-01 1.967433783068629760e-01 -1.147218462459113769e-01 -4.434806659826145969e-01
-3.349132938895292566e-02 3.143685929286436642e-01 3.529508326367198356e-01 3.141565110223465407e-01 5.184174235430715205e-01 -2.816532116007940401e-01 -3.713451242939456165e-01 -5.475157926516512757e-02 -5.652541911385836615e-01 -6.138593315623497998e-02
-3.529816783159741012e-01 5.932892045504456480e-01 2.734532738739756108e-01 4.326283974858323167e-01 4.081232179874847987e-01 -4.508896872883882412e-01 3.600364892134645944e-01 -2.680739948636957082e-01 7.207873953060413008e-01 -4.221862682556271618e-01
6.797001419110897114e-02 1.575049062412433795e-02 3.003190004519311340e-02 -4.324778966443405814e-03 -2.031350160085992548e-03 -9.876017193050640533e-03 7.883641442121553169e-03 1.227070524990209882e-01 -7.702404339335958139e-03 6.287885654681521670e-03
1.933098484107590720e-01 -1.958418254824419169e-02 1.611488981473543566e-02 -2.334869990997968381e-01 -3.443588974177825834e-01 -7.979529566392725218e-03 -8.549245413332251520e-02 1.542676531849705712e-01 -1.299866608230231535e-01 -3.642557381852879472e-01
3.839766398984551521e-01 -5.502985744082133923e-01 -2.873926039960565393e-01 -7.046843974055619908e-01 -6.886292810358794758e-02 -6.999488566739565654e-01 -2.017383886640887192e-01 -6.335809098608686796e-01 -2.142329480913545553e-02 3.040588059644049879e-01
2.126015074656400702e-02 -1.201943368264241363e-01 8.943467727803473821e-03 -2.538871425440691887e-02 1.660779280484143139e-01 3.199937808467663569e-02 7.908435707227308431e-02 9.824656601758241514e-02 -4.005453723666020649e-02 9.855265801756944721e-02
1.211329943012511012e-01 2.550725880849681881e-01 -4.350811861559183286e-02 8.829401596558865417e-02 -5.345311572304137226e-02 2.036276133411392686e-01 -3.313319859703633963e-01 2.029789376681275792e-01 8.433507891543809290e-04 7.636902221771736665e-02
-3.921042386027765447e-01 -4.483130207423533659e-02 5.822580025519644709e-01 -5.122339871447899318e-02 -2.570777014421999906e-01 7.161036886232773346e-01 -3.178855074017289395e-01 -5.289464440744681140e-01 -4.078334666123605845e-01 5.382777677712442532e-01
5.806731232307165147e-01 -7.705988220615633821e-02 -2.597486329177917663e-01 6.622538130147724855e-01 -2.619513899711823357e-01 2.587681744492055513e-02 -7.758179227267496536e-01 1.499845737523743672e-01 -5.355715750328643443e-01 7.421110167167720428e-01
2.636393293105068758e-01 1.839990774780067007e-01 4.179505540267045537e-03 1.229975581690219560e-01 -8.181755507567396724e-02 3.262254748046080483e-02 4.309472729371172095e-02 6.232552659817840179e-02 1.275845135430088706e-01 1.511901406997963049e-01
-5.193385316849293831e-01 -8.475402557295120820e-01 1.533575480905192967e-01 6.032205366518513801e-01 -2.746260312317973518e-01 5.899785349724908645e-01 -8.407161361011492584e-01 -6.923184908492974188e-02 -6.880134710699143952e-01 6.393350065517428016e-01
-1.761381663054456190e-02 3.637611376919138578e-02 8.681873684570803884e-02 -1.477862959692732327e-02 -7.497636703185316109e-02 -6.182235623425996751e-02 -1.245240230326524616e-01 5.197334678906435218e-02 -1.041994795577540489e-01 -7.367130867856003240e-02
2.027233704728069463e-01 -2.393386525298629164e-01 -4.419177371459783177e-01 -2.976263699209692470e-01 4.314110810593814738e-01 3.684718301710485644e-01 -2.052731515849375854e-01 -5.452082066901294821e-01 -5.229039315840989799e-01 4.989488775042243418e-01
2.880263106101254578e-01 -5.259323527228195738e-01 -2.312249497843981913e-02 -3.507393774533006936e-01 9.658878705025324141e-02 -3.034912276451741664e-01 -4.282211675691636188e-01 -6.767263031076541091e-02 1.097563351857016277e-02 1.844199824691262479e-01
-1.234596692523383527e-01 -3.116182322207374789e-01 -8.526067279393070852e-02 8.602081096308700214e-02 1.504500651288224466e-01 2.361410794049575712e-01 2.620602601619579364e-01 2.235053373421762579e-01 1.421292827429322114e-01 4.763282899436699358e-02
-8.576371015328628777e-01 4.482041591890287280e-01 8.895796152076995700e-02 7.374037539139214337e-01 -2.693296231445111433e-01 -3.182568461638088375e-01 -1.517619344339525000e-01 7.634750524538854721e-01 -5.121202193756008852e-02 1.406592111856970750e-01
-2.474823848472539056e-01 8.431464440442365538e-02 5.668909530065434632e-01 -4.040988301430231133e-01 2.001375818118908689e-01 8.084660306715114597e-01 1.955579262223266501e-01 -7.723792796628819492e-03 3.375473048324834635e-01 -4.156558611919864976e-01
2.882699835624970980e-03 1.560968326762908198e-01 -7.677500674281458048e-02 -1.778660522616878348e-01 2.067305695652806030e-01 -2.398427987567080533e-01 -2.627183406913083039e-02 2.424544224503579273e-02 -1.727378203027622391e-02 -1.601732139619032325e-01
7.511563309294504165e-02 -3.747318394599501862e-02 1.584379869871564150e-01 -9.516068933668317062e-03 -4.179216328372464123e-02 -5.516179570454673997e-02 -3.175925440232340441e-02 2.962060397717226207e-02 -1.617260158351032096e-01 5.769230668289069414e-02
-2.861074566406029418e-01 7.692919128939396112e-01 9.172999228908084168e-01 -6.233330879153173854e-01 -1.044565911772240424e-01 -2.672057236468210473e-01 -3.111985621747946351e-01 -2.195712602820104886e-01 6.839751830253402165e-01 -4.154278287268796666e-01
-3.409207338287507660e-01 -4.370017307847373633e-01 -4.456758685634560346e-01 2.760045370084973637e-01 -2.322454982183963512e-01 7.249396614836527419e-01 -2.115227491147671224e-01 -5.149874408268521053e-01 7.605519136070860997e-02 4.415881840986040641e-01
-5.076744062535926139e-01 4.420682192639101560e-01 5.396082340588614912e-01 -3.209203323890899018e-01 -1.568576334605169820e-01 3.175093362031894961e-01 -3.199224369497208897e-01 2.315204013445887887e-01 -5.809730940064307125e-01 -7.127108877881062066e-01
-2.374206479073455722e-01 -4.559521229593127001e-01 -6.302223608869870208e-01 -4.026375797513849775e-01 3.835615532955009566e-01 -5.421450800362259681e-01 4.950162007750931459e-02 -3.208890154729029942e-01 -3.693088472781437259e-01 1.514968343971986320e-01
4.039803044639116852e-02 -4.956043553880502134e-02 -2.534976832045348072e-01 1.832311649728392278e-01 2.390510573345130951e-02 -9.446150058731891952e-02 6.801573644867928148e-02 -2.291486740843676900e-02 1.073060620544046689e-01 -2.447527041905762368e-01
-2.633246504442550706e-01 1.637590528219254049e-01 2.005698413505700994e-01 -1.493755701902244881e-01 -5.854618947480462188e-01 5.650945617423948075e-01 -1.308329421477059384e-01 4.418898573820829734e-01 -1.811246179086681285e-01 -5.533921925890716853e-01
9.949534181946918798e-02 5.171932597223178468e-02 6.801299403687136903e-03 1.248511612301607815e-01 1.281069271900097672e-01 4.490579376316713306e-02 4.905038987931188005e-02 -1.352258277914351013e-02 -3.097696097545786856e-02 2.255326040851833927e-02
-5.663501168990582313e-01 -2.825664799901065893e-01 -4.573015077243854920e-01 6.331317592924096127e-01 -4.810501800863434818e-01 6.970074393359524390e-01 -3.439584271271355354e-01 -4.638853750498284634e-01 4.828870511168941726e-01 5.608599210009999059e-01
-5.396997257273734583e-01 -7.967645535174887328e-02 3.622233085394500063e-01 -3.868313430460281529e-03 8.202979861598633793e-01 -2.675021660984955307e-01 -2.277587919751243306e-01 5.784662559992787001e-01 -2.557577960283003438e-01 4.231439306343950379e-01
-1.237165984822107961e-01 -6.509515705762147775e-02 7.005256396761044835e-02 3.471292148645595266e-02 -3.632985697620250837e-02 -2.032558404725667497e-02 6.695511247416122136e-02 -1.211055002809893104e-03 1.952240378798452206e-02 7.891432807565657015e-02
-1.173398803080367842e-01 2.467148461268234283e-01 -9.821324912692207601e-03 9.699847150208242008e-02 2.068490913543572507e-01 4.255247550473420515e-02 -1.962964715345563715e-01 -1.508665549522724691e-01 -6.321299465198758349e-02 -1.053906238633140896e-01
1.242844243440227765e-02 -8.614854233984173271e-02 1.427946556316489132e-02 -1.883532852823365800e-01 1.177965578364362220e-01 9.752741218215456309e-02 -8.645936943059204238e-02 -2.963518376231550899e-01 -2.934363904683946478e-01 -5.886312045605732735e-01
5.267523173456015728e-01 -1.278460001694430304e-01 -5.336098035065359735e-01 -5.699829472566259048e-01 1.298579285846316878e-01 8.811887642543146659e-02 -5.253663685555306495e-01 -6.691349985840548686e-02 -6.337752602864648033e-01 5.189676888861733950e-01
4.640390230359103252e-01 -6.381106805584511044e-01 3.794421160990854025e-01 5.760456346116487047e-01 6.328685490158652005e-01 -3.029051413441150586e-01 4.030207758991116718e-01 1.678829376510746485e-01 -1.196469615392759672e-02 4.828259848060074133e-01
4.290419315870304118e-01 -4.523788122648214061e-01 -4.021305198089652477e-01 1.725173504481648246e-01 -1.405572973710224882e-01 -4.186452327956634023e-01 5.141397152834250583e-01 4.306749634848078823e-01 -1.291797565718966478e-01 1.146219930108982044e-01
2.101251773480702356e-01 7.917558637914633435e-01 5.092085300009117077e-01 6.017458831285140697e-01 7.219875445820734816e-01 -8.034328284525605879e-01 1.669822980660610190e-01 7.951192344651427657e-01 3.089534915005962001e-01 -8.711922614883411686e-01
3.062851834774945603e-01 -1.261521496945309795e-01 5.737938270936741164e-02 1.419476885665183208e-01 -2.056292638096002823e-01 4.058646730628387989e-01 -4.281026811767919132e-02 2.331992212206930870e-01 1.490866928703316885e-01 3.439659941034297064e-01
4.370239021086250730e-01 -5.529100903496414476e-01 5.607917352197356875e-01 -3.533840283103836244e-01 -1.794110193391208474e-01 -1.559867114325916571e-01 5.522782168344578801e-01 -4.502392550763683055e-01 3.284508126096073455e-01 -2.368293613643667472e-01
6.766531469853547254e-01 -2.550036000709999806e-01 -7.074411126554823737e-01 8.932712048413731232e-01 8.627252238993989020e-02 9.340172758878513282e-01 6.929505865751515170e-01 -2.708210987102083189e-01 -9.290438007507782758e-02 7.890480760570304231e-01
-2.182889991424441511e-01 5.074210382959759395e-03 5.526586728914879842e-02 -5.327593368027521148e-01 -4.353759527441870558e-01 -2.342808443906095051e-01 2.270847826564410255e-01 -4.115848050196235230e-01 -3.016492669814383465e-01 1.478188765471740995e-01
7.483202025638873399e-03 3.494336430220815887e-02 2.592994714864156527e-03 6.948454930016206843e-02 -7.364435870945477101e-03 5.310060477787628685e-02 5.021588891516551127e-03 2.819990926304481380e-02 1.190526073670774600e-02 1.538586641434848239e-02
-1.240538536113631463e-01 -6.050104438168800725e-01 2.799799264017695521e-01 3.262006577497146564e-02 4.868572339757537559e-01 -4.558968627316041244e-01 2.419709661104231802e-01 -3.979355255354415366e-01 7.159696162322820578e-01 4.425242729448360945e-01
-4.831833666645058978e-01 6.668637470555257574e-01 -1.042729353520558816e-01 -1.646949570684534403e-01 4.596110068032067120e-01 5.152466195993472553e-01 2.655987107341723497e-01 4.619702780254849039e-01 -4.665185579157929974e-01 -3.978406306560607897e-01
-6.904561187005991973e-02 -4.355868915982108458e-01 6.115045302506962044e-02 -5.235522045283049625e-02 1.732645899313230153e-01 1.720917298289127984e-01 1.208967859469387840e-01 4.221243638082666227e-01 -2.938044198430968534e-01 3.421454265155023378e-01
-6.781339785593045733e-01 3.948447942642516750e-01 4.487219057340678940e-01 7.212200381300121199e-01 1.309991096740906746e-01 5.899584335315593009e-01 -1.915458357022352121e-01 -8.785207088956302479e-02 7.062488809725873118e-01 9.209216682336751614e-02
-1.493230783908639780e-01 6.251063563092822406e-01 -5.621680558662791594e-01 1.919958009265710641e-01 3.071130891308861965e-01 4.203457566057403061e-01 4.007644895341158087e-01 1.158159957716110161e-01 -4.276828650792238729e-02 -1.581464879320312045e-01
1.908388183731324350e-02 -8.659443180303684484e-03 1.370756013837408881e-02 4.207128407956986504e-02 5.775683652745167845e-02 3.874995353436633955e-02 5.160681377863279157e-03 5.588633459971749373e-02 2.162636242159181321e-02 4.170032174329325880e-02
-4.908100169480776320e-01 5.975314297716870504e-01 -4.898091044156842044e-01 -5.372132934662095065e-03 5.718862314401430558e-01 -7.477015775663087283e-01 -7.993463406451075670e-01 2.625868844744786434e-01 -3.388450636777711189e-01 -7.030597050621898436e-01
-2.204281539493328779e-01 -1.844382891567487859e-01 8.514689636644104387e-02 1.399367824920031145e-01 1.500799160316817760e-01 -4.288509966619342695e-01 1.152033188824899412e-01 5.816029490987476569e-01 2.155345855119511211e-01 -8.408281506716494547e-02
-5.442018234120863385e-01 1.977214653295215063e-01 -8.119657697981129685e-01 -3.337050188579564480e-01 -6.751969831667932187e-01 7.836554577350515749e-02 -8.327341649844393068e-01 -5.074253500073250267e-01 7.991332969947796405e-01 6.883277014356936618e-01
4.669962414805618051e-02 4.706362051259167789e-02 8.687646671736408421e-02 -1.051834503677273880e-01 3.001415535326249981e-02 -3.396266698908391446e-02 -1.338841168237160477e-02 -5.964555081265878432e-03 8.023015238964775796e-05 -3.980224308515503163e-03
7.740386854517007642e-02 -2.089255037055196274e-01 2.929289996494842674e-01 4.339791561711823231e-01 -4.858139231558155635e-01 1.801510302243478912e-01 2.330463016474217663e-01 3.719554155040147997e-02 -4.989732437328095460e-01 -5.634731235747374445e-01
2.886157440889959291e-01 -1.476939497537960722e-01 2.845581434918786901e-01 -3.063267684160174420e-02 -2.383372915425653327e-01 -2.810323360130498882e-01 2.241304329352906688e-01 -3.281206940883890644e-01 -1.601146788496147222e-01 3.612672233861176085e-01
6.966109595291801737e-01 -4.808347776766461745e-01 4.770114053129441700e-01 8.243404421268458737e-01 6.135969768776624589e-01 -3.279056020536904453e-02 5.270397361120620072e-01 6.937625743417300539e-01 5.925527215934138781e-01 1.054696561845762937e-01
9.283547975148079279e-02 1.169543165530592538e-01 4.651117810000298114e-01 -1.453369377838779897e-01 1.895177034163937346e-01 -1.986253596940377730e-01 8.906911920364005142e-02 2.674291316295346332e-01 -3.742133696461046877e-01 -3.583018737030895795e-01
-3.585200803815677406e-01 1.338948077755045818e-01 3.858333281385291635e-01 -5.825381437520322780e-01 5.714480659617573455e-01 -1.251694071806029596e-01 7.223005985624209035e-01 -5.616904345767009810e-01 7.501411053484996483e-02 -4.125323454086580327e-02
1.625079758009236319e-01 -2.268269675506217886e-01 -4.321615287782496484e-01 1.419105758541433504e-02 4.931169962932189371e-02 -1.092190978730579048e-02 3.970766587669181669e-01 4.136722323500671705e-01 -3.087007955177176188e-02 -5.383573612923686635e-01
3.066132511753027479e-01 -6.179460403588514783e-01 -4.779099027318204906e-01 2.996735513880926377e-02 1.564209223416712924e-01 2.935777142796600625e-01 -2.642891138551142771e-01 2.019762708898766856e-01 -2.719413655936103735e-01 -4.045827408907023415e-01
-3.770941619965060415e-02 3.731334393180866793e-01 3.228203653292971986e-01 1.860343274563975857e-01 -6.204156499105711875e-02 2.232562830692328970e-01 -3.273317413298629797e-01 1.862934822022148107e-01 -7.445204873508658606e-04 -4.242876085480102866e-01
2.513848698541633064e-01 -1.878077739821986947e-01 -1.581813688850466915e-01 4.529738253093000822e-01 3.887036635667150408e-01 4.635668674434521574e-01 6.960777939038774731e-01 -9.213919868223102716e-02 -2.958156225741895295e-01 3.383947431149566532e-01
-5.158032901781645085e-01 -2.223918770620754715e-01 -5.251331559490531042e-02 -1.417333133563163095e-02 2.635192631544786557e-01 -2.586854116664338288e-01 7.574962392955866819e-03 -1.855524710934854660e-01 -2.877268592095484356e-01 2.419502142679137158e-01
-1.927052692926982391e-01 -9.970470461722752420e-02 -2.939411908715196531e-01 3.247959975370041663e-01 1.943730808441538893e-01 3.674112030934190698e-01 -1.672768703514735389e-01 4.541435041860039656e-02 -9.715151536618397282e-03 -3.664925912523606111e-02
2.200624426981176718e-01 2.400211712018740784e-01 1.776205785953344218e-01 -2.186526173541785689e-01 -3.692371000939456138e-01 -2.454069858669620796e-01 2.255903199111429780e-01 -3.254174716165563752e-01 3.595695751027629394e-01 6.648980489081794676e-02
-1.011836531164629947e-04 5.334219171256786574e-01 -4.412469417798219884e-01 4.753419200607060247e-01 6.468680560611902441e-01 1.771494101725976378e-01 3.226858427918973815e-01 2.758668349588250246e-01 -4.691202670563214827e-01 -6.464658576712077886e-01
2.912980009347709842e-01 -3.835572638174840621e-01 -4.174292390580514045e-01 -2.398357791525277671e-01 4.868326184743985707e-01 -6.249749060168030557e-02 2.159309071326646554e-02 5.342609561970448340e-01 2.701154286476096789e-01 -2.546700288590441064e-01
-7.330174083006374408e-02 2.998849895504330787e-01 -2.529540928141862377e-01 1.813615472152171060e-01 -5.145138566861325868e-01 -1.676848684147805024e-01 3.093045857186966785e-01 -2.768408846416646751e-01 6.716542105610424640e-01 4.545694017463809411e-01
-3.678803713448576540e-02 1.017295495282597995e-01 2.410751917226446606e-01 2.194188766128939982e-01 7.964245002407746576e-02 3.873223554950208092e-01 1.787598700974268318e-01 -1.022626663926121254e-01 9.494936225275896202e-02 2.792363887727220551e-01
