6.313416605522955694e-01 -8.040453889245148256e-01 -1.148941970109259858e-01 -6.217648649384059922e-01 3.247871231671802250e-01 -4.557911365993165820e-01 3.498120556434631823e-01 5.937733954448873863e-01 8.031276538420414335e-01 7.103489865695306049e-01
1.500530780457537128e-01 1.209623191375438223e-01 -3.913833440466614744e-01 4.038412641931370395e-01 3.989049033120011800e-01 -1.106026400723257447e-01 -2.516747356702956906e-01 -4.325430475797344410e-01 5.183169645645276935e-01 -2.690728345146361500e-01
2.831512016104550944e-01 4.445324135834322066e-01 -2.090816242907619915e-02 6.620966131071228666e-01 -5.745546315714048502e-01 -2.959654690400548849e-01 5.623844204642342026e-01 2.471395354038080916e-01 6.832798655323958359e-01 -2.661209679426393415e-01
1.459524062854279103e-01 -2.835366955852466897e-01 -9.399557316611381608e-02 -1.001446304620978306e-01 -2.259654908810805052e-01 -2.678899546940276544e-01 3.183511268466012178e-01 -2.830200974027501371e-01 2.211615555167905645e-01 -1.381829435808689388e-01
4.909424866203505530e-03 -4.104077073343544158e-03 3.876379168759433447e-02 -1.449992495324586676e-02 6.820214004954418263e-02 3.357414668612918041e-03 2.811672058422070089e-02 5.321677719794062900e-02 -1.175782771106016235e-02 2.668396852474152342e-02
-4.456573130762659374e-01 -7.479735749150082658e-01 -4.086486578583094914e-02 -7.937484586893160943e-01 7.023199866927186674e-01 -6.936999366949515577e-01 5.534661425766012055e-01 7.112370946273537387e-01 6.750506863760941112e-01 2.298277000226819355e-01
-8.176647130017394849e-03 1.259384867251913120e-01 4.474348308972970339e-02 3.541557209527678492e-03 -8.318981859228573306e-03 1.543020086591040396e-02 4.804006582469998177e-02 -4.226708541447511853e-03 3.755016464652853603e-02 -5.768792902424618556e-03
-5.359795545916269388e-01 6.822036438076444220e-01 7.692007781210483119e-02 6.876577641507378713e-01 2.269188205596989472e-01 -3.250046260023916056e-01 -3.845049455918608250e-01 3.211312507442991016e-01 -6.057904499585986535e-01 5.616977646090510756e-01
-6.869452581639848288e-02 5.918790969222152976e-01 5.525616059356214249e-01 -5.618052236510843178e-01 -2.797664954932099213e-01 3.701527588652817613e-01 -4.244048996412366215e-01 7.189711795005535588e-01 5.180197592733561951e-01 -1.894865848586902157e-01
4.224006913623043306e-03 -4.480454429048098298e-03 -5.452587283569390250e-03 2.051078005348087180e-02 4.254819134542025399e-02 1.412288741344266962e-02 6.962111990326630591e-03 3.242947970436414057e-02 2.624031630659342737e-02 2.181157718064815482e-02
-4.003745331964271570e-02 6.425173022712715731e-02 1.129312227214496894e-01 -1.533592391395159071e-01 2.786275517687135661e-01 -1.716790346387681021e-02 -4.173831416047701914e-02 -2.974436054626003467e-02 3.639286769772284019e-02 5.702018781303049011e-02
3.429759502189095866e-01 -3.194187382179506929e-01 5.927588088557491641e-01 1.867820157826229066e-01 -3.493393810000069988e-02 -2.093393784932502666e-01 5.412273802126741362e-01 5.064197819069713447e-01 -4.540401327235915052e-01 4.091187120235980079e-01
-4.311941473730608876e-01 -4.187505293564501574e-02 4.538807303459555520e-01 5.943450842668979162e-01 4.685712811009473122e-01 -4.841427611154629496e-01 2.089234645317374073e-01 -1.360566702947645090e-01 3.210688979400366239e-01 -1.319601216167202995e-01
4.255895005535738074e-01 1.939587264253970211e-01 -4.657736648482905251e-01 6.458116674366446430e-01 1.762282421902988117e-01 5.365323220627554041e-02 7.465242388738391188e-01 -1.666102909743268079e-01 4.139359000447903614e-01 2.834313237865209723e-01
3.125684703290266264e-01 -5.521271245401954131e-01 3.540914051771906768e-01 -2.380688248702652055e-01 2.913528733710145091e-01 -1.831989455463345629e-01 -4.578733630009473310e-01 -1.688280203736110818e-01 -2.003539639258163640e-01 -6.892053212676242380e-01
4.746723432078136075e-04 1.740393322392664102e-02 4.433050319476922879e-02 1.460168442108715492e-02 -3.453467777695008864e-04 3.374259997404735478e-02 6.713896831624047851e-03 -1.507989693754107925e-03 2.592746193269564181e-02 3.827053583106753559e-02
-4.820905891517581199e-01 1.214289857282898066e-01 -6.073640463035011594e-01 -5.272470148242688337e-01 -1.115047654450247901e-02 2.336003560323228478e-01 -3.764694152804452104e-02 4.048860199285371775e-01 1.069663804801727486e-01 2.368299657750964626e-01
8.299521604749706682e-01 -5.337937070326985722e-01 -7.693932685064233112e-01 4.701992997245337258e-01 5.952912759608643967e-01 3.149017280431208876e-01 1.117141182413363965e-01 6.656109979918862773e-01 8.041915898940735774e-01 -4.410878625645076045e-01
2.414893837522143205e-03 4.322979528581017555e-02 -5.965225937910947351e-01 -4.802595486406314174e-01 -5.822571180344682240e-01 2.880064955487639522e-01 -3.665965603695318098e-01 6.662115027250310462e-01 6.820198425920599716e-02 1.302170897591610650e-02
-6.752827286540061258e-02 3.020719772631564326e-01 -1.526094737279784508e-01 5.502450750838110138e-02 1.842080346840768712e-01 -1.063971804406581012e-01 -2.641098712119054892e-01 1.986986484891192506e-01 1.922606385963705755e-01 8.881163129343932344e-03
9.982458345509970937e-03 -5.601460345015032288e-02 -2.643391754685164297e-01 3.947165811932420998e-01 -4.463236526253034908e-01 -2.940348521798579265e-02 2.043522743048216128e-01 1.763782567679410274e-01 -3.311464859888408330e-01 1.949460800598156462e-01
2.951686682237858461e-01 -9.881175826657566386e-02 -2.841642396137247784e-01 4.285565464684741310e-01 2.827295422332122277e-01 1.709808328420774348e-01 2.343179041046064282e-01 -8.748658335707890088e-02 -1.355512068987275998e-01 -2.206378961081701118e-01
6.897819512194962310e-02 4.689119051084700285e-01 -2.571083066231241165e-01 1.954307674702199793e-01 2.894444070931733171e-01 1.508047418320118127e-01 1.135141730096738966e-01 -1.006669668873578782e-01 2.756069406708176461e-01 -7.496593092939772551e-02
5.224233997940473939e-01 1.110105979935972625e-01 8.169230330193899547e-01 -8.844540123025038669e-01 -3.957704162167697270e-01 8.730650102702865178e-02 7.583262953563951747e-01 -7.728109627376938962e-01 -2.097101257588751266e-01 -8.091946847263743470e-01
-6.325098673412656858e-01 1.847307750302655538e-01 1.039164514645453050e-02 -6.661924421312900857e-02 3.389709225290822303e-01 -1.417980332805506838e-01 -6.917617144818725139e-01 4.723710222157436744e-01 -6.580045405174448359e-01 -6.166365214654540017e-01
1.432347735548831005e-02 -8.067892971691684179e-02 -1.774691590970201710e-02 2.683434597461044069e-01 -5.159793313468572507e-01 4.575446713333816140e-01 -2.216608700721069136e-01 -2.575830392566154023e-02 2.365918679220269105e-01 -1.175476663873730870e-01
1.712516526571049025e-01 -6.255786945577445080e-01 -8.112093428570862352e-01 -8.156553195061318207e-02 -3.102255036800868337e-01 -7.991957842023595937e-01 -6.676425353210840852e-01 -7.254459272245689094e-01 8.645350666975276654e-01 -5.170672771498138198e-01
3.745962455226054533e-01 4.809030891993914536e-01 -4.088924263482559412e-02 -2.716998072023167343e-01 4.437865573604665714e-01 -2.960583113764689300e-01 5.224563360051946992e-01 3.581898934538776391e-01 1.579994807141989477e-01 1.409972145213171379e-01
-3.208123039951028543e-01 2.854402163996425101e-01 -3.393098630086218565e-02 3.054179175157214696e-02 -6.948295564205658748e-01 -2.488626139600307041e-01 3.294389618882355153e-01 -6.595504630090673892e-01 3.901679213979238336e-01 1.540851442680892360e-03
-1.760509866420014169e-01 4.830881178607038251e-01 6.177403103327210321e-01 -6.115025852886276508e-02 -2.391174199558696034e-01 -5.462296393505675640e-01 -2.584039099952148422e-01 -4.189551217365667934e-01 5.279370625863537558e-01 3.701896115422533828e-01
-3.792694254308943136e-01 -5.506541582232524767e-01 8.700634874497126248e-01 6.491095751669012648e-01 5.147406035044795880e-01 -1.406355140845414187e-01 -6.803501486719045754e-01 -8.189487367407478902e-02 -5.836237588279485911e-01 -6.622400133370360820e-01
-6.637132247847979394e-02 -1.103772062431506579e-01 -6.963198530676449893e-01 3.363141435176024152e-01 -3.831774959707892059e-01 -5.937559995168296689e-01 8.053109695542853830e-01 -1.495509104481845819e-01 -1.335562479877500097e-01 3.499188447171769356e-01
-1.486605751125094077e-01 6.114695142480146561e-01 -4.922951664113459080e-01 -6.714399224930404086e-01 2.500224857687937674e-01 1.304766295397228604e-01 -4.082181632192052878e-02 2.470752154965817349e-01 3.155001839318974932e-01 2.566154637131917160e-01
3.145087520731535413e-01 6.445425351252022095e-01 -2.229143725593089320e-01 3.613452780138728948e-01 -6.385446269448568080e-01 -5.900875595999578449e-01 1.077443770831201797e-01 1.998952625109554349e-01 -1.134315518333252754e-01 -4.470964202130116583e-01
-3.262959079915347255e-02 3.135926339145402864e-01 3.546545974362037557e-01 3.150434842792639301e-01 5.195310538077470008e-01 -2.857867826756456120e-01 -3.730351810240881694e-01 -5.669616567950998276e-02 -5.666958825171707348e-01 -6.115123980246493091e-02
-3.548016298089804454e-01 5.961378175068028362e-01 2.697191164687671172e-01 4.351230996490164649e-01 4.135268204770841116e-01 -4.499543528540940196e-01 3.629054798110589730e-01 -2.721169927801376232e-01 7.220587710671936277e-01 -4.255020078108289749e-01
6.222980823806164435e-02 1.822229648877346855e-02 1.860261383812512881e-02 1.922717439280168883e-03 -3.770764902580960292e-03 -9.397944796522133062e-03 6.241631658321433913e-03 1.027653738441463571e-01 -4.215984710938874488e-03 5.184704871523354401e-03
2.310736935213059673e-01 -2.441183256598623147e-02 3.340299575166667118e-02 -2.761078661698541103e-01 -4.117820989853296365e-01 -4.864735485380340327e-03 -9.517573073297168340e-02 1.891568623438310559e-01 -1.363327108477587757e-01 -4.147305414400587753e-01
3.855049493418046258e-01 -5.525754949066262744e-01 -2.886358322764314699e-01 -7.074855451353070368e-01 -6.916345393342621106e-02 -7.040969851815573888e-01 -2.022759933597508553e-01 -6.358628611691365951e-01 -2.233341089495106263e-02 2.984556798327832605e-01
1.488962338374172530e-02 -1.465186074840082453e-01 1.076890272810957123e-02 -5.116843282193640763e-02 1.502645375586648402e-01 5.191513197614462671e-02 8.406786273102420659e-02 1.455779482785877210e-01 -5.200538555184717332e-02 1.051494705882582564e-01
1.249068569820314112e-01 2.575764954065616896e-01 -4.940230762694629990e-02 8.287484835258276950e-02 -5.962293087135295960e-02 2.230077758383202102e-01 -3.550695484963538595e-01 2.135439972953813992e-01 6.751391816802224631e-03 7.578048194577677310e-02
-3.971945420633624102e-01 -4.587321163023814347e-02 5.850738365139861452e-01 -5.200387038297345221e-02 -2.580189098823149063e-01 7.203226829274176346e-01 -3.192186517324341333e-01 -5.333615773955144856e-01 -4.090766353006394795e-01 5.382604502211916220e-01
5.815085989072161787e-01 -7.822448876744841906e-02 -2.600208567203277088e-01 6.633668313673667383e-01 -2.622243032990612122e-01 2.524276189515829716e-02 -7.766487398843259227e-01 1.493993085402788301e-01 -5.359354021978911531e-01 7.429627599890122891e-01
2.678080488468781439e-01 1.927567109579567672e-01 3.715247798028935115e-03 1.301230569980638407e-01 -8.802628785315565196e-02 1.194111554062735406e-02 4.529987412920461615e-02 6.751264851388914801e-02 1.305348038342548367e-01 1.625294517919144144e-01
-5.192532120910369198e-01 -8.485958034916692982e-01 1.525652198296468254e-01 6.031545477577150427e-01 -2.737773830426640242e-01 5.907561505936268498e-01 -8.413482602734495552e-01 -6.941056805106339544e-02 -6.886893277465518937e-01 6.388440111053419468e-01
-1.912555683444959811e-02 4.146690940535562725e-02 1.215148156507439153e-01 -4.103525881728048441e-03 -1.241616213717545159e-01 -1.174579660621381250e-01 -1.643571039608104634e-01 4.002349517411463858e-02 -1.315287211184835159e-01 -9.613527967799359586e-02
2.047111279597481071e-01 -2.411813983533385997e-01 -4.431214048414307549e-01 -2.974381126275168485e-01 4.299755791288883966e-01 3.702115195873198483e-01 -2.040391060049231708e-01 -5.515379187231088665e-01 -5.254897954783062097e-01 5.037194286888574402e-01
2.955323010378588799e-01 -5.368569821323441182e-01 -2.610398051192752700e-02 -3.590779659036257843e-01 9.736183359832940865e-02 -3.101478962881542012e-01 -4.454012741532030750e-01 -6.935968194800747055e-02 9.590447100123309157e-03 1.895885580760000022e-01
-1.327179255734446950e-01 -3.295105861793633517e-01 -8.909809849895332368e-02 9.820328656422283586e-02 1.439305463821700104e-01 2.499404920892724369e-01 2.807901587110485098e-01 2.420633760874041918e-01 1.570490643379735263e-01 3.366920410632306959e-02
-8.600907837047192528e-01 4.483596426847544225e-01 8.966907799166784487e-02 7.371255097877436047e-01 -2.700168701048484832e-01 -3.187811692720345924e-01 -1.521180531956866644e-01 7.657409248994536677e-01 -5.106537912448547156e-02 1.414421093128044593e-01
-2.543278871574620181e-01 8.502075692158611586e-02 5.709035785297194021e-01 -4.069496998688731382e-01 2.017956176310944649e-01 8.139704077876815935e-01 1.967681476730273327e-01 -7.944335764920181300e-03 3.399505279623550313e-01 -4.181459343110957572e-01
1.082097432139107404e-02 1.701556952117394550e-01 -8.763672858378321329e-02 -2.098223357340306405e-01 2.366096188860488392e-01 -2.813664615554281601e-01 -6.513544428626645566e-02 2.124576180720080809e-02 -2.487346859709065744e-02 -1.840674893399319167e-01
6.586773172078524974e-02 -7.154929534009396574e-02 1.504847192745585593e-01 -9.776677278325962214e-03 -4.700737805677932674e-02 -6.847621016699519114e-02 -4.667811065102436124e-02 3.360413392464374482e-02 -1.918678649666038794e-01 7.229053546373845340e-02
-2.881152991487007098e-01 7.733946916436782448e-01 9.216699144443535330e-01 -6.243297371659646267e-01 -1.050724229670594034e-01 -2.729168933525232266e-01 -3.115929901262655677e-01 -2.181579788339302606e-01 6.846483424303457799e-01 -4.219594871899522981e-01
-3.432692158126356974e-01 -4.377319287727086117e-01 -4.473461332090419296e-01 2.765633556144745930e-01 -2.325700556077560099e-01 7.240089240846876439e-01 -2.140065682288686266e-01 -5.167629615926024877e-01 7.621858082375274068e-02 4.450711686218856156e-01
-5.079600000695243533e-01 4.423174777946337066e-01 5.398911544917910366e-01 -3.209539048623968327e-01 -1.573765958717997238e-01 3.167161670941110452e-01 -3.199983214232219875e-01 2.318306540733342802e-01 -5.812224097684696167e-01 -7.138264598009149697e-01
-2.427272314448782053e-01 -4.626570037324553297e-01 -6.405116201125895525e-01 -4.163908551905805000e-01 3.895535989586302872e-01 -5.502437748076041135e-01 5.151696464337754411e-02 -3.257321897687168732e-01 -3.750652194521739702e-01 1.572197565062014024e-01
1.712629301657030839e-02 -5.441368092082661534e-02 -2.665795366215911733e-01 1.938708836246806066e-01 2.292236251976357067e-02 -9.800426419155965074e-02 7.152380363908845962e-02 -3.276460019515355093e-02 1.168296212099490111e-01 -2.602216814821587398e-01
-2.737758559159723659e-01 1.668216776948739932e-01 1.988737064047186309e-01 -1.606482935305375559e-01 -5.941383288783561589e-01 5.670963916658409154e-01 -1.324663962000714457e-01 4.507187224182126473e-01 -1.811123287275259730e-01 -5.589209208857434108e-01
1.006564071919980180e-01 6.960803808131039994e-02 -9.152218510022057732e-03 1.542424413951373752e-01 1.403357238011857799e-01 8.553970504791895413e-02 5.956812428451335739e-02 -2.445612543633165353e-02 -5.362995241627174781e-02 1.343485139599832207e-02
-5.670314752382809020e-01 -2.828306607197169642e-01 -4.578927299451569510e-01 6.340715501160517631e-01 -4.810894509996481716e-01 7.001524095173838891e-01 -3.447450494185883563e-01 -4.663532299613261656e-01 4.831910563656854896e-01 5.614851868639390009e-01
-5.395587908543074684e-01 -7.970518216607917761e-02 3.624020016648008546e-01 -3.627544710534895151e-03 8.205305613231520523e-01 -2.673997082311921902e-01 -2.285313570978454167e-01 5.787823792342229323e-01 -2.558632650214496818e-01 4.236841764295598556e-01
-1.618189842925469579e-01 -8.168296882982138685e-02 8.607639237580744229e-02 2.592145106712015479e-02 -6.338946667679579150e-02 -4.291967031155249218e-02 8.962008430981867335e-02 4.554102765117666249e-03 2.787756685264893702e-02 5.695602117260845781e-02
-1.281324887016727920e-01 2.494238980781955661e-01 -8.668845879949999694e-03 1.109485242248405140e-01 2.260526281393914205e-01 4.799698272259193821e-02 -2.202122212988948668e-01 -1.611119907884513425e-01 -6.773745034077090221e-02 -1.250238943056976859e-01
1.206622110691315045e-02 -8.706855446692561562e-02 1.141092785999552571e-02 -1.922866111221851193e-01 1.259814723813792448e-01 1.143609780128631709e-01 -9.309271485267155144e-02 -3.180264708353335301e-01 -3.041772984018716874e-01 -6.106226305898959650e-01
5.313686971114210955e-01 -1.368548459460275923e-01 -5.364993374889723832e-01 -5.754193078530239758e-01 1.335284689436643801e-01 8.775571470266452234e-02 -5.337890208815614379e-01 -6.601067629037024598e-02 -6.393809653887824185e-01 5.235383603396154273e-01
4.645575692515208632e-01 -6.389915467173047370e-01 3.800815663695960023e-01 5.771549238822887284e-01 6.330792283709868462e-01 -3.033269294060985666e-01 4.037779609777959466e-01 1.675093086543780752e-01 -1.183558911433906825e-02 4.832722250074308890e-01
4.347400857361168325e-01 -4.558931067120011171e-01 -4.127633298295319553e-01 1.770420730622155048e-01 -1.408772303201202558e-01 -4.211705494759480639e-01 5.211304718010009163e-01 4.345803474724186377e-01 -1.307636354004373114e-01 1.154313822363251113e-01
2.057193857153814531e-01 7.936356906030644920e-01 5.073667121303140348e-01 5.998028659829420794e-01 7.213943927882474627e-01 -8.024894385155048049e-01 1.667361088180951689e-01 7.993435801986233935e-01 3.091219357680213831e-01 -8.721314876895898127e-01
3.172507298542523446e-01 -1.307254325809662776e-01 5.918132257904552829e-02 1.451886187082323532e-01 -2.105810797933596601e-01 4.309611838300468345e-01 -5.123696948874639084e-02 2.295941182425287053e-01 1.510223356657147964e-01 3.355812785960574085e-01
4.448948909101727578e-01 -5.626424350559910970e-01 5.688982718458976962e-01 -3.558827696722709488e-01 -1.857505155968454946e-01 -1.590004689019378914e-01 5.514490814867636370e-01 -4.569339493988182621e-01 3.299765665748611854e-01 -2.408896728332577397e-01
6.766831116291682768e-01 -2.550119763092115743e-01 -7.074041589036689226e-01 8.933180694955038526e-01 8.629310080126813276e-02 9.338421767731063250e-01 6.929491458560049777e-01 -2.708526344328834323e-01 -9.291744261183261522e-02 7.890145974115725380e-01
-2.191383085067183656e-01 4.085929823592754188e-03 4.761684814678476124e-02 -5.380210126258274661e-01 -4.388887950267983951e-01 -2.350534594631048246e-01 2.337327067889142518e-01 -4.140286117556589152e-01 -3.055408496528619899e-01 1.483514276602997950e-01
6.763348870335835275e-03 3.863095224295863550e-02 6.432007175180483836e-03 5.898557558679265456e-02 -3.395506571055213058e-03 5.260528284346585592e-02 -5.131096704065696507e-04 2.683291237067897406e-02 6.728725504603332713e-03 1.690670390026724826e-02
-1.214184194224282309e-01 -6.066679610584796434e-01 2.842725932100459429e-01 3.060246122217016168e-02 4.831805945932604596e-01 -4.573778576005462226e-01 2.396824776753811170e-01 -3.982126431179521253e-01 7.173604279006025042e-01 4.416567089825189640e-01
-4.840203136779531734e-01 6.648076822079954651e-01 -1.045323977006843569e-01 -1.664348467166975876e-01 4.638445977580127333e-01 5.164196192815937447e-01 2.630171183399592771e-01 4.641087617416563282e-01 -4.692997064063073043e-01 -3.984559324168976957e-01
-6.970077373191242709e-02 -4.494830222235490225e-01 6.472800476982831785e-02 -4.708061569130923829e-02 1.796902407504907540e-01 1.733284646882417290e-01 1.302816429992172953e-01 4.333164586656080286e-01 -3.061595424899111739e-01 3.527490683447561115e-01
-6.790996605945290865e-01 3.939556143746317796e-01 4.495969380220039557e-01 7.225820668420414039e-01 1.316549201577509043e-01 5.909998509099775310e-01 -1.918493072815836142e-01 -8.961744563487614168e-02 7.071011003098447434e-01 9.223977631504817754e-02
-1.497573031276685229e-01 6.272063527015308004e-01 -5.637616429570344589e-01 1.928215939893981046e-01 3.081200660983612893e-01 4.168893880731558421e-01 4.020224409099007468e-01 1.164358013827283544e-01 -4.268629132770594692e-02 -1.583548437238899986e-01
2.215398458492124842e-02 -1.350220001946847090e-02 1.816473750574759335e-02 4.083694451403700049e-02 5.894301276876966894e-02 3.342036934601869819e-02 6.311811054562543356e-03 4.280640263087027303e-02 1.001629542806836692e-02 3.304676717992357377e-02
-4.910700410860975862e-01 5.959305082120508468e-01 -4.898069043026215263e-01 -4.983505877107871629e-03 5.719434491353706518e-01 -7.485187482102787504e-01 -8.000267049744034242e-01 2.633534656677627983e-01 -3.391843719399409429e-01 -7.036309080644534975e-01
-2.269595912719072905e-01 -1.986295527348922729e-01 8.877699953072729078e-02 1.429902133632794392e-01 1.568128082974887261e-01 -4.416338843311568563e-01 1.187320881903552588e-01 5.926710018012746328e-01 2.239147540370567402e-01 -8.610296003711415125e-02
-5.444608185998743854e-01 1.980826814338120523e-01 -8.127445562754191943e-01 -3.339353250937969753e-01 -6.751499381602172889e-01 7.821882852164098454e-02 -8.328448832529051771e-01 -5.077039283919901891e-01 7.984817485289185113e-01 6.888384726339169539e-01
5.113554086228136453e-02 5.982797850176941462e-02 8.524053330995273736e-02 -1.427343044187523724e-01 3.935463041652113858e-02 -6.017309465321125234e-02 -3.291150309060477536e-02 -3.756078356504650995e-02 8.349974072390537599e-03 -3.806829724517088540e-03
7.923153496940557594e-02 -2.110613782051009302e-01 2.955375348938665270e-01 4.368497985558590924e-01 -4.896988714960027189e-01 1.768721125062124033e-01 2.379888100314959676e-01 3.862666713318763795e-02 -5.041475157423256359e-01 -5.694927089998206293e-01
3.156524264652814105e-01 -1.696565302223002059e-01 3.106824843686988857e-01 -3.560497681049601404e-02 -2.546244709316283772e-01 -3.073745053246597636e-01 2.258081227715420247e-01 -3.682882435284114409e-01 -1.770527920594816562e-01 3.916019610068326440e-01
6.966699471014309308e-01 -4.810020315483377606e-01 4.774142718401275798e-01 8.238827839812971066e-01 6.140803003728678711e-01 -3.251215915046009458e-02 5.268061787076544489e-01 6.940229156963517720e-01 5.928746314752633140e-01 1.057143856857003517e-01
9.164419531202898372e-02 1.179638297207632192e-01 4.601041788421941781e-01 -1.469039279446112123e-01 1.920050412667379525e-01 -2.000596564242375919e-01 8.932820427113827289e-02 2.704200552428659421e-01 -3.768937607425843495e-01 -3.609336215528865521e-01
-3.613999186660197260e-01 1.335385696621285700e-01 3.874604764153261049e-01 -5.844497897604374881e-01 5.736862092803127755e-01 -1.282764204907017314e-01 7.251204388661468547e-01 -5.636348917432144612e-01 7.541876536135887210e-02 -4.108547549088729933e-02
1.640112617011035279e-01 -2.366056597492525448e-01 -4.432856318966429399e-01 1.700950087278874437e-02 4.809850207832899738e-02 -1.806507859936366464e-02 4.045040367363679223e-01 4.298462270231979687e-01 -3.682891395791768746e-02 -5.604933541080704407e-01
3.086607707468517203e-01 -6.212451818193829300e-01 -4.825590238918630592e-01 2.962650672540899713e-02 1.586189609446771731e-01 2.954634307605021326e-01 -2.649349387963579328e-01 2.038820644323356968e-01 -2.772679265296542628e-01 -4.066348626623812468e-01
-3.919731781400696835e-02 3.755501715992674017e-01 3.284675854589925170e-01 1.906889812214817015e-01 -6.584814156302454258e-02 2.238537539012765698e-01 -3.328124501545306479e-01 1.890628257097087261e-01 -2.060421625364798354e-03 -4.362426752449671818e-01
2.530679851354409871e-01 -1.882485438832876279e-01 -1.605053824309496113e-01 4.556666727053527155e-01 3.905281964458094945e-01 4.624636706197819969e-01 7.007191060236211966e-01 -9.138068713876910942e-02 -3.003048694881758629e-01 3.377581417632790628e-01
-5.191793605681095380e-01 -2.298478397504471471e-01 -5.304545507774230395e-02 -2.194130373241325385e-02 2.663630103558855544e-01 -2.720364963100724842e-01 1.144365273741273364e-02 -1.900690077907282172e-01 -2.883969981641593128e-01 2.446918331547686398e-01
-2.012739665087200092e-01 -1.173083200237306223e-01 -3.137621644993185965e-01 3.635977967340632833e-01 1.993829502464630199e-01 3.909409997220186783e-01 -1.953250595035042336e-01 2.806193287116644924e-02 -1.575852558876766549e-02 -2.748824963070035932e-02
2.262508923704500408e-01 2.400059014942803604e-01 1.822377576941981159e-01 -2.216650283997093074e-01 -3.758889324498381201e-01 -2.489698845869976473e-01 2.230348545411686978e-01 -3.325234784324020421e-01 3.667768721862104120e-01 6.865206393516597172e-02
-3.678738979275941018e-04 5.337644179380608422e-01 -4.418062363740059562e-01 4.762297164470660205e-01 6.484229559281807775e-01 1.775782952374216628e-01 3.204407924966545806e-01 2.759399224196827927e-01 -4.698371684820763505e-01 -6.475047151054169614e-01
2.973619636016106571e-01 -3.906864478403783147e-01 -4.302438553867970472e-01 -2.441230817738660186e-01 4.967570361619172981e-01 -6.780804348820951288e-02 2.229351692181978303e-02 5.441168478470053138e-01 2.754417023524594055e-01 -2.608016970033507076e-01
-7.530883915626314373e-02 3.028316214512657978e-01 -2.555482336018516931e-01 1.809511594077988783e-01 -5.173487575537573102e-01 -1.673563240770749860e-01 3.094541150091187909e-01 -2.758781700414789095e-01 6.756541569728026220e-01 4.584095544222358543e-01
-5.576686613987948127e-02 1.075740721621947088e-01 2.642766076792915086e-01 2.321312631259591364e-01 7.879476063358491211e-02 4.165359231796202377e-01 1.875855399568889526e-01 -9.710389116597512027e-02 1.030126928278077003e-01 2.979424425417285249e-01
