6.281280765698551427e-01 -7.908745938856271973e-01 -1.144635090361318941e-01 -6.186552657768024099e-01 3.210272186003067518e-01 -4.557766637390360254e-01 3.528215918320661837e-01 5.918848507556045968e-01 8.054189000282905297e-01 7.069759081925609534e-01
1.489287226752097626e-01 1.206396927181093981e-01 -3.856183788555380132e-01 4.049043416449171762e-01 3.948402468767300832e-01 -1.070580022306632240e-01 -2.524246645217858021e-01 -4.296539598609360189e-01 5.158812151830556303e-01 -2.689102173547527896e-01
2.778575088676679683e-01 4.412899498955055733e-01 -2.003029245176571327e-02 6.553271821616236670e-01 -5.666757339787960035e-01 -2.938054135280087631e-01 5.538443577375817828e-01 2.537136013807226864e-01 6.821651099129096840e-01 -2.664249904975892758e-01
1.825946340490565423e-01 -1.475798853062739724e-01 -2.238414189285386699e-02 -2.814261426091900845e-02 -1.219088158554756801e-01 -9.110456050978238407e-02 1.465048349210801570e-01 -1.185545478882308740e-01 1.056330916431047068e-01 -6.432282903724534373e-02
-7.601928491975084787e-03 -2.256337713137734815e-03 8.381035675413769925e-02 -5.755209885602212937e-03 7.948352622433697834e-02 2.795450238673653082e-02 1.223247190769827936e-02 6.350283842180430571e-02 1.522743513159599375e-02 4.191291231304197090e-02
-4.455954037676914115e-01 -7.467167281335805873e-01 -4.072236193409163596e-02 -7.939369955101757137e-01 7.014873741754547032e-01 -6.939189514949737347e-01 5.530553658624532964e-01 7.123275329361359320e-01 6.743074971203714130e-01 2.296977410208278225e-01
-4.848055055667903866e-03 1.657171183351340282e-01 9.046069659557307019e-02 1.628337901418016806e-02 -1.489312846101427563e-02 4.771331982188827849e-03 3.761273823247966719e-02 1.802092900338830503e-02 7.781712175777644180e-02 7.071538933265579009e-03
-5.348080948300983906e-01 6.800753074877609050e-01 8.278671978510013241e-02 6.851977575794845343e-01 2.255344802731634735e-01 -3.245035337416051768e-01 -3.837671818731200335e-01 3.200945585116620196e-01 -6.045749291922433155e-01 5.596140186342959399e-01
-6.974171115623027661e-02 5.905965417662277783e-01 5.494067280806168574e-01 -5.612394042510326919e-01 -2.798698063328732832e-01 3.677642144751250286e-01 -4.137081285126352204e-01 7.202205362430429414e-01 5.174948411434827644e-01 -1.894791930312642592e-01
5.290279138298799658e-03 -3.664615972274132705e-03 -1.138824871496493980e-02 3.344250625785268050e-02 1.092888279918840660e-01 6.117326409430506179e-02 1.348005837449828791e-02 4.188347623307259182e-02 3.347934832837789337e-02 1.077790596399580934e-02
-4.765304783063681326e-03 1.173700668904275463e-01 4.717137272725249048e-02 -4.413922818258780856e-02 1.956788220697305569e-01 2.872732659916976336e-02 -2.410011442304484455e-02 1.068745023414083457e-02 2.668729298253943658e-02 4.228047930010099542e-02
3.422647697548540924e-01 -3.188770398773123627e-01 5.955025102375889334e-01 1.864058482024780194e-01 -3.493784952113464237e-02 -2.090144412662535423e-01 5.402650217510163166e-01 5.067657689741232874e-01 -4.532631836292769778e-01 4.087002917897292753e-01
-4.213732083007198370e-01 -4.418224560088073599e-02 4.405449593051631307e-01 5.790346138298599898e-01 4.676303242500187696e-01 -4.547616544822245532e-01 2.075078681660298130e-01 -1.357350877432612624e-01 3.156887005801223833e-01 -1.273240710347485760e-01
4.145977320186106652e-01 2.024593717386291847e-01 -4.652262695510189228e-01 6.349581486288649046e-01 1.743106792477678579e-01 5.294013834210480746e-02 7.443799677464003617e-01 -1.598673636916608520e-01 4.120561337977161620e-01 2.894985545294301854e-01
3.108038822884159336e-01 -5.498659169338803165e-01 3.639854734137479286e-01 -2.359754415005538564e-01 2.922329817875243818e-01 -1.800367129608053118e-01 -4.541571114772740558e-01 -1.670964206532550844e-01 -2.015494848965552754e-01 -6.816260012662427314e-01
-1.570159954164935222e-03 1.515853239003643778e-02 6.149787242592490155e-02 1.814656106947593397e-02 1.242524686509077422e-02 5.655022599354030816e-02 5.386133015970202137e-03 8.345622436086131204e-03 1.504068279327461233e-02 3.770808204379051676e-02
-3.782130002010787861e-01 9.344706432979842103e-02 -5.190592410342081964e-01 -4.423593040117226316e-01 -1.511511133816724126e-02 1.848126283538295278e-01 -4.573812433363839275e-02 3.488794959547415475e-01 9.002282875725728384e-02 2.416406972509533291e-01
8.297674731500233047e-01 -5.337672721472269677e-01 -7.693720600453027858e-01 4.700892765535440443e-01 5.960062712683491526e-01 3.149311555839853782e-01 1.115673326094858558e-01 6.657051870851570241e-01 8.042207109604838644e-01 -4.411909263051503327e-01
1.321254860977167170e-03 4.149707268931135395e-02 -5.877434655318849455e-01 -4.763452509631599385e-01 -5.774728922723334490e-01 2.848482320054918082e-01 -3.635326137030878701e-01 6.723288574718344623e-01 6.691807444287804774e-02 1.282475659147218686e-02
-3.125472854240479020e-02 2.184441869675512737e-01 -1.262797624194464396e-01 6.126849638855704633e-02 1.909680425527854331e-01 -8.357925670178117938e-02 -1.772163670671830227e-01 1.154368836847453478e-01 1.292988855457012642e-01 6.214048255361521306e-02
-7.070771904418200922e-03 -5.462295424295685042e-02 -2.294929517186810042e-01 3.541596155560763903e-01 -3.965246227366946430e-01 -2.647596079421355927e-02 1.682738405868113574e-01 2.092548523644807423e-01 -2.953410455036901694e-01 1.632108794093169446e-01
2.706560399343886925e-01 -9.027499298380543824e-02 -2.010502878574639829e-01 3.955418019132002638e-01 2.589249263381739885e-01 1.612153469436396480e-01 2.022785801499440428e-01 -9.021034481384108961e-02 -1.227103682717875371e-01 -2.122412973106189149e-01
5.515182601800437678e-02 4.016251629058608108e-01 -1.818897772033557791e-01 1.650835151281549174e-01 2.447511170071596243e-01 1.251993131650721292e-01 9.817629037902061984e-02 -3.523175459971404633e-02 2.356674848249495635e-01 -6.775913597722235671e-02
5.222547397799760516e-01 1.115889879341579183e-01 8.166425657920768355e-01 -8.842742507215750614e-01 -3.956940150489790531e-01 8.720108673352605644e-02 7.579954069256875648e-01 -7.725790881886128725e-01 -2.091108689800263432e-01 -8.073763228863481967e-01
-6.266961539658290059e-01 1.823369447698285351e-01 1.315804238635623000e-02 -6.644581941159212468e-02 3.359292984346036737e-01 -1.316797459799515513e-01 -6.816241073787721039e-01 4.605933394860055596e-01 -6.511698331832813658e-01 -5.962896577472464044e-01
1.073331074212094741e-02 -2.018728426585706184e-02 -1.657098076773851070e-02 2.408826120303779739e-01 -4.799224578153091780e-01 4.087676419648278991e-01 -2.017867620316431132e-01 -2.463033061545916169e-02 2.137693381073652310e-01 -1.154862686125690679e-01
1.707715134182000438e-01 -6.254416369836919287e-01 -8.073703992920429062e-01 -8.182592648952190240e-02 -3.100814498167079880e-01 -7.991636910531035864e-01 -6.671567873021622130e-01 -7.252999225135862149e-01 8.635950404682227743e-01 -5.173780820724199758e-01
3.677609751005872507e-01 4.725543159011234562e-01 -4.058321264771848347e-02 -2.680125511857291420e-01 4.402903124075527308e-01 -2.733423023217215753e-01 5.121015015505746559e-01 3.508451404836876453e-01 1.541544451150738682e-01 1.383350151003349959e-01
-3.188481005417590497e-01 2.923365711089031538e-01 -3.611712387043655714e-02 3.173366212321209606e-02 -6.891440810058939714e-01 -2.338857238188088994e-01 3.329592356205153258e-01 -6.513327391267492716e-01 3.844525642993036341e-01 -3.162090868526072943e-05
-1.701595008755458494e-01 4.725548520053093893e-01 6.104886495550169156e-01 -7.376444353409063182e-02 -2.034608759342874940e-01 -5.374662120895623563e-01 -2.577255283464755520e-01 -4.023454883318766662e-01 5.157685750157967597e-01 3.538934518923033679e-01
-3.801574336562562606e-01 -5.366303892159655087e-01 8.693009798150548306e-01 6.503693820220816102e-01 5.091209409345035519e-01 -1.410369849018626165e-01 -6.747178199176587787e-01 -8.364436108013760529e-02 -5.762369158870043195e-01 -6.630107867488640450e-01
-6.686565376229872126e-02 -1.097003149751128448e-01 -6.902692586374443717e-01 3.331918949610176983e-01 -3.807934791067906777e-01 -5.756806529765137181e-01 7.955623041831503262e-01 -1.530392940247497779e-01 -1.317075339220621366e-01 3.561983352788788970e-01
-1.494635590998789065e-01 6.056838912775837080e-01 -4.882673071870116122e-01 -6.682915557802693307e-01 2.553184750423725946e-01 1.322234596461780431e-01 -4.425049016685653896e-02 2.596438963389769428e-01 3.158820943596524211e-01 2.463988918679533846e-01
3.088566022252362542e-01 6.332232229454549666e-01 -2.220728801621480730e-01 3.520289786223705919e-01 -6.079108136478764690e-01 -5.775690842219821652e-01 1.101559272576548149e-01 1.917334210864500843e-01 -1.171372058669346156e-01 -4.398336307705104087e-01
-3.439123497475458924e-02 3.198077876525960428e-01 3.504718810509783178e-01 3.130417056652320951e-01 5.172583781377784184e-01 -2.778396064529529697e-01 -3.697185350290335126e-01 -5.280455816693852694e-02 -5.640672570251725748e-01 -6.214953392253063508e-02
-3.541015307921481781e-01 5.875310497098964468e-01 2.763497535744872113e-01 4.282296404063287709e-01 3.981707398359821681e-01 -4.539944102795057113e-01 3.550680166533569659e-01 -2.567162703177817140e-01 7.151969603264699549e-01 -4.215492634961256480e-01
1.044400072490648257e-01 5.189199173195960246e-02 3.072840645808480944e-02 1.113593073172575339e-02 -7.680475230425183250e-03 -1.821727726167307951e-02 -6.114749190399029711e-04 2.097356873788957798e-01 -1.243015822612817539e-02 -4.480035084305713719e-03
1.143037226795103611e-01 -3.205435482209435111e-02 -7.767363822122969746e-03 -1.429692442885604486e-01 -1.730391115964955429e-01 -1.150202988419824976e-02 -4.140734509059389168e-02 6.721894482061366305e-02 -1.031171225379626244e-01 -2.435840331121245095e-01
3.824240435270324645e-01 -5.487693264730626463e-01 -2.850744436288926154e-01 -7.029647443096944670e-01 -6.891819460160231170e-02 -6.921815327225051551e-01 -2.039844029039753759e-01 -6.342885921621901346e-01 -2.102346363849654995e-02 3.147299560835999377e-01
3.450367769873298462e-02 -6.515977695854825724e-02 -8.353560589778723580e-03 3.172170786974484909e-03 1.830999846000349318e-01 -1.124743367736773074e-02 6.590034255681574693e-02 4.833321298454323206e-02 -8.580929715874366023e-03 5.538126053566778950e-02
1.137683208128120321e-01 2.417914164379104114e-01 -2.952372113910600726e-02 1.308424928065416437e-01 -4.011511251646071585e-02 1.471621487404538575e-01 -2.561477563588361317e-01 1.701250413133474637e-01 -6.252183607233952056e-03 7.117712663742381540e-02
-3.789320367587484806e-01 -4.031108638396278115e-02 5.791161918580800538e-01 -5.121019387834628567e-02 -2.525525600486315803e-01 7.096249412571470350e-01 -3.178173358688894390e-01 -5.154113079339263104e-01 -4.077994681510404007e-01 5.449490079057008884e-01
5.803703325897201504e-01 -7.538864092666958117e-02 -2.596638924447466912e-01 6.618557268021019180e-01 -2.619434341925760412e-01 2.617172059260202549e-02 -7.756057231892082848e-01 1.503444570907815081e-01 -5.354945069697891746e-01 7.418646135622566362e-01
2.377683715350802918e-01 1.599663499290679969e-01 1.334396827674242704e-02 1.107777102412136061e-01 -6.775699608313963396e-02 9.814575997102893690e-02 4.878775149253564147e-02 4.609995971882477339e-02 1.085784405459201685e-01 1.297786795725971443e-01
-5.198628419986813798e-01 -8.462016587649853205e-01 1.557629404998070455e-01 6.036415811469482140e-01 -2.753791388788195960e-01 5.896391533677091124e-01 -8.403292006868180453e-01 -6.976532111702164751e-02 -6.876903208690864355e-01 6.391924908178929776e-01
4.323166378711161204e-03 3.589770477820043888e-04 1.460936340254604532e-02 -1.522466708561151343e-02 6.856781698187469631e-02 6.142302575024231187e-02 -8.447714890180771374e-03 3.533942617007458653e-02 -4.133130312717585297e-02 -1.649615861295026034e-02
1.981933380795151689e-01 -2.350317459376489726e-01 -4.370039260867735753e-01 -2.993980060736490811e-01 4.347237244782157228e-01 3.659962752596510605e-01 -2.095422565517799651e-01 -5.274133440357872127e-01 -5.151087187004746992e-01 4.889036189034758895e-01
2.761088391115630314e-01 -5.043184944827693306e-01 -2.062331956151719492e-02 -3.356646843171146588e-01 9.800066463073917045e-02 -2.894302157913254403e-01 -3.827707464287142813e-01 -6.201401667617714719e-02 9.022080243210720690e-03 1.762677142978383849e-01
-1.054193270565842167e-01 -2.713310220387326610e-01 -7.463054494122989269e-02 6.458392778486717056e-02 1.888960922707684786e-01 2.034225057882471654e-01 2.219210597994151768e-01 1.834292536450077282e-01 1.142049669117225497e-01 9.241118046425375598e-02
-8.559835578383880872e-01 4.488752990527848930e-01 8.838394670702275080e-02 7.402835889032142180e-01 -2.688893341736584564e-01 -3.179491842812804392e-01 -1.515046445501477546e-01 7.619850265697568625e-01 -5.127719095899581359e-02 1.401009402998282527e-01
-2.411102474235073956e-01 8.390428526612414561e-02 5.650994870703947015e-01 -4.027698874480359903e-01 1.992186599267131986e-01 8.061653636113663701e-01 1.950649013706088342e-01 -7.680096528247637444e-03 3.365390209826221168e-01 -4.146351091453659432e-01
8.066999408807359537e-03 1.089761260728498576e-01 -2.964763315829658727e-02 -8.260459716957517518e-02 1.059390490037997457e-01 -1.468943327527783282e-01 9.737625908857135137e-02 1.055922087807982523e-02 -2.207561637316004036e-03 -9.489798161400606058e-02
5.877479305545516008e-02 2.398972601939160579e-02 2.012472657007351451e-01 -1.687160850635927370e-02 -2.183275843098660823e-02 -4.015682645824487917e-02 7.802762793066612794e-03 3.060086459416762328e-02 -1.023899998635941500e-01 2.013715055609083260e-02
-2.850897066235428823e-01 7.619943441084351399e-01 9.134180747432303349e-01 -6.197382059918405961e-01 -1.047297465654447035e-01 -2.457859810244183152e-01 -3.177642078180362706e-01 -2.266847048063266590e-01 6.789121513546131359e-01 -3.966163528413344519e-01
-3.375631541114160195e-01 -4.367325186754673072e-01 -4.450936034797567942e-01 2.739062890448791254e-01 -2.330853743532020905e-01 7.290734628293156216e-01 -2.081314922351191476e-01 -5.147011353882087192e-01 7.485027397576825281e-02 4.376835677386933243e-01
-5.075740828415068462e-01 4.419341111408898182e-01 5.393693415675855363e-01 -3.210427443821297633e-01 -1.555131137814205755e-01 3.177200192671298384e-01 -3.198850840316407318e-01 2.311370240365981099e-01 -5.810007217719775907e-01 -7.117778155576810484e-01
-2.340885110419143877e-01 -4.525144670578247208e-01 -6.237065198933093857e-01 -3.828470074401790768e-01 3.782686971929400399e-01 -5.358723684680026800e-01 4.714998651279370817e-02 -3.165872457490142011e-01 -3.662063615268087990e-01 1.457978685243680739e-01
1.025816173192615893e-01 -3.928642427373341822e-02 -2.295393968158752074e-01 1.586351812297482899e-01 3.321868601867055543e-02 -9.329454728402723773e-02 6.496652661016591446e-02 1.400447999208223604e-02 9.018890788720716756e-02 -2.068002769081489500e-01
-2.539199561066401434e-01 1.633458852093024882e-01 1.974867211589323712e-01 -1.451458964839188459e-01 -5.745836365411838287e-01 5.611633934942734658e-01 -1.217548463891197363e-01 4.366978974210543596e-01 -1.754981841817189192e-01 -5.470684829828530438e-01
7.054408641002761493e-02 2.692207460753557810e-02 1.842961143188805509e-02 6.124345283957078473e-02 1.070283002924205806e-01 -1.780437910939702134e-02 2.837291211562163219e-03 2.919963008347448846e-02 5.316106698616769599e-03 4.263535495349335055e-03
-5.653511591296500605e-01 -2.822149393477579871e-01 -4.561314166230993616e-01 6.324840806913367697e-01 -4.839116635440777747e-01 6.908879091095500025e-01 -3.440370727840590392e-01 -4.555545614813284461e-01 4.820951251854507791e-01 5.613558707246778523e-01
-5.399070330182780264e-01 -7.971686924476575897e-02 3.621267419102381369e-01 -4.025279515223841552e-03 8.202569588363285424e-01 -2.675244033100424579e-01 -2.277207035395716062e-01 5.789851906132547077e-01 -2.556302817484211731e-01 4.227325085696295170e-01
-4.077957198294862584e-02 -2.597325419328219698e-02 3.390266384057698951e-02 5.966654622430792032e-02 1.629824806398148113e-02 6.736563987345066395e-02 2.334293850330974862e-02 -1.443021049272432722e-02 2.365347593992848680e-03 1.190306032060991226e-01
-9.000752301729450511e-02 2.317071546792017767e-01 -1.979412615193037669e-02 6.700123954163593465e-02 1.555807725730550539e-01 5.202273499100699278e-02 -1.275468741128108208e-01 -1.330520024036398741e-01 -4.179773441378104026e-02 -5.660678764257816992e-02
5.973405584539536774e-03 -6.880125747617127363e-02 1.557615326456401363e-02 -1.644434203244898585e-01 8.595476487925428344e-02 6.034686174164197170e-02 -8.231778501607676934e-02 -2.156304746367989911e-01 -2.676827151424802098e-01 -5.230765933313432647e-01
5.180679389110527389e-01 -1.023076771303754878e-01 -5.263693266067118737e-01 -5.598181083431256200e-01 1.226923613423955978e-01 8.627993527298434551e-02 -5.125755848844210094e-01 -6.808811117634842869e-02 -6.189277927445225869e-01 5.106786338503357392e-01
4.610182747817978544e-01 -6.362629472543238629e-01 3.782898736171986243e-01 5.747374466202939125e-01 6.291849539661547031e-01 -3.056713945150459910e-01 4.009005967666023351e-01 1.720006366520382690e-01 -1.272897597649956178e-02 4.826501624354397890e-01
4.190737442939203028e-01 -4.462354594480064662e-01 -3.771606330719654010e-01 1.655074554037601342e-01 -1.396191481300425585e-01 -4.135549101801862526e-01 5.025808878758991627e-01 4.222314996645622487e-01 -1.274201661830003940e-01 1.118216993609303933e-01
2.125820415414404752e-01 7.906207600467018981e-01 5.095673300195071587e-01 6.025118618485811872e-01 7.222737893186251812e-01 -8.031504300759133574e-01 1.674390876923820826e-01 7.928688551108132865e-01 3.089495359496274851e-01 -8.702827180595354983e-01
2.635591953228745843e-01 -1.127673347821238486e-01 5.116996555096823412e-02 1.331255960658128124e-01 -2.063117481410761123e-01 3.434715761398675626e-01 -2.965232617120537595e-02 2.460075070909475414e-01 1.382402765857045635e-01 3.494207087760893837e-01
4.322372598280216360e-01 -5.377960878354993701e-01 5.565567171201452057e-01 -3.541155741490579767e-01 -1.774659104285025435e-01 -1.608381674925837002e-01 5.567212229134331780e-01 -4.453504135905234640e-01 3.266818155691044723e-01 -2.321823036376936267e-01
6.766387347234890104e-01 -2.550036001543870556e-01 -7.074584532560286299e-01 8.932583712407800025e-01 8.626010642852723065e-02 9.341072077569158028e-01 6.929450204352914922e-01 -2.708447988666320971e-01 -9.290677505436950590e-02 7.890342439403916774e-01
-2.191800636715963702e-01 7.205234640695820647e-03 6.463854806334289049e-02 -5.208632612062709111e-01 -4.265887493505956529e-01 -2.375502045386161665e-01 2.162335504287170584e-01 -4.034187794107269021e-01 -2.951281482381433730e-01 1.431739256659039228e-01
1.121985943392022310e-03 4.682041679999375539e-02 1.370017809716718611e-02 9.568375941658172068e-02 6.692760133809968169e-03 7.515569558501845882e-02 1.052609167621288490e-04 4.732206839476346683e-02 9.908349688875970479e-03 1.261237432113921676e-02
-1.265309788636483357e-01 -6.033913199467574318e-01 2.757633274319105654e-01 3.318976014558488313e-02 4.917366340733266283e-01 -4.561611704988422500e-01 2.473494018312377418e-01 -3.983931089372353407e-01 7.146275956760713699e-01 4.418650068178952006e-01
-4.830004163172184617e-01 6.756669848607730344e-01 -1.036362588525928524e-01 -1.627152141951251629e-01 4.554207797683656467e-01 5.136405661249910937e-01 2.685719410893447345e-01 4.594448919708115642e-01 -4.626437935562697779e-01 -3.979203155513801882e-01
-6.435465329932682499e-02 -4.116456885861147219e-01 5.407837132782187389e-02 -5.812213130589468507e-02 1.516607974130709524e-01 1.802888828425872059e-01 1.125546924645108166e-01 4.076721425305616098e-01 -2.693375383139863244e-01 3.248019583411890787e-01
-6.774086798605100102e-01 3.952154602687478757e-01 4.481628712030876205e-01 7.199214380439752370e-01 1.306621114822169860e-01 5.890212759565870426e-01 -1.913523184005083699e-01 -8.453247227855667512e-02 7.054182270544337996e-01 9.197277200002330899e-02
-1.490423818376022669e-01 6.238679050759169398e-01 -5.614639733909553287e-01 1.914859092090189785e-01 3.062927397116191885e-01 4.262957096351184805e-01 3.999878175646414680e-01 1.154929087773285401e-01 -4.287572222342042605e-02 -1.581493040028617569e-01
9.869030410954899440e-03 -4.871373967098081327e-03 3.071737123651955073e-02 5.542574591997549011e-02 7.733252938678469857e-02 1.954986432724279549e-02 9.787963987597968901e-03 1.002096420871586430e-01 4.383104558782730670e-02 4.466144267135995632e-02
-4.907767662127424102e-01 5.993929366688754978e-01 -4.901108442013082378e-01 -5.614816638280857759e-03 5.723061277960251880e-01 -7.475777860025223376e-01 -7.993254085522411012e-01 2.622144915198189041e-01 -3.389466040739289587e-01 -7.029637228537909399e-01
-2.115401761280045478e-01 -1.547049503698168238e-01 8.018590778877084102e-02 1.385257124791618166e-01 1.406564329697484184e-01 -4.123337220459454833e-01 1.104048799005814818e-01 5.758088745524589935e-01 2.048383681271510603e-01 -8.219841944427103142e-02
-5.440063601248983360e-01 1.966837325261264480e-01 -8.093938992463646231e-01 -3.328719964754829896e-01 -6.752224244382595275e-01 7.874848862780096936e-02 -8.323589107718564195e-01 -5.071685860536491175e-01 8.003559329354275054e-01 6.869578568930758689e-01
4.216840805194463360e-02 2.620320862149701224e-02 7.996813836770221007e-02 -4.239036335295130742e-02 2.135460049337682339e-02 3.612099239002021511e-02 3.823534300369701988e-02 4.482199136326685263e-02 1.535769805599818388e-04 1.909220962239382979e-02
7.438663745867965527e-02 -2.033108820020507745e-01 2.924585836123048121e-01 4.333412050864125509e-01 -4.830952074826760367e-01 1.864074906955904554e-01 2.240215276618359175e-01 3.776084194652085113e-02 -4.937823019820180015e-01 -5.553516363073306428e-01
2.053180217665496465e-01 -1.099945129297858898e-01 2.062406321116292129e-01 -2.619819134476136097e-02 -1.902021892887460486e-01 -2.222362914396481537e-01 2.267937691132525801e-01 -2.335327049692953738e-01 -1.035458130669310861e-01 2.719538214255096120e-01
6.965860054098051979e-01 -4.799679067932151044e-01 4.768054546153862039e-01 8.245669056747226833e-01 6.134310023815991997e-01 -3.286235205028478074e-02 5.271071056846091674e-01 6.936985100128340020e-01 5.925116304583266658e-01 1.054212521045138212e-01
9.710757917339071787e-02 1.150003691222903079e-01 4.736136310418941342e-01 -1.431882806477491887e-01 1.859221949173348598e-01 -1.967551379811219858e-01 8.832229151045684068e-02 2.646336447752511978e-01 -3.720746787325970861e-01 -3.559292548174635695e-01
-3.568844830501573528e-01 1.337309446047284245e-01 3.852048971335640393e-01 -5.816050643687589172e-01 5.703599653005214654e-01 -1.207566929338379780e-01 7.210830434688452195e-01 -5.607881867378313734e-01 7.488310757432152520e-02 -4.131640790055559481e-02
1.545472601394089762e-01 -2.139196109631622544e-01 -4.081488706204327022e-01 1.230992753638752990e-02 5.115853061125080758e-02 3.141701181450945457e-02 3.726490020500400346e-01 3.766245581917483931e-01 -2.818981330269932847e-02 -4.804422616264857337e-01
3.043950882423407944e-01 -6.139101537165639888e-01 -4.683059170784903968e-01 3.029046054333821292e-02 1.541079337515164349e-01 2.915513954162745613e-01 -2.633639923514154990e-01 1.998719398843890327e-01 -2.633861977536416377e-01 -4.027353266889843741e-01
-3.653940457956217358e-02 3.787717212905117870e-01 3.166282352999372218e-01 1.808166563843994490e-01 -4.995516684659567080e-02 2.231283035034329620e-01 -3.219373340268023576e-01 1.831052337392050089e-01 -6.504945749757427408e-04 -4.139893650805868131e-01
2.500767038318056357e-01 -1.879782722476015244e-01 -1.562085479620817785e-01 4.514083434357771263e-01 3.865368040697587659e-01 4.693048992921643459e-01 6.905272865313412112e-01 -9.483374529580261558e-02 -2.887232023375742584e-01 3.426049059010884967e-01
-5.087558060231662793e-01 -2.101378447264549698e-01 -5.606428630797227752e-02 -7.089447782748789853e-03 2.655620329080679576e-01 -2.257802106544413712e-01 3.773965629197523295e-03 -1.830054064153032178e-01 -2.858048800063089367e-01 2.365382406328491727e-01
-1.366049461984222002e-01 -5.637959457836833749e-02 -2.075335402274615382e-01 1.873780307454354921e-01 1.620297156864178301e-01 2.277375100693171395e-01 -5.329067564170818228e-02 5.608680289812276176e-02 1.120841614548083887e-03 -3.263717540344571871e-02
2.099915468729192103e-01 2.430501020778211840e-01 1.707322858315026282e-01 -2.129955643406017674e-01 -3.638161859632382256e-01 -2.431058568143656673e-01 2.393095703450798251e-01 -3.078769293712626531e-01 3.487397065137710084e-01 6.466187716883084469e-02
-1.977207563040502138e-05 5.352609498102598451e-01 -4.410900185438759169e-01 4.749498892491696433e-01 6.461677288046218104e-01 1.768753817066984757e-01 3.234138841987073687e-01 2.757338328242464609e-01 -4.688934404157311109e-01 -6.461541942855937304e-01
2.798648904493781231e-01 -3.685422066657372264e-01 -3.855546781611382534e-01 -2.309647211804905509e-01 4.675874682881854816e-01 -4.135802912208633164e-02 2.081111781284296358e-02 5.136602629399257269e-01 2.601729652824162908e-01 -2.423977769789437964e-01
-6.544579391491385512e-02 2.961004993156812204e-01 -2.507805326899455456e-01 1.818033639388993150e-01 -5.114176351941999155e-01 -1.680156813708405805e-01 3.094585058261471455e-01 -2.796387296371172781e-01 6.666330311679404819e-01 4.493725095347630427e-01
-4.030086368117390301e-03 9.173017893398657807e-02 2.084448390754771729e-01 2.021404902258220060e-01 9.076725823482133249e-02 3.487744698563882695e-01 1.673283118834874295e-01 -1.094785333856804072e-01 8.496776197730940283e-02 2.487845791379611482e-01
