6.315940089012054282e-01 -8.053532133495268086e-01 -1.147738236132258838e-01 -6.219759334835446296e-01 3.250678863802219931e-01 -4.559117720386043904e-01 3.497441897957114798e-01 5.940301875108000562e-01 8.035737386685277706e-01 7.108677295566853127e-01
1.497731569519323291e-01 1.208800117940793117e-01 -3.925651069047612629e-01 4.043693102539782647e-01 3.995671350558960833e-01 -1.109237047901874273e-01 -2.515845963290750942e-01 -4.331701312176648999e-01 5.187981366688673157e-01 -2.696688735498823375e-01
2.843987486226737249e-01 4.458449141326373266e-01 -2.028646891360129031e-02 6.631669281716482400e-01 -5.752668353980174842e-01 -2.967313602407588569e-01 5.637576448194958623e-01 2.453631581260856398e-01 6.850279003831275526e-01 -2.656607197095968154e-01
1.455282327673014242e-01 -2.880948026482283986e-01 -9.397055358348890830e-02 -1.056750201020672658e-01 -2.288490102946221794e-01 -2.732503390886562578e-01 3.241648849325176052e-01 -2.913403078391258449e-01 2.249078666921204839e-01 -1.459268969205089472e-01
4.675203971416485617e-03 -6.605087651983225158e-03 4.323675327997592716e-02 -1.404535931043738618e-02 6.088213558314035934e-02 8.637310579478878550e-03 2.871196979878545830e-02 5.017071481466993388e-02 -8.635493184892057555e-03 2.186717340582428407e-02
-4.456840932598625238e-01 -7.481932235237604978e-01 -4.087922430571817867e-02 -7.937997686694331367e-01 7.023795333358191506e-01 -6.937422005756948007e-01 5.535088320886952795e-01 7.112941121662013089e-01 6.750943399057630634e-01 2.297674345857931288e-01
-6.227764408466142203e-03 1.250809973292591470e-01 4.010884082792171013e-02 6.697192874843722020e-03 -1.117361582734221516e-02 1.895630767410258835e-02 4.413866786045806540e-02 1.834588550543860344e-03 3.655669414225452829e-02 -1.546489209886370720e-03
-5.366389446796200335e-01 6.831928711005869070e-01 7.559234101188777588e-02 6.886192873782176482e-01 2.272117405136312718e-01 -3.253500346999737003e-01 -3.848964624294154424e-01 3.215018620425301177e-01 -6.063790132301621894e-01 5.626017418729660768e-01
-6.894202348226492749e-02 5.925250444833509711e-01 5.530134724823924097e-01 -5.622085162906902411e-01 -2.799288438344228469e-01 3.707421611213420620e-01 -4.260252331223727262e-01 7.194585742942060103e-01 5.185023805748714132e-01 -1.897402596077041592e-01
9.684591642973958137e-03 -2.745543928613784421e-03 -4.906218263738658901e-03 1.619693387896681963e-02 3.943259032229721323e-02 2.399286218986897146e-02 1.040870776307686353e-02 2.422916239148030851e-02 2.440297867035415638e-02 2.186551810239651533e-02
-4.105477847929735885e-02 6.241250768876106803e-02 1.195321583634737506e-01 -1.660587147781229789e-01 2.832706887653499428e-01 -2.235729450705201821e-02 -4.277357026742527324e-02 -3.279028330775335398e-02 3.540490591736659975e-02 5.462307785830936013e-02
3.431144177374324533e-01 -3.195474274550331728e-01 5.926018943225824787e-01 1.868577588745786999e-01 -3.494796476065915869e-02 -2.094232520917746199e-01 5.414461808037507318e-01 5.064513909728826091e-01 -4.542231047870070593e-01 4.091647371032150482e-01
-4.328804404994683885e-01 -4.166997703868493413e-02 4.559418429279905038e-01 5.971191285519620306e-01 4.700545943688801409e-01 -4.881361575379600248e-01 2.095441126190062120e-01 -1.362746362990684690e-01 3.224970696046046137e-01 -1.326324607886221474e-01
4.273291871506061934e-01 1.927986973725650532e-01 -4.647661520186333606e-01 6.456129817473988952e-01 1.757105695784268173e-01 5.234980096970809349e-02 7.476296977092757867e-01 -1.679505470655271171e-01 4.139142737571703257e-01 2.840350474170481587e-01
3.130467238779913175e-01 -5.529087022947219987e-01 3.537513519050847211e-01 -2.383067165253570374e-01 2.915427680490109141e-01 -1.835991232159938646e-01 -4.583661573766128483e-01 -1.691400207631382491e-01 -2.003759107599122347e-01 -6.896895317411940729e-01
-1.759873629787214473e-03 1.178204771406792667e-02 3.041456045835062155e-02 8.725558050400046561e-03 5.246440619718468167e-03 2.850270081242320744e-02 1.239346909162584304e-02 3.556840639356799840e-04 2.296473960256496111e-02 4.147049050744877619e-02
-4.841780524125425256e-01 1.205265337380177354e-01 -6.102880744798888646e-01 -5.296244598426550487e-01 -1.047188568643315533e-02 2.389932021628448922e-01 -3.841025565015032672e-02 4.051906407131578014e-01 1.084019789778506854e-01 2.355478242584289894e-01
8.300574179412518738e-01 -5.337500334742498742e-01 -7.693251365840148015e-01 4.703868912736346442e-01 5.951451307962448700e-01 3.148683426850062417e-01 1.118282236971611387e-01 6.655746732733730520e-01 8.043092225667876072e-01 -4.410952324471443253e-01
2.558714650749825681e-03 4.325900080406609033e-02 -5.976686484815449951e-01 -4.806601112128857101e-01 -5.828730387441013461e-01 2.883125207721720096e-01 -3.669203328957362786e-01 6.664700133730558917e-01 6.829615953088732927e-02 1.307171253256838271e-02
-6.406180276232058268e-02 3.110806237753641623e-01 -1.558933133810449234e-01 4.617039214563695843e-02 1.707323187316566182e-01 -1.118432811580207797e-01 -2.760515544662598408e-01 2.121983663724774927e-01 1.953141121164313210e-01 -6.746362518134402242e-03
9.636895524744207644e-03 -5.479988457940329627e-02 -2.666787060447558533e-01 3.957422077041414243e-01 -4.482215385691848963e-01 -2.938533723305794890e-02 2.038585834016095055e-01 1.781403182544727404e-01 -3.323290429410911684e-01 1.938372846842449093e-01
2.973202092193416024e-01 -9.975281036764550857e-02 -2.901413377096715429e-01 4.320111080635068990e-01 2.844754157906975167e-01 1.720780813973011858e-01 2.371745399459029846e-01 -8.832155314190860695e-02 -1.374054837507088789e-01 -2.223415370526729273e-01
7.052515878144229033e-02 4.760255139355061837e-01 -2.629457239725705442e-01 1.988717231438839883e-01 2.941137397550155352e-01 1.534023204110813443e-01 1.150103031427722328e-01 -1.070908567287588153e-01 2.796386158505572150e-01 -7.583186685661996718e-02
5.225359844250009322e-01 1.109383506988625978e-01 8.170732670883418258e-01 -8.845817694442176249e-01 -3.958155547206320124e-01 8.734908405663399655e-02 7.584528638057730365e-01 -7.729666732392700412e-01 -2.097338226487646395e-01 -8.097072615852822786e-01
-6.341089916207678367e-01 1.851132390325566091e-01 9.243614884332156806e-03 -6.655733785918840906e-02 3.394854516602947569e-01 -1.425962186618488781e-01 -6.936023464672232963e-01 4.755747107154826292e-01 -6.601554669012950072e-01 -6.214913883705097675e-01
1.503243786497202895e-02 -8.523655436325407175e-02 -1.896417393346121194e-02 2.706212100722030778e-01 -5.197092924920660995e-01 4.610173132617082503e-01 -2.237812502843434248e-01 -2.678709638610691710e-02 2.380214810019191385e-01 -1.176560525893827758e-01
1.713411896737475626e-01 -6.257291046341998397e-01 -8.119371973283389110e-01 -8.156488123897331910e-02 -3.103109015182065611e-01 -7.993813507586914335e-01 -6.678088668825922225e-01 -7.255805412533683496e-01 8.647461553384486743e-01 -5.171048639689062032e-01
3.758067473473815090e-01 4.820878741287588087e-01 -4.127620488201209914e-02 -2.718998130881923325e-01 4.443817108366890367e-01 -2.991294894925885517e-01 5.242163600702447468e-01 3.596221223051055405e-01 1.584675232021989233e-01 1.412792553661528228e-01
-3.211869490649470471e-01 2.856910077996895336e-01 -3.365740578952650802e-02 3.012172790263891939e-02 -6.950075781086453297e-01 -2.503475427492083405e-01 3.295290302137910965e-01 -6.605306815455125324e-01 3.905289595679551917e-01 1.644930529013594392e-03
-1.761353279010434980e-01 4.839979745398425015e-01 6.178088918840896060e-01 -5.954101756070101503e-02 -2.408509497979943181e-01 -5.470007272098981188e-01 -2.582752903274535550e-01 -4.203746679497928906e-01 5.298183461564370811e-01 3.709962274671393945e-01
-3.794660715541588458e-01 -5.513559282445043008e-01 8.703682743987041226e-01 6.495912375438155362e-01 5.150915233115415104e-01 -1.407500176676744763e-01 -6.807253256636547345e-01 -8.198476205568321074e-02 -5.838804542288583699e-01 -6.624320589639344226e-01
-6.675157483659832636e-02 -1.103331834360086611e-01 -6.976728252975781253e-01 3.369930345639633451e-01 -3.841400606016347474e-01 -5.969247968224685730e-01 8.071918575878775926e-01 -1.491975897073718471e-01 -1.340331561185389153e-01 3.492714826607820622e-01
-1.492490487858714188e-01 6.133428851598110576e-01 -4.941301175368507104e-01 -6.730259647386418465e-01 2.498219487597305999e-01 1.306785127381229206e-01 -4.123398287231035131e-02 2.462024660499520234e-01 3.165268147541203114e-01 2.578167266547033432e-01
3.164476628882579856e-01 6.474976945671679918e-01 -2.237585719219340741e-01 3.643575272735739556e-01 -6.441914586983392699e-01 -5.934905170370200489e-01 1.090216727539538716e-01 2.027124302184523663e-01 -1.127154369163295283e-01 -4.491582570607144942e-01
-3.225944965716938395e-02 3.131808410073989579e-01 3.550888634743375460e-01 3.151787227326489638e-01 5.202383660082310346e-01 -2.865785752599104841e-01 -3.739473420085575039e-01 -5.699435681328002268e-02 -5.672173628420924540e-01 -6.103671593701415904e-02
-3.557499899060826420e-01 5.957150192099651687e-01 2.679881642182958545e-01 4.351406274782196326e-01 4.142899253179156416e-01 -4.484891940834317969e-01 3.637478016827641047e-01 -2.733010894882445529e-01 7.227295992429985105e-01 -4.261145153529681262e-01
5.705244113368883319e-02 8.661016745710611864e-03 2.464141290107390095e-02 3.507742746522038955e-03 9.944479656449007124e-04 -4.254296936831464260e-03 6.925433154386527804e-03 1.010246551509935004e-01 -2.003801637142204814e-03 6.604470018736648823e-03
2.461296896195570849e-01 -1.927532322695637429e-02 3.391819599228804855e-02 -2.997902164931611213e-01 -4.472424648357087862e-01 -1.264619404100018191e-02 -1.104958854893307585e-01 2.085301074610430572e-01 -1.404439730907955652e-01 -4.478311009269039800e-01
3.861914583057841632e-01 -5.534087729175947157e-01 -2.890603815071073890e-01 -7.085877015053161365e-01 -6.937212435483178230e-02 -7.053747707499337105e-01 -2.024018900495164752e-01 -6.367340337512497062e-01 -2.261046378917893479e-02 2.968831377342918132e-01
5.899316454955495954e-03 -1.507259411350119482e-01 7.197975280692237368e-03 -5.790609976613031451e-02 1.521183471202703363e-01 6.128702796456837743e-02 8.456869279107506743e-02 1.533485068715314814e-01 -5.389925056759806848e-02 1.127168940056324231e-01
1.265907304719969262e-01 2.605104403051322071e-01 -5.145156873600634229e-02 8.207516159016706170e-02 -6.456622061088523878e-02 2.312488822466471639e-01 -3.635844996391968675e-01 2.146880887247390179e-01 9.357129727625390983e-03 7.918339062596277400e-02
-3.986018188254665806e-01 -4.556817100621780858e-02 5.863379530339931645e-01 -5.217064387610715476e-02 -2.583365288780146707e-01 7.224062527334057515e-01 -3.206067084565562553e-01 -5.335948797691543177e-01 -4.099514190013635040e-01 5.388258220350097272e-01
5.817184622534312677e-01 -7.851179378761731498e-02 -2.600763889244196991e-01 6.635985547735970824e-01 -2.623428216903138654e-01 2.490640162511684880e-02 -7.768499248855462724e-01 1.494953054077867161e-01 -5.360145533908887705e-01 7.431830432175490220e-01
2.674896853625343685e-01 1.949235740387624261e-01 2.966660144218203655e-03 1.325495135502433308e-01 -8.926610088642626673e-02 7.776852937280699131e-03 4.660751961465897653e-02 6.895928226679497175e-02 1.303090985319690365e-01 1.640661385342286616e-01
-5.193012971198461836e-01 -8.493773147173387938e-01 1.523592718798726098e-01 6.030886648901893077e-01 -2.736577141749131359e-01 5.911287265430821281e-01 -8.416333129326916129e-01 -6.940194861103922419e-02 -6.889337393149873590e-01 6.389997536752166640e-01
-2.507018495833319982e-02 4.447041479844843215e-02 1.269930082419800932e-01 -8.987836695911425190e-04 -1.358472548243022104e-01 -1.252824566804942585e-01 -1.786259014564050562e-01 4.394173147796277823e-02 -1.375625710053834383e-01 -1.060630332249510310e-01
2.054081850209554250e-01 -2.418973175090487204e-01 -4.436406249404238888e-01 -2.979018573599369613e-01 4.296556059540839190e-01 3.708971653387549972e-01 -2.042409174195752852e-01 -5.536953768257750763e-01 -5.246755087287046093e-01 5.046020549802756605e-01
2.974611798925103634e-01 -5.396819467524456293e-01 -2.687701790351347889e-02 -3.608600372051165572e-01 9.828748462000030939e-02 -3.125907008345872318e-01 -4.498915967238211189e-01 -6.957577609441886746e-02 9.243751898057974911e-03 1.904261868555760240e-01
-1.355811572478311799e-01 -3.363075338888525945e-01 -9.235235229652052902e-02 1.053175924927635954e-01 1.424488957374952514e-01 2.554023068752220293e-01 2.895259097521964975e-01 2.517189944375775590e-01 1.631505530781510172e-01 2.687656380805176701e-02
-8.616294914500615132e-01 4.483800032349902209e-01 9.001802698977687256e-02 7.373721627284133273e-01 -2.704763946359585169e-01 -3.191441328570350788e-01 -1.523237491725975279e-01 7.671584018931686400e-01 -5.101742351032027140e-02 1.418983551837539603e-01
-2.573123042056820187e-01 8.544641653867074416e-02 5.731381722957962221e-01 -4.084385372311895024e-01 2.025654653771482017e-01 8.169609372443930040e-01 1.974616590414018658e-01 -8.119010020845911224e-03 3.412016104317648346e-01 -4.193576930314775186e-01
1.696225027948475642e-02 1.758973606123767908e-01 -8.789164763569566607e-02 -2.233238210325365070e-01 2.430328300210062298e-01 -2.980402816506692032e-01 -7.263046807495236734e-02 1.938455526555901004e-02 -2.740286894976440984e-02 -1.902302957610891576e-01
6.422694705970949380e-02 -8.094959849144145458e-02 1.507385537463998282e-01 -1.036623122628111023e-02 -5.077146591032906386e-02 -6.979739253325706327e-02 -4.976299055483227041e-02 3.556638541307930584e-02 -2.010479571509261876e-01 7.766051843448137926e-02
-2.882046139817180941e-01 7.739086777695139974e-01 9.215638773768815017e-01 -6.243616269781381289e-01 -1.055751085856585919e-01 -2.748119266656899873e-01 -3.102053640397963163e-01 -2.164617919487590858e-01 6.844121967317673416e-01 -4.258742585736103314e-01
-3.437978447743518795e-01 -4.381482694879885176e-01 -4.476767727850669010e-01 2.769419510208889212e-01 -2.329121651701605011e-01 7.238892083790297027e-01 -2.144812604001846701e-01 -5.171210858171010338e-01 7.608581273200455686e-02 4.455854753738370810e-01
-5.080493132650523158e-01 4.423898671068079436e-01 5.399362369442799459e-01 -3.209491552214687737e-01 -1.576271160474956301e-01 3.165177338842289356e-01 -3.199475809033071605e-01 2.318997061633296386e-01 -5.812887171707453726e-01 -7.140418361893126065e-01
-2.448436566472018960e-01 -4.647027782325671708e-01 -6.437572457680349469e-01 -4.184546716320272086e-01 3.908597464844955627e-01 -5.512800427617904342e-01 5.112254925595498961e-02 -3.266836731516885028e-01 -3.764610352642697721e-01 1.581226108395958896e-01
1.063832098468686475e-02 -5.501330622930376835e-02 -2.701672118857924021e-01 1.979177495792712460e-01 2.265927484097009920e-02 -9.794974960210993398e-02 7.141361226755806035e-02 -3.488061341255156711e-02 1.193180095382214007e-01 -2.627085155336862377e-01
-2.752118564624827513e-01 1.665671887436483700e-01 1.998152344745436904e-01 -1.617844453161451090e-01 -5.976426559667543659e-01 5.676257561261182083e-01 -1.337673481974953615e-01 4.509706155970173991e-01 -1.828238068228580648e-01 -5.618434015202318221e-01
1.082790512546001616e-01 7.470191239801260430e-02 -8.226944699525744545e-03 1.597700269661906924e-01 1.382269713554667434e-01 8.683609724119291384e-02 6.162858470438461328e-02 -2.232799195192500252e-02 -5.369716895687796226e-02 1.265405862312136281e-02
-5.677933364821775575e-01 -2.836722350840074625e-01 -4.582889891055938469e-01 6.336048063613886061e-01 -4.810354967977706897e-01 7.023383261708944225e-01 -3.451621110845741192e-01 -4.679927389759506728e-01 4.833333984613583101e-01 5.606694102629269372e-01
-5.395184085638448090e-01 -7.964830214033419287e-02 3.626039997186005781e-01 -3.445663281981588971e-03 8.207605016523462638e-01 -2.674478813260859345e-01 -2.290807982377332797e-01 5.790904532728681220e-01 -2.557862182625426639e-01 4.239211999261766062e-01
-1.713334837859371573e-01 -8.634761947730923426e-02 9.077304459615115340e-02 2.482453570115281116e-02 -7.196663593636502820e-02 -5.038696174857455051e-02 9.560594823338430803e-02 6.433953198488016889e-03 3.047700635756201218e-02 5.168158975952827361e-02
-1.328160577295043887e-01 2.515529891355813841e-01 -6.701916656807186366e-03 1.164510490453131014e-01 2.342198572446100857e-01 4.928029197491528429e-02 -2.288036762166215377e-01 -1.638997310745779756e-01 -6.937466972531361464e-02 -1.292710225131024626e-01
9.937074234720916915e-03 -9.199207174472441573e-02 9.829683306096001494e-03 -1.965036057258010838e-01 1.259111916850432500e-01 1.199860213306562229e-01 -9.414085633995247782e-02 -3.279382857359818826e-01 -3.038233808838797789e-01 -6.171570341652591329e-01
5.317479132353418736e-01 -1.378660274330135438e-01 -5.375219939701506577e-01 -5.764799110990239672e-01 1.340886255812935579e-01 8.834624127826470885e-02 -5.352001116648729129e-01 -6.581469364021945434e-02 -6.407626559275829692e-01 5.246168801142415683e-01
4.644263956249280456e-01 -6.395778023269682588e-01 3.796972287770073451e-01 5.773287438510735781e-01 6.326692517429091112e-01 -3.020621385380065638e-01 4.040601806356860504e-01 1.675417855264376144e-01 -1.130826018324143818e-02 4.830785619529078811e-01
4.359216925917261398e-01 -4.563464677905467171e-01 -4.146710389863448309e-01 1.773685652198862539e-01 -1.415397020356212177e-01 -4.223514748309516453e-01 5.223112846731544634e-01 4.357944715541873237e-01 -1.310731794660940641e-01 1.155593107582037482e-01
2.056151883384746137e-01 7.935707940413894157e-01 5.075735039042770236e-01 6.001845912194148092e-01 7.213882394863645464e-01 -8.027250381067523310e-01 1.666145215452817241e-01 7.994339957606106939e-01 3.091915413021025794e-01 -8.728895672218520696e-01
3.186796919407153261e-01 -1.345537235571038770e-01 5.883389867483612007e-02 1.456247979387561842e-01 -2.117021998107159741e-01 4.404874352699795770e-01 -5.298883243431687373e-02 2.300967392579324200e-01 1.531272103346153768e-01 3.337414091661022320e-01
4.486265412731912927e-01 -5.645180309519076678e-01 5.717201522099587541e-01 -3.584431276853825565e-01 -1.885681880223736284e-01 -1.616453157401313845e-01 5.518709659354249508e-01 -4.586878605145076060e-01 3.303678812745911575e-01 -2.428652015624966909e-01
6.767044449614317836e-01 -2.550112867595905608e-01 -7.074006882378944816e-01 8.933306751137746193e-01 8.629325197440562700e-02 9.338076186990070804e-01 6.929606042977408675e-01 -2.708484222103615946e-01 -9.292584846344836835e-02 7.889764588027015080e-01
-2.199351604619797507e-01 3.733632877917973311e-03 4.512338711923630230e-02 -5.388996789953783839e-01 -4.401274325786149189e-01 -2.352756264483730209e-01 2.353650538881809640e-01 -4.151021247104422218e-01 -3.068533233092043400e-01 1.483926193535816396e-01
1.698865196665774301e-03 4.446651352472864166e-02 1.108748734334749977e-02 5.649036291532884280e-02 8.191902353945370013e-04 5.387448175251820237e-02 -2.951364157727597200e-03 1.923850142966356327e-02 8.882216467970686577e-03 1.160981714954713653e-02
-1.215295127344556414e-01 -6.070679026393075439e-01 2.846894046043065840e-01 3.028950436287502004e-02 4.828228411954969546e-01 -4.575993537877691142e-01 2.389841356805922079e-01 -3.981918218076437310e-01 7.176238931949484590e-01 4.414797041245004938e-01
-4.845494604050053500e-01 6.648715919048513445e-01 -1.049399715031079650e-01 -1.674633777606150953e-01 4.656097331912953385e-01 5.174914055517305655e-01 2.622824724111555983e-01 4.653232006368254736e-01 -4.707961563103705283e-01 -3.984682236043294301e-01
-7.050411758576222154e-02 -4.528456987312116655e-01 6.559660837877256956e-02 -4.601046477526438139e-02 1.832333872438090261e-01 1.745080215141617819e-01 1.333991744185718253e-01 4.348453563324770066e-01 -3.090155122833641577e-01 3.545735774122118489e-01
-6.796116251561332700e-01 3.937801860821494859e-01 4.498856995837415274e-01 7.235935645759898893e-01 1.319564690928005657e-01 5.916507305148619444e-01 -1.919795453641003624e-01 -9.050507198984245050e-02 7.081040561774727404e-01 9.231031759314713148e-02
-1.501044198191729684e-01 6.287308870489508594e-01 -5.650606461089320298e-01 1.933533703178719199e-01 3.086797783581624044e-01 4.152685993767718520e-01 4.030066836767174920e-01 1.167826655961783922e-01 -4.270076483717295118e-02 -1.586106086887082711e-01
2.653471682302745854e-02 -1.561734755111783383e-02 1.351362912047043320e-02 4.458978911298567410e-02 5.273160712722267662e-02 3.795097067376453776e-02 8.287819466375641320e-03 4.289990518921943385e-02 1.186207614220652178e-02 3.138501782800112022e-02
-4.912942790546867000e-01 5.957343800117642640e-01 -4.899092244633434512e-01 -4.932659017703824346e-03 5.718052737369155869e-01 -7.487128226572243861e-01 -8.002742303953945813e-01 2.634304716000860913e-01 -3.392745614214628391e-01 -7.038444501500641381e-01
-2.284931057979031899e-01 -2.004705202659207985e-01 8.925279978294416161e-02 1.432515404636036382e-01 1.580938296623665418e-01 -4.442810506115078550e-01 1.194649537324383864e-01 5.945217235458977179e-01 2.255704968591598913e-01 -8.643456915824873632e-02
-5.445827324535490455e-01 1.981164861929008147e-01 -8.129716243612774562e-01 -3.340718899563665523e-01 -6.753272278097722792e-01 7.827646501880188012e-02 -8.330460349018301569e-01 -5.078470409305266831e-01 7.981058531023592639e-01 6.891318123474011736e-01
4.903786706203543816e-02 7.068991642811386922e-02 8.347520632412827601e-02 -1.609707829530511725e-01 4.399155346423024027e-02 -6.941399320003698026e-02 -4.137676627867604290e-02 -4.473310418372537789e-02 1.642712745471145569e-02 -1.619502036500357735e-03
7.993016108880945936e-02 -2.110641245284089473e-01 2.972504424306935400e-01 4.374918014481152806e-01 -4.906984471391693248e-01 1.756581343275890605e-01 2.401670080394101847e-01 3.996774655783481150e-02 -5.047800257559966752e-01 -5.732207667414093155e-01
3.259072448925617316e-01 -1.718259350200388724e-01 3.188128608321619262e-01 -4.196453189260571093e-02 -2.605392514913729141e-01 -3.171013391250614433e-01 2.314680030234239905e-01 -3.779853375964152828e-01 -1.794255647047301172e-01 3.964225147192574350e-01
6.966486091152667148e-01 -4.810558550019859991e-01 4.775839454722724531e-01 8.240862460689968305e-01 6.142109365681329702e-01 -3.241472269297551029e-02 5.265304895579888678e-01 6.941529748018204771e-01 5.930494923220209769e-01 1.057527677936922900e-01
9.090004308982707615e-02 1.186501330098803236e-01 4.594966869519949149e-01 -1.475213934721966158e-01 1.924982033956313676e-01 -2.003300622153112720e-01 8.951782798567388399e-02 2.710442934028653439e-01 -3.773365208142482330e-01 -3.608141012154717497e-01
-3.617962467627912071e-01 1.332140313951706290e-01 3.880311192054878844e-01 -5.849663222739153179e-01 5.744099345856106265e-01 -1.289859535692241266e-01 7.259521162679214434e-01 -5.641281801411479613e-01 7.546578680436014097e-02 -4.115079649390858407e-02
1.634462088872289387e-01 -2.373468558524219618e-01 -4.445529995220620090e-01 1.704123815721191038e-02 4.745272084781971406e-02 -2.205112050478874250e-02 4.062768352547436179e-01 4.350764496586752572e-01 -3.861343220075306309e-02 -5.711339128977185320e-01
3.091185982526558074e-01 -6.221539598983675257e-01 -4.835787163171691438e-01 2.986894226143916101e-02 1.592143702907216629e-01 2.958750954595582017e-01 -2.648223436026360678e-01 2.041964779105719940e-01 -2.788605326264841922e-01 -4.071954816273707922e-01
-3.997581167241955752e-02 3.791628693195887023e-01 3.318707556891927757e-01 1.926554226682357651e-01 -6.860039226852931993e-02 2.240220714154082526e-01 -3.364100021890138459e-01 1.910378182987337303e-01 -2.386789970890605163e-03 -4.432652109248503836e-01
2.541665536996752239e-01 -1.885416170897037391e-01 -1.610251011211949468e-01 4.574521309015913140e-01 3.918288637005052366e-01 4.630389521111268891e-01 7.035159981668595019e-01 -9.147269714230561732e-02 -3.030385936771066158e-01 3.379998095834954031e-01
-5.201650403242014109e-01 -2.311234394756055965e-01 -5.324332489306034949e-02 -2.589782213123597784e-02 2.647717566236027498e-01 -2.764119953895456949e-01 1.041048584925843845e-02 -1.896053220094541525e-01 -2.902516037651219349e-01 2.432955404066433347e-01
-2.120913818096685777e-01 -1.189421124363402998e-01 -3.257944552497901713e-01 3.753441614615324884e-01 2.004546381095754781e-01 4.064362049045406877e-01 -2.098994606762451809e-01 3.388662661476249394e-02 -1.707269100505576231e-02 -3.077350615179020449e-02
2.280195365902890625e-01 2.387089517253797588e-01 1.823674241954295616e-01 -2.237782319622345084e-01 -3.786023733286122961e-01 -2.487937500237861754e-01 2.229356172543369152e-01 -3.352528909823591641e-01 3.699653896797222563e-01 6.854642290734255794e-02
-3.758017836909706140e-04 5.336975256289360203e-01 -4.419562724817767130e-01 4.764247814112890778e-01 6.487082546435797292e-01 1.777279052569195605e-01 3.201531819661022071e-01 2.760333057223516851e-01 -4.699733562001606191e-01 -6.477281066179908509e-01
2.981869307740622199e-01 -3.919734063344830766e-01 -4.317777155349574181e-01 -2.449259057438293308e-01 4.982824639256937527e-01 -6.873601820161004405e-02 2.224917333263761246e-02 5.457393962198084925e-01 2.761448628201536026e-01 -2.621997667550565181e-01
-7.718972973684529171e-02 3.048564513463974945e-01 -2.566543006802570193e-01 1.805802166757926319e-01 -5.181765448947300845e-01 -1.670060036339351128e-01 3.092634182746609173e-01 -2.744790111106413244e-01 6.778167130431030918e-01 4.615518974978479183e-01
-6.376670795246180967e-02 1.097935119846006891e-01 2.731914786361900882e-01 2.394677447002492576e-01 8.206878221217299429e-02 4.286077097622796872e-01 1.925885316200774411e-01 -9.709333679369006043e-02 1.052811235870005496e-01 3.078873108373186285e-01
