6.286890735864804070e-01 -7.938801739198645402e-01 -1.145419334365836567e-01 -6.193009188348036487e-01 3.218391892549909428e-01 -4.557445229240789653e-01 3.520608539035323115e-01 5.922095082567163660e-01 8.047636632655472688e-01 7.073621925345845440e-01
1.492777278258023421e-01 1.205616728061279092e-01 -3.875226632057274245e-01 4.043803485612131321e-01 3.953252743520736523e-01 -1.074882735342875817e-01 -2.522958408303489497e-01 -4.310353107586980537e-01 5.161091958503771782e-01 -2.685548085977422783e-01
2.785570169038488197e-01 4.415265047442536450e-01 -2.006595444516122428e-02 6.558793843108586819e-01 -5.671293731772569791e-01 -2.936264082443879597e-01 5.547836627295420486e-01 2.517379146245081745e-01 6.815354043171353293e-01 -2.657071626489849736e-01
1.631069939086531306e-01 -1.843338377788513449e-01 -4.920647358531484578e-02 -5.224156618468496494e-02 -1.482124265304149147e-01 -1.518521030756588008e-01 1.991785865163657465e-01 -1.626808642372090941e-01 1.448337163976047282e-01 -8.731959654589815933e-02
-4.635912386558502934e-03 2.308550489806976763e-05 7.267735467884690881e-02 -8.255227979126193716e-03 8.342472034539324954e-02 6.289010626938573364e-03 1.542905477002023615e-02 5.664618626325331613e-02 8.412144340687328914e-03 3.629114352254644849e-02
-4.455886588007706983e-01 -7.468920326233108309e-01 -4.071428772831357096e-02 -7.938360040431747811e-01 7.015943229891358213e-01 -6.938078581808646561e-01 5.530891268123639959e-01 7.119065698073016035e-01 6.743734235945038069e-01 2.297359405878436345e-01
-5.712636166305925731e-03 1.657761866831560793e-01 6.075420889260992052e-02 4.483752131968167000e-03 -1.158144673715244544e-02 1.135921560002330598e-02 3.712410369895914608e-02 8.236055907621912461e-03 5.328482078972071601e-02 4.576313781243792136e-03
-5.348481517235124105e-01 6.801705995785326531e-01 8.178860393518645744e-02 6.853243805424874546e-01 2.256571638080274167e-01 -3.245137722414286330e-01 -3.838042292451476212e-01 3.201659899795609165e-01 -6.046332622193277828e-01 5.597002841880461821e-01
-6.980359408957925726e-02 5.909141861783934191e-01 5.498625216310889519e-01 -5.609150641933470238e-01 -2.791578518193462699e-01 3.696399502587369712e-01 -4.174115235162889626e-01 7.203856114766699070e-01 5.173037666083082353e-01 -1.899814153299747288e-01
7.319012256595178872e-03 -2.663572302141880861e-03 -8.056811437804199671e-03 2.580983874565860939e-02 8.903755232268899256e-02 4.419344974098240314e-02 1.151897540439129376e-02 3.378371382557619068e-02 2.431225107711957809e-02 1.625242070946758891e-02
-1.666179243362818016e-02 9.415342687476484229e-02 6.606779332271454919e-02 -7.223600451175660186e-02 2.209026206701704964e-01 9.820639259861126472e-03 -2.926958894343814274e-02 -5.453658462925351814e-03 2.756167043114211151e-02 5.008503478856905083e-02
3.422758191418902585e-01 -3.188873342346108530e-01 5.949347312202157845e-01 1.864118659715988946e-01 -3.493897742518928262e-02 -2.090211889121166289e-01 5.402824632111228320e-01 5.067821289726179845e-01 -4.532778163954502282e-01 4.087134859251028152e-01
-4.220817277058198091e-01 -4.392100009782885089e-02 4.415990823792648179e-01 5.802471669837507839e-01 4.667180548775024529e-01 -4.590607186628715142e-01 2.075340745101467432e-01 -1.355258798585361468e-01 3.159724113246150656e-01 -1.278104320610705391e-01
4.151483860398487158e-01 2.013390762934826883e-01 -4.654407414598901727e-01 6.360494422645540658e-01 1.752876308034695962e-01 5.415263794802410713e-02 7.427592944431150590e-01 -1.601166379896687142e-01 4.120826931258411152e-01 2.871472048502737850e-01
3.105315620879074978e-01 -5.497206016583071619e-01 3.597104667898781694e-01 -2.362402280976876323e-01 2.911962539167349817e-01 -1.804513775174815815e-01 -4.546153953562188654e-01 -1.669062440355342514e-01 -2.011025745531731801e-01 -6.829679983610053018e-01
-3.177545331485208142e-03 9.811554394765000311e-03 4.615129690379347199e-02 2.070500486168713739e-02 1.067971528589112609e-02 4.648319846120636117e-02 8.906955603917788428e-03 2.475460379098989253e-03 2.122900818277749860e-02 3.653706596189240652e-02
-4.099053243569694138e-01 1.000671730152725009e-01 -5.456572084418165325e-01 -4.685992066848823079e-01 -1.295219023827417527e-02 1.994697420158505763e-01 -4.085444793595194302e-02 3.619613369192655750e-01 9.772118562533438357e-02 2.455890505724196426e-01
8.297675979291061488e-01 -5.337673524142813042e-01 -7.693721757422219421e-01 4.700893472448047783e-01 5.959690468887467452e-01 3.149312029428201765e-01 1.115673493867998245e-01 6.657052871928205162e-01 8.042208318978862902e-01 -4.411909926507240343e-01
1.412036121934012777e-03 4.170764093977045311e-02 -5.888757240855658770e-01 -4.766562399681227302e-01 -5.778433861545415606e-01 2.851121031491498092e-01 -3.637826252626701895e-01 6.700231289101099552e-01 6.704279076508627699e-02 1.281220804048089149e-02
-4.533175002940460774e-02 2.423598249345124411e-01 -1.346477681356027245e-01 6.370216713521313634e-02 1.921758976556578180e-01 -8.763571818188092832e-02 -2.011948247415217272e-01 1.374612951856020449e-01 1.454806578677136641e-01 4.622042322365231548e-02
-1.439752084035761295e-03 -5.364032248968837735e-02 -2.370599124738590746e-01 3.646562277433623711e-01 -4.079925055334261974e-01 -2.547710666042600838e-02 1.782355033798052601e-01 1.918915362437366989e-01 -3.071102279239777966e-01 1.764531466972022178e-01
2.765236133435314270e-01 -9.252551997414999729e-02 -2.287239416456311181e-01 4.026895054293483933e-01 2.653437377346697934e-01 1.643595892716652462e-01 2.094741432054678110e-01 -8.926927081809304942e-02 -1.257273512276959326e-01 -2.131980188547407395e-01
5.857133994344821543e-02 4.186538433527300929e-01 -2.045601717289337873e-01 1.721891023936568954e-01 2.552041362876574793e-01 1.308246587971781394e-01 1.021629563101433130e-01 -5.560082611795732349e-02 2.452728754356422458e-01 -7.029948471456022585e-02
5.222856999996587923e-01 1.115503273181691346e-01 8.166466590464981357e-01 -8.842793099602156426e-01 -3.956410309824736071e-01 8.721846002039100598e-02 7.580186647901295816e-01 -7.725544120833160999e-01 -2.095713718478167398e-01 -8.076279112430140295e-01
-6.268590097567708908e-01 1.826775155425154340e-01 1.280773245405429292e-02 -6.592293081255914955e-02 3.363424301979209829e-01 -1.343063602836636061e-01 -6.823543160382485873e-01 4.619396800177180129e-01 -6.515956307454027208e-01 -5.984096565103242948e-01
1.120230370037290403e-02 -3.688283086121987853e-02 -1.620062912616057269e-02 2.463481717248013070e-01 -4.866753135433880550e-01 4.192323257148839466e-01 -2.054691792949752682e-01 -2.445724222754464688e-02 2.186519018498658540e-01 -1.160851334611675972e-01
1.708746525992220489e-01 -6.254906823192453169e-01 -8.089526621125853190e-01 -8.175246818699043183e-02 -3.101086572783643969e-01 -7.991506990614819506e-01 -6.672946735581490874e-01 -7.253789859630451753e-01 8.638641553147494712e-01 -5.173038306502854011e-01
3.681945092495176319e-01 4.730735374513170277e-01 -4.054460484301891654e-02 -2.682052196613517459e-01 4.397556851701361347e-01 -2.769947480571414711e-01 5.128280255865116377e-01 3.513836689178416184e-01 1.544737866495388690e-01 1.384734598992423960e-01
-3.188110162000019066e-01 2.902384778249802455e-01 -3.572854827041809650e-02 3.128855597538512251e-02 -6.897555427184459687e-01 -2.378428587071285960e-01 3.301987338228883906e-01 -6.524542009193222691e-01 3.853478563619357478e-01 5.948223892805038328e-04
-1.721661507763726506e-01 4.756633680867918823e-01 6.126953293327841443e-01 -7.063138305788296822e-02 -2.149332187180796050e-01 -5.385781712408300725e-01 -2.587740973339649475e-01 -4.088745777113977908e-01 5.187156392136702543e-01 3.589025609761622992e-01
-3.799361311312505207e-01 -5.405375179283583575e-01 8.694162703316823393e-01 6.499950629334740881e-01 5.102319711793527057e-01 -1.409139001078151821e-01 -6.758341692722280580e-01 -8.332533572654975129e-02 -5.776703731684670329e-01 -6.630139055635672074e-01
-6.646273859887448510e-02 -1.097720615443797676e-01 -6.914393695631171344e-01 3.337304690819146158e-01 -3.806877663551927471e-01 -5.795382496180939702e-01 7.975198741651812195e-01 -1.519518488556236835e-01 -1.318563033382642025e-01 3.545374413186975215e-01
-1.488264448136825124e-01 6.066598146590319596e-01 -4.886292172571396475e-01 -6.684386593323378145e-01 2.551083188212384667e-01 1.321109968249166988e-01 -4.303252230979201509e-02 2.546292604479851729e-01 3.152708421224756363e-01 2.484233344295180279e-01
3.094850911197600807e-01 6.343746558563982951e-01 -2.221094418134433868e-01 3.530890172468048038e-01 -6.135853906253183609e-01 -5.786801630912602468e-01 1.086458426891130508e-01 1.928226617499955442e-01 -1.166182490242139991e-01 -4.405978957921131145e-01
-3.418479320647135888e-02 3.172466705490339378e-01 3.512580497418525405e-01 3.132937850546228531e-01 5.175605362631959805e-01 -2.785915088254420358e-01 -3.702441101393093015e-01 -5.310125072440981253e-02 -5.642043419097345636e-01 -6.180237027860220611e-02
-3.527152375902375403e-01 5.893636004178056664e-01 2.753452344502272942e-01 4.290816074742106467e-01 4.013494772256462895e-01 -4.515758810552049085e-01 3.563744267585963188e-01 -2.614790546674508054e-01 7.174170328892257587e-01 -4.215506172434192456e-01
9.661510201532742814e-02 3.019205660936850194e-02 3.241806348714856151e-02 3.467639299777399743e-03 -5.755523866323238209e-03 -4.999607510131609360e-03 3.624244079871791029e-03 1.550166399609742007e-01 -9.177323797829050472e-03 5.390419183843072302e-03
1.498205086439789169e-01 -2.772306646445999584e-02 -1.742248600513933562e-03 -1.806131548132082210e-01 -2.505484883912133531e-01 -8.480601139753622675e-03 -5.923486639808834414e-02 1.057002375888131396e-01 -1.205353039276200605e-01 -2.963007342598098504e-01
3.829245897278668598e-01 -5.490632524082724730e-01 -2.858339118143343183e-01 -7.031774360265082846e-01 -6.883221897369483366e-02 -6.953659166909261780e-01 -2.029516122860620386e-01 -6.338528735459989516e-01 -2.109148519755536452e-02 3.115070731546790705e-01
2.643737090297558490e-02 -8.626026492555062541e-02 1.296708766260403585e-03 -9.245122008895663435e-03 1.693565373428587428e-01 6.784857735579907789e-03 7.435321774362516067e-02 6.654748631195885056e-02 -2.508029424927907258e-02 7.289424275626850414e-02
1.123293134964082479e-01 2.503873395844255501e-01 -3.567698712286933999e-02 1.100808190111967066e-01 -4.293633478266817294e-02 1.699075854981292877e-01 -2.870730274841411522e-01 1.831683158353860363e-01 -3.127580002565407986e-03 7.161727251097078917e-02
-3.841901204783995105e-01 -4.014250791292590936e-02 5.798302889135547034e-01 -5.067360887559983068e-02 -2.528218314763066576e-01 7.120855764425653156e-01 -3.189799455682356122e-01 -5.180200686000719923e-01 -4.081473043953038338e-01 5.431106515695175441e-01
5.803883837922712008e-01 -7.597581026262169301e-02 -2.596685787387861821e-01 6.618785597504396323e-01 -2.619555231974667886e-01 2.617166842765165577e-02 -7.756293472146312817e-01 1.503497549107533082e-01 -5.355065086136716612e-01 7.418875199266743437e-01
2.499098596926508653e-01 1.712906117076605506e-01 8.404710072773326560e-03 1.156313321240004244e-01 -7.287963360245543198e-02 6.551315357069319167e-02 4.387238662835572095e-02 5.389319669505664850e-02 1.176447482801251804e-01 1.405297222017749259e-01
-5.197734549091099776e-01 -8.463680011416685467e-01 1.547943231122040075e-01 6.035648027992740472e-01 -2.752473620013253242e-01 5.896962807434721343e-01 -8.403577629752307931e-01 -6.959628689201256824e-02 -6.876873693411754696e-01 6.391944923761569974e-01
-3.033406129437315243e-03 1.647938975943983100e-02 3.720959073570587888e-02 -2.677333723046820477e-02 1.077133604332824665e-02 2.076747525335554193e-02 -5.938627530897495205e-02 4.572826179743267466e-02 -6.307935387861975107e-02 -4.345451536519428365e-02
2.004963811557352316e-01 -2.357861730296232639e-01 -4.381815086350219213e-01 -2.981727158039665926e-01 4.333967147898550865e-01 3.656364122128267224e-01 -2.071497579365998432e-01 -5.355807872501755496e-01 -5.180261374711064848e-01 4.929650143363368264e-01
2.798686172638110703e-01 -5.116233425774734389e-01 -2.087616640107019250e-02 -3.407444474559943592e-01 9.728275424523909198e-02 -2.943366515937434480e-01 -4.022305576714873543e-01 -6.418317997180364443e-02 9.840889542961842387e-03 1.791071480956967776e-01
-1.133928195388042709e-01 -2.900895729102701548e-01 -7.855413665480111274e-02 7.158820799684359470e-02 1.689275627970084626e-01 2.187806601993176336e-01 2.397317435576183653e-01 1.989871519704064506e-01 1.250097510651658195e-01 7.168754061124116284e-02
-8.561038980553516975e-01 4.486178301762589471e-01 8.851967936230013823e-02 7.394280000905247840e-01 -2.688911013112528225e-01 -3.178820563754730655e-01 -1.515140410643847635e-01 7.620911296376433608e-01 -5.123801525740542817e-02 1.402135231678920679e-01
-2.432674413629146992e-01 8.399320213268694768e-02 5.653914927355231379e-01 -4.029775694875679104e-01 1.993975181307479638e-01 8.065413394837882555e-01 1.951400137446429039e-01 -7.683976731181658103e-03 3.367061823200620529e-01 -4.147686867961219992e-01
-5.360284843726987464e-03 1.314944307249023003e-01 -5.434134772476035408e-02 -1.278359652463482710e-01 1.552088142298606033e-01 -1.770824331221289016e-01 4.056196458589121645e-02 2.605842894425476272e-02 -3.802167252442779314e-03 -1.287443272636306091e-01
7.288253737607444660e-02 -1.379820435897092211e-03 1.751113834648830858e-01 -1.829125542364315113e-02 -3.361514976938080601e-02 -4.476494256975045716e-02 -1.215518663828510718e-02 2.689998771177868828e-02 -1.282340952833879999e-01 3.380253692897541851e-02
-2.855409147350175258e-01 7.655185108285420537e-01 9.155417802623000423e-01 -6.209176763310815250e-01 -1.041589263598330095e-01 -2.551812801650217843e-01 -3.159819610090793263e-01 -2.246298024642463809e-01 6.814545461465858489e-01 -4.020412560030247051e-01
-3.388759085830510553e-01 -4.367730466202376927e-01 -4.449150412508221519e-01 2.746715449867961345e-01 -2.323518169136469247e-01 7.263968569590795177e-01 -2.092156367592278021e-01 -5.144084594801049404e-01 7.522219527017222351e-02 4.390987397973356021e-01
-5.075828646305471370e-01 4.419500854799394141e-01 5.394055859326808422e-01 -3.209971991591205609e-01 -1.560056843933960435e-01 3.177892459455108343e-01 -3.198793428943555450e-01 2.312274384268440397e-01 -5.809702779261931571e-01 -7.120353805721264528e-01
-2.346842027768243633e-01 -4.528208984505421308e-01 -6.246342460072483727e-01 -3.892536848918004000e-01 3.795142668114993012e-01 -5.364473841359652662e-01 4.772616705732468656e-02 -3.170329082789268282e-01 -3.664809822866751388e-01 1.470682354163366512e-01
7.474849271264552564e-02 -4.176738180140694701e-02 -2.416253478542689237e-01 1.715491798729273654e-01 2.788821221741559497e-02 -9.256030395951436729e-02 6.526216038495998017e-02 -1.099251345378803122e-03 9.770129392073126362e-02 -2.235251587098285864e-01
-2.600716334365008597e-01 1.643684029394683332e-01 1.960800025673656577e-01 -1.471047877711783025e-01 -5.757046959231437722e-01 5.648107285735154415e-01 -1.277597641497559278e-01 4.406110193201213665e-01 -1.769675765716491045e-01 -5.503361238090492824e-01
7.761847392990176009e-02 3.649457198933142577e-02 1.320756249338250407e-02 7.401985863958752965e-02 1.080691296885219338e-01 2.610685704065735142e-03 2.452967569382962648e-02 5.636653750136658668e-03 -1.470894795429307164e-02 8.008376464209425449e-03
-5.660138441454538594e-01 -2.822674607024893700e-01 -4.568354981921692315e-01 6.320306908961171866e-01 -4.827672937332697090e-01 6.935165364281812295e-01 -3.441575237457492054e-01 -4.596611357226492722e-01 4.821682593665241323e-01 5.604948540717329397e-01
-5.398081568250976403e-01 -7.966868143784448797e-02 3.621755011549473435e-01 -3.990136947514103666e-03 8.202307052801880438e-01 -2.675112448297455869e-01 -2.275999788637087518e-01 5.786775370069210389e-01 -2.557033249467002278e-01 4.229188867926926276e-01
-7.171568711027037635e-02 -4.108411854725339124e-02 4.742412267280025906e-02 4.708607025588364831e-02 -5.222125727815273531e-03 2.500541156624917424e-02 3.896302946778951171e-02 -1.040268446671773969e-02 8.482628676627619255e-03 1.094665073429501034e-01
-1.035500405743380176e-01 2.423406840988439892e-01 -1.655728884250110347e-02 7.964123207032035301e-02 1.802919253283695455e-01 4.402586841654541200e-02 -1.629547119240690178e-01 -1.418471344328404715e-01 -5.320817630151708499e-02 -8.604579192452220526e-02
1.077539493953382811e-02 -7.433772864716253759e-02 1.459010439898841133e-02 -1.761775713072425975e-01 1.010119217847288836e-01 7.911885465319409838e-02 -8.611926007385589665e-02 -2.572499467728182054e-01 -2.812306692900973237e-01 -5.561055755785229149e-01
5.209580167140936968e-01 -1.124690938012773145e-01 -5.289724358887235578e-01 -5.634147789293160180e-01 1.251007712600363531e-01 8.697477688517717132e-02 -5.162923654498735582e-01 -6.754899560586173635e-02 -6.237601068064291265e-01 5.133375904528157951e-01
4.617574551227533464e-01 -6.366316058373985287e-01 3.783959631036675764e-01 5.747755900258174622e-01 6.301847900519411683e-01 -3.049414938033795375e-01 4.012971745512999844e-01 1.706016476727617304e-01 -1.259867704598241836e-02 4.826259810060488098e-01
4.226253368031007152e-01 -4.482738916137289364e-01 -3.871771787108551077e-01 1.682264779853721581e-01 -1.393532957897519187e-01 -4.149465032001561360e-01 5.065327693489588556e-01 4.249451318579540726e-01 -1.280734613753449491e-01 1.126017267409299416e-01
2.121703249808918057e-01 7.907856334822116473e-01 5.093756315186583894e-01 6.022829977567537574e-01 7.223270429013719518e-01 -8.030625249818215128e-01 1.672694190170985473e-01 7.931716178332440803e-01 3.089934602241274364e-01 -8.704166411630895883e-01
2.832924018639508823e-01 -1.172754096401138341e-01 5.374792130757742592e-02 1.358774335880604256e-01 -2.057828417632898421e-01 3.723806987971314819e-01 -3.539622796972295010e-02 2.354474876371385750e-01 1.436680625271844758e-01 3.470328491065202137e-01
4.331607344218282862e-01 -5.434294080688664152e-01 5.573437971921205714e-01 -3.538078790613353730e-01 -1.762695875552432456e-01 -1.588216650242471606e-01 5.541683498626361892e-01 -4.470325525897224095e-01 3.272467183581139749e-01 -2.338766472734880864e-01
6.766387347234890104e-01 -2.550036001543870556e-01 -7.074584532560286299e-01 8.932583712407800025e-01 8.626010642852723065e-02 9.341072077569158028e-01 6.929450204352914922e-01 -2.708447988666320971e-01 -9.290677505436950590e-02 7.890342439403916774e-01
-2.177680383017379651e-01 6.312612606987871855e-03 5.951658881618616254e-02 -5.250958224588678780e-01 -4.294856451373028627e-01 -2.349596206128944376e-01 2.204568159899977231e-01 -4.091523561209113868e-01 -2.980025155638372225e-01 1.438699147453863514e-01
5.113276599409350212e-03 3.901803156110696114e-02 5.548782971671294140e-03 8.220789139364692577e-02 2.725764079490351245e-03 6.647532646077386476e-02 4.770500644825645571e-03 3.734409257824244932e-02 9.866256093728464557e-03 1.558027999087054256e-02
-1.261108486595378941e-01 -6.034316649635057539e-01 2.769616330394607528e-01 3.309549127637928523e-02 4.902786729374781771e-01 -4.555297321647334141e-01 2.458039300746884814e-01 -3.977574068115847239e-01 7.154359047307048414e-01 4.423728932400939895e-01
-4.829228732254735590e-01 6.713207687636112420e-01 -1.039793608391738761e-01 -1.635735938734177997e-01 4.567119445014515833e-01 5.141586378647516886e-01 2.680681874445055568e-01 4.602763189332340077e-01 -4.640000711352406104e-01 -3.978484369630859163e-01
-6.692115563533874989e-02 -4.213800710787375947e-01 5.747291236840869344e-02 -5.662296162169597191e-02 1.607967522161622975e-01 1.722848384681114620e-01 1.147346059131674201e-01 4.139600040656025715e-01 -2.790763622841585523e-01 3.305757618777567242e-01
-6.774873478430597507e-01 3.952860893084343408e-01 4.482020430239158082e-01 7.202361606957333739e-01 1.307000782808555861e-01 5.892246327552339569e-01 -1.913618290227243057e-01 -8.566350064054700786e-02 7.055735249557610889e-01 9.196729708839386508e-02
-1.490838309091669089e-01 6.240551516878951599e-01 -5.614921935680459164e-01 1.915717233725114654e-01 3.064011787188630209e-01 4.242779652652198807e-01 4.000943987677680891e-01 1.155297189191739765e-01 -4.284272791588020907e-02 -1.581009304631710299e-01
1.318585959802897299e-02 -6.418633786532325358e-03 2.216939467692976770e-02 4.903833753498492570e-02 6.520792542723029273e-02 3.238313901894079166e-02 6.623157316846659329e-03 7.400697158267451059e-02 3.655266709910733741e-02 3.680249103194317695e-02
-4.907602355933524119e-01 5.988421614463218523e-01 -4.900527389355553987e-01 -5.578482096877092344e-03 5.722919893330508101e-01 -7.475722905024948517e-01 -7.993103751787695721e-01 2.622810567626614464e-01 -3.389147217747138230e-01 -7.029568453343365553e-01
-2.138679937773247663e-01 -1.650677727731559574e-01 8.124648403969902954e-02 1.390087849458941371e-01 1.429807351412554217e-01 -4.166365146292641541e-01 1.116354350328596090e-01 5.746454234060586197e-01 2.074348120112190774e-01 -8.279579211994822496e-02
-5.440621623141246310e-01 1.971517564110452925e-01 -8.109084842480090982e-01 -3.334248401177564158e-01 -6.753095785521553429e-01 7.860053263791334788e-02 -8.326089594159038487e-01 -5.072164019991018957e-01 7.998239196491186975e-01 6.876599698748712131e-01
4.705580549613819913e-02 3.395091134834916230e-02 7.822388979989820801e-02 -5.748025059531729902e-02 1.619904537081899923e-02 6.299018576819071652e-03 2.336638761268904074e-02 2.064016055619043166e-02 -5.250841935049306228e-03 1.128046969478778763e-02
7.560861715603253708e-02 -2.068418852463199953e-01 2.923301567532023970e-01 4.349612389276691360e-01 -4.836921013294627203e-01 1.840344187478724081e-01 2.272378127269012726e-01 3.697916503848176772e-02 -4.960817187327244415e-01 -5.571632765462446457e-01
2.318580941395093076e-01 -1.232211489012482591e-01 2.346570351737288784e-01 -3.100783147899097841e-02 -2.060627368823311489e-01 -2.377005960572642351e-01 2.253289233695303651e-01 -2.650451414455319288e-01 -1.232430743801754824e-01 3.046861497670277363e-01
6.966034375346512597e-01 -4.803436046699094963e-01 4.768619266242316024e-01 8.245723930451400729e-01 6.134667600698043843e-01 -3.284971615397927480e-02 5.271066128353851798e-01 6.937022961192940151e-01 5.925046610213708931e-01 1.054257785379093815e-01
9.537442486757252702e-02 1.155841183051622145e-01 4.704706540994766373e-01 -1.436861512517097206e-01 1.872766404822054365e-01 -1.971026346405221341e-01 8.862178653817236185e-02 2.657027768206755014e-01 -3.725658919378309619e-01 -3.561910400945441091e-01
-3.569243309916694251e-01 1.337414460374947989e-01 3.852360115057995027e-01 -5.816516853038694590e-01 5.704059248703363671e-01 -1.217044597149980062e-01 7.211411877000905024e-01 -5.608334737653499769e-01 7.488905027146695870e-02 -4.131907452528626318e-02
1.581253834652277257e-01 -2.183970110580537860e-01 -4.172549949387064361e-01 1.427437565759349068e-02 5.136334427129022467e-02 1.559304180588342789e-02 3.804777136545401950e-01 3.886694366275788570e-01 -2.882584454958178263e-02 -4.975595030015353415e-01
3.048473717895143209e-01 -6.146528486732869556e-01 -4.716213334225289877e-01 3.027717502718913281e-02 1.545726631550533858e-01 2.919097474693028160e-01 -2.634889920330932833e-01 2.002492110984933904e-01 -2.655923980994412958e-01 -4.030786134759185568e-01
-3.686211600190358179e-02 3.748477947965758172e-01 3.186799234231377231e-01 1.824346072308874744e-01 -5.511357094326325284e-02 2.231913162385955052e-01 -3.237020061092849565e-01 1.843901142798524961e-01 -4.741130118266992529e-04 -4.169042548805886872e-01
2.504610446963768111e-01 -1.877499409621457283e-01 -1.566625379599848322e-01 4.522772271364597918e-01 3.872886032140527290e-01 4.666275013072707090e-01 6.924050539939765603e-01 -9.371187033505910813e-02 -2.918956871718152990e-01 3.411019855223614283e-01
-5.113398525636563274e-01 -2.157499889051223141e-01 -5.448590992656561494e-02 -8.057605441450451517e-03 2.652654765295219819e-01 -2.411736537984497664e-01 5.901262731016076665e-03 -1.841535961904383345e-01 -2.862242650913379149e-01 2.400502048196167804e-01
-1.716317598056038563e-01 -6.916662042604121430e-02 -2.509139074247403456e-01 2.444470568331506555e-01 1.741030556949425268e-01 3.015017252834107930e-01 -1.046501646866935670e-01 6.196941136087080748e-02 8.356034125999790060e-05 -4.273194727391570191e-02
2.131608124198078602e-01 2.408884394700243903e-01 1.727495600901318151e-01 -2.153572722697719710e-01 -3.645062814193226197e-01 -2.427445971163146865e-01 2.328491538627794066e-01 -3.149634599722782036e-01 3.516612309175208839e-01 6.473834288581133134e-02
-1.952850004383785591e-05 5.345850735696010547e-01 -4.410979429251816741e-01 4.750046856404532281e-01 6.462332309778512363e-01 1.769210007932194295e-01 3.234265598320461010e-01 2.757706737766146832e-01 -4.689078730621776270e-01 -6.461702987756582361e-01
2.826265957864085854e-01 -3.721743404441095193e-01 -3.953971938250172014e-01 -2.331809543529139161e-01 4.720981785755405391e-01 -4.977559198154089815e-02 2.096654184012818750e-02 5.187019645571451232e-01 2.624958318708855431e-01 -2.448336562339099298e-01
-6.802520031502874709e-02 2.969917991623456377e-01 -2.510688263821500565e-01 1.815129925043292847e-01 -5.122675172447517244e-01 -1.678578790552456013e-01 3.093834238741886011e-01 -2.786154536045107322e-01 6.678232086390817335e-01 4.505985346818622284e-01
-1.963860551614666008e-02 9.631560881204973001e-02 2.203232617997876175e-01 2.097446471466641038e-01 8.343876429806419692e-02 3.661842524797323528e-01 1.713077341319688418e-01 -1.064350095928158491e-01 8.965571166251398716e-02 2.623811444474806187e-01
