6.284995602243511614e-01 -7.932108429134673289e-01 -1.145627535642123468e-01 -6.190854001588956823e-01 3.216055483608174503e-01 -4.556465316584797920e-01 3.522742768603869257e-01 5.921227082655360352e-01 8.049232406883387592e-01 7.072803636605131672e-01
1.491621148556712129e-01 1.205849527490320539e-01 -3.869174659903482083e-01 4.043605059703166971e-01 3.952174586676786006e-01 -1.073867894007877466e-01 -2.523435105719402660e-01 -4.307695935728885761e-01 5.160691952227951518e-01 -2.686487277328790113e-01
2.783775963666864084e-01 4.414851633128049069e-01 -2.006093501674400745e-02 6.557511836773524116e-01 -5.670749307297702213e-01 -2.936568267243521158e-01 5.545447873883754264e-01 2.521909807439200457e-01 6.816935743386398627e-01 -2.658401227598065075e-01
1.643853552812685470e-01 -1.790113456439591522e-01 -4.426098576535045931e-02 -4.619945910115909327e-02 -1.456594975143094828e-01 -1.389008748002811267e-01 1.906350739631612057e-01 -1.551771415504360485e-01 1.377870622670598066e-01 -8.425081314770799246e-02
-3.831870112084041075e-03 -2.201639899906392053e-03 7.661105671280717122e-02 -7.275090097245469171e-03 8.152438129057100469e-02 1.475745232262956792e-02 1.428928369012488590e-02 6.226322080499774314e-02 8.527039901698727983e-03 3.784668655265809728e-02
-4.455910106853889774e-01 -7.468362829875776487e-01 -4.071574015952160452e-02 -7.938454132311533185e-01 7.015844627245781950e-01 -6.938163232250624812e-01 5.530846923110234181e-01 7.119289802863673078e-01 6.743653389258149611e-01 2.297325055194415211e-01
-4.946800116156412942e-03 1.759487845175503329e-01 6.260863977426281424e-02 6.212770358079611373e-03 -1.272448086424481963e-02 1.107815740617261110e-02 3.748354683404931526e-02 1.382629417251949461e-02 5.674652415513214282e-02 5.441893355901781734e-03
-5.348283781013531968e-01 6.801270453741744548e-01 8.211578815944087228e-02 6.852687249556250748e-01 2.256083426684110937e-01 -3.245083231328437789e-01 -3.837874337995511587e-01 3.201379641432163803e-01 -6.046064566732478607e-01 5.596605538705544669e-01
-6.986547161170608700e-02 5.907972305536108859e-01 5.497201243913010238e-01 -5.609201625393310797e-01 -2.791891364239916240e-01 3.694630421326530745e-01 -4.167975517362828008e-01 7.203692514064218289e-01 5.173236284623867753e-01 -1.899271034969420291e-01
6.770232982476130992e-03 -4.943210387733681065e-03 -6.883212487615477174e-03 3.072829744232903962e-02 8.942442763640552628e-02 4.530046026845424567e-02 1.002859599868267948e-02 4.696705594122086574e-02 3.053677009204497708e-02 1.621566600308577133e-02
-1.346535373456849045e-02 9.819755237166299944e-02 6.096305233641181875e-02 -6.704480583326292986e-02 2.147615783391636224e-01 1.444941401697243631e-02 -2.734630959092407623e-02 -1.784920557538306491e-03 2.757183146986688302e-02 4.820357070214338624e-02
3.422697530966702373e-01 -3.188816826960522710e-01 5.951333907900655529e-01 1.864085622535291697e-01 -3.493835821283144960e-02 -2.090174844962245648e-01 5.402728879572773479e-01 5.067731474345159581e-01 -4.532697830972219899e-01 4.087062424262957183e-01
-4.218161757724837035e-01 -4.400565985172396472e-02 4.412105799698401443e-01 5.798088423685112680e-01 4.668946960329686258e-01 -4.578049835551796232e-01 2.075365749943449412e-01 -1.355984964917557045e-01 3.158656980999773878e-01 -1.276238510648151081e-01
4.147869917940942841e-01 2.014807356168274444e-01 -4.654764058183600839e-01 6.356938206338847985e-01 1.749733258836526084e-01 5.398827057119295891e-02 7.431404394204018660e-01 -1.599010994302763056e-01 4.120776982902908392e-01 2.876538900182862846e-01
3.103203017797783181e-01 -5.498269269213623689e-01 3.611449467794543566e-01 -2.360650574756801012e-01 2.914130740141403497e-01 -1.801333010153021441e-01 -4.542833926867217431e-01 -1.668147794106260295e-01 -2.011151908889568241e-01 -6.823046959710498127e-01
-2.917370468971520765e-03 1.770579000417505169e-02 5.878656614648703621e-02 2.043949420117371907e-02 1.323291977935217752e-02 4.602094479253004272e-02 2.423673820763703416e-03 1.171743383736191524e-03 2.295776923620113444e-02 3.802100093844321821e-02
-3.990391191950122818e-01 9.692423897326249427e-02 -5.362823370640033005e-01 -4.592495082609507340e-01 -1.426090769926599555e-02 1.946227812794528444e-01 -4.195088004298546530e-02 3.551515806484902837e-01 9.632307930588922262e-02 2.439658918590683068e-01
8.297675050146108289e-01 -5.337672926448658872e-01 -7.693720895905963308e-01 4.700892946058315425e-01 5.959884185676684876e-01 3.149311676779172897e-01 1.115673368938753240e-01 6.657052126494531485e-01 8.042207418440290301e-01 -4.411909432476881499e-01
1.392127299886376747e-03 4.165645466653730006e-02 -5.885791825378343667e-01 -4.765801951312571560e-01 -5.777534404511284194e-01 2.850473565613884652e-01 -3.637217425445123942e-01 6.704007558567810499e-01 6.701317096051974398e-02 1.281458452571676565e-02
-4.203885153983352024e-02 2.379812398019184871e-01 -1.336169994055427523e-01 6.328560345697491207e-02 1.916796528139517453e-01 -8.744844025844170088e-02 -1.970162211506440719e-01 1.335760454356312854e-01 1.425810505491084956e-01 4.871549295673039542e-02
-2.214927523409663482e-03 -5.307282271012375013e-02 -2.346943901890745088e-01 3.619491411541587156e-01 -4.059306771039584150e-01 -2.562349554653944525e-02 1.768186019248302321e-01 1.949976061870079547e-01 -3.044389259566002703e-01 1.742308913735015896e-01
2.746489931119496797e-01 -9.172616266757648018e-02 -2.219065534691525565e-01 4.005235754603633236e-01 2.637294207664028778e-01 1.637520543355448222e-01 2.073509849522982007e-01 -8.966918578986557420e-02 -1.248938360379177465e-01 -2.128430997020716309e-01
5.780326974085910757e-02 4.144756001187172578e-01 -1.992154563194064310e-01 1.703576315726841039e-01 2.525828471791285446e-01 1.293522428095912336e-01 1.011842364335952538e-01 -5.079930093279550612e-02 2.428769661417199133e-01 -6.971200427692432477e-02
5.222775458681601091e-01 1.115609093928896234e-01 8.166484319961972993e-01 -8.842806067921340496e-01 -3.956499033363705120e-01 8.721101425330099466e-02 7.580178090701410465e-01 -7.725622497664313970e-01 -2.094901619551833849e-01 -8.075633239578577927e-01
-6.267965668689807757e-01 1.825933273761449205e-01 1.285428315897692644e-02 -6.598245513387419880e-02 3.363090956811849441e-01 -1.337236469056514165e-01 -6.822149409569292500e-01 4.616156063851235558e-01 -6.515286896751106838e-01 -5.977046584062825074e-01
1.103350649136626560e-02 -3.277759297182485099e-02 -1.610971597690207674e-02 2.449888577416311497e-01 -4.850487701600848522e-01 4.165321050081979282e-01 -2.044802003685077529e-01 -2.436871453058192527e-02 2.175096755926984315e-01 -1.159735719070516674e-01
1.708338332474569621e-01 -6.254828184938139302e-01 -8.085457133837256061e-01 -8.180219354557173583e-02 -3.101101514098751899e-01 -7.991778350271141473e-01 -6.672452342736190367e-01 -7.253580117251408055e-01 8.637325152731800681e-01 -5.173551090768452321e-01
3.680010883243367559e-01 4.727719019530822187e-01 -4.058508047577798206e-02 -2.681469428439035574e-01 4.400244600574133025e-01 -2.759111844668172830e-01 5.125984854558215398e-01 3.512188475168397384e-01 1.543573845564458202e-01 1.384537585375939794e-01
-3.189195000292611160e-01 2.909658484149454383e-01 -3.575452118144568231e-02 3.156069996217639867e-02 -6.896570557485285358e-01 -2.373695615980115359e-01 3.310115617042976854e-01 -6.521827598039007245e-01 3.852003095050506865e-01 4.363521023479603874e-04
-1.715846889121670771e-01 4.749037593988929551e-01 6.125490067247284509e-01 -7.174285125362159232e-02 -2.129313968989481332e-01 -5.385677209637516061e-01 -2.582173904145028676e-01 -4.073415789700809975e-01 5.181073871301034028e-01 3.579251068903251953e-01
-3.801013759080659749e-01 -5.395471925735590979e-01 8.694431857823456955e-01 6.501510361167777141e-01 5.099618101674298076e-01 -1.409144370471190066e-01 -6.754385708725350046e-01 -8.335683730705560623e-02 -5.772372632691484817e-01 -6.631108202921366379e-01
-6.650208351663740303e-02 -1.099522422933297133e-01 -6.913636647028086335e-01 3.337066510448165046e-01 -3.806703587831288815e-01 -5.782652215596857381e-01 7.970747976026836268e-01 -1.520601669398566613e-01 -1.319948859860933243e-01 3.548748246254670446e-01
-1.488571934276959052e-01 6.064711189296713156e-01 -4.887091319603355521e-01 -6.683732510880384670e-01 2.550417622800734696e-01 1.322877230835887152e-01 -4.319923537538199187e-02 2.552202224481429083e-01 3.152563451984066734e-01 2.481761271330914231e-01
3.091161966944590556e-01 6.335678797169637111e-01 -2.222314346437550825e-01 3.526506571473818630e-01 -6.109301515466176724e-01 -5.779466518057491120e-01 1.089397146531992794e-01 1.924711763857401003e-01 -1.168574800156791521e-01 -4.402256636274216040e-01
-3.423133133223708185e-02 3.175454689679971798e-01 3.511670064349785569e-01 3.132593590563936825e-01 5.174929231191804924e-01 -2.784161290616384843e-01 -3.701090466134799306e-01 -5.305495520195888798e-02 -5.641493871166987084e-01 -6.184527465167910520e-02
-3.528399305724171930e-01 5.889466210310477789e-01 2.755307545758995391e-01 4.287391144755324790e-01 4.006647800383341673e-01 -4.512640821000354907e-01 3.559194919126891232e-01 -2.608987800821319092e-01 7.169640358236678557e-01 -4.218949378026748409e-01
1.041253503265036628e-01 3.482102462164188977e-02 3.620438270678733722e-02 8.985866148067308753e-03 -7.903233778853014160e-03 -8.630748166933727844e-03 1.515889358081064448e-03 1.682344088766270229e-01 -8.708811315831347516e-03 2.796124746911478939e-03
1.389673786943181888e-01 -2.512510386368559459e-02 -6.954093685643722086e-03 -1.696713198845071768e-01 -2.301645114916630319e-01 -1.135507299438831205e-02 -5.798913073179197408e-02 9.545804542319359653e-02 -1.159642090002132031e-01 -2.833498182886541317e-01
3.828310545863308767e-01 -5.490793063344496794e-01 -2.856918546690662142e-01 -7.031217642035254567e-01 -6.882558355695496399e-02 -6.943664000193635610e-01 -2.033037952605446785e-01 -6.339829861337954453e-01 -2.114879175643148701e-02 3.124131619601873688e-01
2.615255994568671180e-02 -7.912302424642519982e-02 -1.996930658585371627e-03 -1.401958638765211321e-03 1.733819592184598357e-01 1.441266334878679115e-03 6.817415986110086923e-02 6.267361308378194273e-02 -1.919060132715974878e-02 7.502030676555340727e-02
1.130144750467531600e-01 2.490251724999123228e-01 -3.492335413793697801e-02 1.140701824074498716e-01 -4.259125317152007151e-02 1.646633478353653757e-01 -2.805527865384801478e-01 1.812454022838893286e-01 -3.370750603643910513e-03 7.210725672929960139e-02
-3.825707606752132839e-01 -4.046798523819648136e-02 5.793178551205949711e-01 -5.068481228047955200e-02 -2.531456497626916047e-01 7.110833750000127296e-01 -3.183851175216155793e-01 -5.172660398170889628e-01 -4.078711334335655692e-01 5.435742858226628726e-01
5.803815949466668567e-01 -7.580862293267690011e-02 -2.596674528466378917e-01 6.618688646719922408e-01 -2.619488687803585014e-01 2.617244937636071730e-02 -7.756201007180388851e-01 1.503476969974771038e-01 -5.355035786870069314e-01 7.418792745969026159e-01
2.485497059168182699e-01 1.690915185032683676e-01 1.083762143288617523e-02 1.154603312858676761e-01 -7.238585944729430954e-02 7.161269941884029766e-02 4.379959761514773398e-02 5.145107066837071447e-02 1.155155026245376776e-01 1.381009484221304429e-01
-5.197942616523586468e-01 -8.463199707232814673e-01 1.549990800843631944e-01 6.035849011399887498e-01 -2.752803131768284950e-01 5.896863881660568962e-01 -8.403524768917577381e-01 -6.963656700874851224e-02 -6.876900739671311102e-01 6.391953110053848475e-01
-6.691941377952463675e-04 1.318481243643646050e-02 3.150837551942080317e-02 -2.479438867812004677e-02 2.449870633009023149e-02 3.225726300737306179e-02 -4.670277577247729933e-02 4.278430824460899284e-02 -5.731682828853370409e-02 -3.851563140062895518e-02
1.999054736237634577e-01 -2.352926644172860238e-01 -4.378551344630000619e-01 -2.985687969103619221e-01 4.337872159284245632e-01 3.655235591085350122e-01 -2.075852142622957586e-01 -5.331596415329048488e-01 -5.174035248046878754e-01 4.917124663216684843e-01
2.784681102077873338e-01 -5.088925832436353991e-01 -2.075690363241322264e-02 -3.388381345757352503e-01 9.756004206757350194e-02 -2.924612134106325256e-01 -3.959662746917872456e-01 -6.333135708447171219e-02 9.527196526554298356e-03 1.780592258759400859e-01
-1.114447417850235322e-01 -2.859922229758524725e-01 -7.717427548396163517e-02 6.965493091995104968e-02 1.717773030380346233e-01 2.151701326565554073e-01 2.358659065737383487e-01 1.952394599842250666e-01 1.226134724270893095e-01 7.809847742441200502e-02
-8.560408617482826443e-01 4.488010412467927090e-01 8.848158355905168249e-02 7.396988005226950991e-01 -2.688804090471265673e-01 -3.178875176780681655e-01 -1.515086883203401180e-01 7.620371698784008663e-01 -5.124876845325207486e-02 1.401791631386185011e-01
-2.423159183508292458e-01 8.394477310943930515e-02 5.652121823827642721e-01 -4.028482138137332025e-01 1.992980302566754458e-01 8.063121879142253201e-01 1.950913031399368613e-01 -7.681111112065972836e-03 3.366057543426896892e-01 -4.146782289927148368e-01
-3.659494254082330811e-03 1.239865365263341096e-01 -4.891551301721569489e-02 -1.130654968107220049e-01 1.428530240671920248e-01 -1.628860503700088613e-01 5.475355399644189769e-02 2.253204234885848242e-02 -3.701989010571575447e-03 -1.220368088552369057e-01
7.101617561271260370e-02 4.271493396398243561e-03 1.804695591307768077e-01 -1.796365982406731426e-02 -2.977660955736183973e-02 -4.393645161482407496e-02 -4.756463577510669331e-03 2.747355477689152059e-02 -1.226443651375491301e-01 3.016251269961325518e-02
-2.854973416709510325e-01 7.645976625568464691e-01 9.152159165117117468e-01 -6.203866809853932907e-01 -1.043103172811814944e-01 -2.520525663665922345e-01 -3.169811968396260560e-01 -2.253550612566675992e-01 6.805962768120663586e-01 -4.000289444964673091e-01
-3.385870787736786069e-01 -4.366781458267668947e-01 -4.448336893480133170e-01 2.744477495262753197e-01 -2.325131097444793904e-01 7.268851549934763900e-01 -2.089900818636712121e-01 -5.144297048269982353e-01 7.512836359195307345e-02 4.387807191869437240e-01
-5.075803637782200228e-01 4.419447357530875142e-01 5.393956149331157190e-01 -3.210080575844736495e-01 -1.559155046037317138e-01 3.177896662876359968e-01 -3.198794569929879761e-01 2.312074843594043028e-01 -5.809775981292488733e-01 -7.119598671545496194e-01
-2.343997987497481172e-01 -4.526527332226069622e-01 -6.241838180644809775e-01 -3.873957180892352303e-01 3.790509683392466744e-01 -5.362511959267500794e-01 4.754908423869817768e-02 -3.168562909134928218e-01 -3.663714022109463841e-01 1.465773456174856437e-01
8.135991696431985054e-02 -4.181831106750204946e-02 -2.393776410111145558e-01 1.686395476124844528e-01 2.860374890722478317e-02 -9.290432944872084597e-02 6.547097426559431166e-02 1.985084225382338901e-03 9.621351315765194756e-02 -2.208802016429848858e-01
-2.585005720496468262e-01 1.633875139515165442e-01 1.957368611462102781e-01 -1.449478686763000512e-01 -5.744887973854044816e-01 5.647628247562819226e-01 -1.265534719944670095e-01 4.391552786756779958e-01 -1.763886800123761478e-01 -5.501545829305158897e-01
7.547255459424463686e-02 3.271969508574707614e-02 1.788580896376211829e-02 7.398326520794393235e-02 1.013980097291278248e-01 -5.736784222328712712e-03 1.637645012806387620e-02 1.327889486452869978e-02 -7.007120794000570516e-03 4.269466500706970216e-03
-5.660218248988063694e-01 -2.820759462814027008e-01 -4.566643309727884126e-01 6.322232410352485177e-01 -4.834164734887465009e-01 6.928942136300902943e-01 -3.441721065343972263e-01 -4.584968943028199795e-01 4.825207178991823276e-01 5.610081057378493163e-01
-5.398351632563213043e-01 -7.968094457479493742e-02 3.621542106727183574e-01 -4.010276603127133424e-03 8.202346402724152163e-01 -2.675070771097537992e-01 -2.276330720101474303e-01 5.787792991849840529e-01 -2.556810267273222359e-01 4.228666965022948032e-01
-6.505728019496388737e-02 -3.769624115920478663e-02 4.495974264633657846e-02 5.440885679078875936e-02 1.074306952026563402e-03 3.108854592331075986e-02 3.531697056091216008e-02 -1.071750033075023409e-02 7.487107265930425908e-03 1.109398128919925064e-01
-1.021437578095608922e-01 2.420276763654327090e-01 -1.821460317329469392e-02 7.843260472238125502e-02 1.774042904603951309e-01 4.455147164368512824e-02 -1.567151753109019274e-01 -1.410217000791935682e-01 -5.106249844716684999e-02 -8.277624359619646655e-02
1.011791179107447355e-02 -7.168785316866822799e-02 1.552653728224229548e-02 -1.725462881296667694e-01 9.712933547292702807e-02 7.334379081555576774e-02 -8.457302632137898846e-02 -2.476810603932317889e-01 -2.763166171200308052e-01 -5.497768652583095994e-01
5.200798819569010245e-01 -1.097309960809856877e-01 -5.283254429901896865e-01 -5.624872540267609189e-01 1.244535532326176419e-01 8.687486989679640836e-02 -5.150736635497268345e-01 -6.757794772059912136e-02 -6.223536970987398886e-01 5.125811100725680136e-01
4.615743542227376817e-01 -6.365037063384286764e-01 3.784452097487153166e-01 5.747934643411755085e-01 6.294986899294110483e-01 -3.050358021620376281e-01 4.010440518788832565e-01 1.713019053987559770e-01 -1.254145715311432568e-02 4.827586556956485753e-01
4.211325565887748534e-01 -4.474422270562237736e-01 -3.834084764375701448e-01 1.671321284992016154e-01 -1.394481692105648263e-01 -4.142788596442175120e-01 5.048966211536697335e-01 4.238284330807928768e-01 -1.278396083567856223e-01 1.122823307986426239e-01
2.124389016277125897e-01 7.906613208870900689e-01 5.095089691331836645e-01 6.025221829747451352e-01 7.223137405821145052e-01 -8.030461597129584517e-01 1.673200868953709786e-01 7.929625943796574372e-01 3.089695202103091565e-01 -8.703791567542057406e-01
2.807084914535810660e-01 -1.157630274770749673e-01 5.437198995374285804e-02 1.363520604499445787e-01 -2.048955098332630731e-01 3.669160054822688255e-01 -3.377022510606516453e-02 2.366243124791508057e-01 1.439009168931996707e-01 3.480910615676913733e-01
4.327849352589668852e-01 -5.414596549265915382e-01 5.571203136704535597e-01 -3.539801751438702571e-01 -1.763480044279736036e-01 -1.593061136806196709e-01 5.543338304217175772e-01 -4.465884378035013258e-01 3.270568504094431006e-01 -2.335155759065028203e-01
6.766387347234890104e-01 -2.550036001543870556e-01 -7.074584532560286299e-01 8.932583712407800025e-01 8.626010642852723065e-02 9.341072077569158028e-01 6.929450204352914922e-01 -2.708447988666320971e-01 -9.290677505436950590e-02 7.890342439403916774e-01
-2.178576709571047043e-01 6.653394653072070355e-03 6.057727621373511229e-02 -5.236265228808997252e-01 -4.287080775325020077e-01 -2.351998854323761601e-01 2.194510146420213526e-01 -4.080916829293093073e-01 -2.970705292224350424e-01 1.438506391981790589e-01
3.508494778491919389e-03 3.515098623299042768e-02 5.864252139599418316e-03 8.401703026671145103e-02 4.216594202208328581e-04 6.471851473545857381e-02 4.169165095468846220e-03 4.583285965864996453e-02 9.275919736973314497e-03 1.681919610691437125e-02
-1.267071520319412170e-01 -6.032100159037755427e-01 2.765772232275803266e-01 3.359809498951004531e-02 4.912043022456623054e-01 -4.554188640385605225e-01 2.462970892932394296e-01 -3.980357842410396918e-01 7.153839321702635257e-01 4.428316476398462820e-01
-4.829298911017804730e-01 6.720558182939019298e-01 -1.039129701180812881e-01 -1.633994532784614484e-01 4.564804819325366525e-01 5.140714866899647184e-01 2.680843459404157469e-01 4.600812325371395062e-01 -4.638335440458319359e-01 -3.978728625575962408e-01
-6.623758244767577463e-02 -4.184753654765396846e-01 5.630973603786205983e-02 -5.718253348399512936e-02 1.583853698445788771e-01 1.740269008598441247e-01 1.139216031810311863e-01 4.117431897459333801e-01 -2.764971268984571240e-01 3.276562795330451583e-01
-6.774261589965391295e-01 3.952411964694761970e-01 4.481622029336956858e-01 7.200047993507953104e-01 1.306724958342798948e-01 5.890697214846173368e-01 -1.913531284984007486e-01 -8.509301199223107126e-02 7.054624634465537225e-01 9.196194760932975554e-02
-1.490662130209703118e-01 6.239826632294080966e-01 -5.614728368837936801e-01 1.915399898191675054e-01 3.063597100694145370e-01 4.248313372342572003e-01 4.000513360541699259e-01 1.155168468239931162e-01 -4.285574718882382422e-02 -1.581105874322376592e-01
1.161583140015412692e-02 -4.916366260035129852e-03 2.298374144901049743e-02 5.383086523375042731e-02 5.963339209314248712e-02 3.128424852636740860e-02 6.690189894287140032e-03 8.243546146083531589e-02 3.935191262698065767e-02 4.594913782929048451e-02
-4.907681590669570326e-01 5.990372813098232552e-01 -4.900703893799782107e-01 -5.592469323497804151e-03 5.722918131780506679e-01 -7.475695635967687380e-01 -7.993123762986924508e-01 2.622516121630124042e-01 -3.389216567088886856e-01 -7.029565468766028058e-01
-2.132501369882673359e-01 -1.627900852709432411e-01 8.094660183063516479e-02 1.388500180188581290e-01 1.424072811717396470e-01 -4.154955192810797504e-01 1.113037970477349092e-01 5.747929542422904881e-01 2.067679793343268069e-01 -8.262654472810468387e-02
-5.440567613999046648e-01 1.970227594458770215e-01 -8.104213027361424349e-01 -3.333265961572000613e-01 -6.752806903346356693e-01 7.863859052067122268e-02 -8.325255510323447128e-01 -5.071958631188309141e-01 7.999927082109178356e-01 6.874167993071699234e-01
4.824035043123333505e-02 3.184782452898565763e-02 7.953218052734960242e-02 -5.041441900093782819e-02 1.458359639605977080e-02 1.381348510840665206e-02 2.883433737697341237e-02 2.410841561156674973e-02 -5.471260863871235322e-03 1.487837699561807628e-02
7.542112746273291202e-02 -2.059747144274452768e-01 2.921463784413870779e-01 4.345064804613575915e-01 -4.836047944932758136e-01 1.845834673006324367e-01 2.264687242564673020e-01 3.684193817243922031e-02 -4.955684471995684404e-01 -5.566112011613514321e-01
2.214604444969343333e-01 -1.198314970385778166e-01 2.236628816083889304e-01 -2.783238029411376491e-02 -1.995676857612946886e-01 -2.276548489257285701e-01 2.252961024926145306e-01 -2.541431854389986644e-01 -1.167103387697810551e-01 2.934659773098033386e-01
6.965963289395602498e-01 -4.802057730142328951e-01 4.768352652312685125e-01 8.245692811538227751e-01 6.134499191701340282e-01 -3.285461738136526838e-02 5.271070867283227379e-01 6.937011804931085823e-01 5.925068094692307330e-01 1.054227698653294049e-01
9.595363498376027755e-02 1.154186969905044297e-01 4.713473299036517461e-01 -1.434636999916918954e-01 1.866656890007167280e-01 -1.969853418944925438e-01 8.845783699179296522e-02 2.652632822152523051e-01 -3.723284609155547153e-01 -3.561263996004900845e-01
-3.568945811004329283e-01 1.337347285232403094e-01 3.852157965102598336e-01 -5.816215208902932865e-01 5.703761036418569796e-01 -1.212759618608476170e-01 7.211034465212939892e-01 -5.608040542455898780e-01 7.488522639265346448e-02 -4.131757694876025955e-02
1.576629590431085637e-01 -2.180662987349919202e-01 -4.161864531692200386e-01 1.505551684633388634e-02 5.146605230663581221e-02 1.950611461212300307e-02 3.795902567913319592e-01 3.862254596305836341e-01 -2.950133796386438662e-02 -4.928221433666615803e-01
3.046613702628316322e-01 -6.143440461156999266e-01 -4.706374999569309381e-01 3.027190997805989311e-02 1.543779878447744947e-01 2.917542199258676416e-01 -2.634308150076004607e-01 2.000779559740686053e-01 -2.646863697856299269e-01 -4.029364572364071972e-01
-3.675967483487566773e-02 3.757565197486636976e-01 3.179729119702616735e-01 1.819217716927886419e-01 -5.347838118897793591e-02 2.232778371134858386e-01 -3.230880008875113840e-01 1.839587072955611302e-01 -5.367862615731722273e-04 -4.156811374516714008e-01
2.503378303952801809e-01 -1.879083636341356556e-01 -1.566645920652261215e-01 4.520282049516730072e-01 3.870578855489537617e-01 4.674524319073743439e-01 6.917485087500092611e-01 -9.394093043287633782e-02 -2.909222084183064050e-01 3.415157474880985422e-01
-5.110415047427658841e-01 -2.147337778924817420e-01 -5.467766424684661342e-02 -7.377677810226904685e-03 2.651150279229502749e-01 -2.379833104288671675e-01 5.786171049469926962e-03 -1.842314916962550231e-01 -2.860241197216397135e-01 2.399889775795404356e-01
-1.666486631158943243e-01 -6.646314150058184322e-02 -2.435342204054484205e-01 2.337716625308926266e-01 1.735551905667530870e-01 2.919578662075906772e-01 -9.772158211143373852e-02 6.283187760477454420e-02 -1.636084134746056216e-03 -4.371294464706435012e-02
2.124550705144008789e-01 2.406625105720300861e-01 1.724947829236978258e-01 -2.150670927437640378e-01 -3.651480348358299710e-01 -2.425141088160303326e-01 2.336294857400424696e-01 -3.132356841958569005e-01 3.510111484225335587e-01 6.463011246227584605e-02
-1.941863368987582742e-05 5.347186735629607668e-01 -4.410951187906618776e-01 4.749903504709669377e-01 6.462119084440755001e-01 1.769100054887941809e-01 3.234223795805832857e-01 2.757604514959380304e-01 -4.689033344322369734e-01 -6.461648056974722554e-01
2.817374591673942885e-01 -3.709879178223084994e-01 -3.930675069343149697e-01 -2.324797451663681014e-01 4.706191886639931043e-01 -4.711135781110900589e-02 2.091031976082395605e-02 5.170841564063688445e-01 2.617127451586420128e-01 -2.439179190575325451e-01
-6.737110505465358778e-02 2.968403838523087090e-01 -2.510315372842831239e-01 1.816305197506328239e-01 -5.122357367840888465e-01 -1.678655013393755280e-01 3.092303855803372747e-01 -2.789349148549257751e-01 6.674702993859135125e-01 4.501650262369654709e-01
-1.631466280715732076e-02 9.494047780062674080e-02 2.168511160980055030e-01 2.085238891106518666e-01 8.550089142808016407e-02 3.613312081625126293e-01 1.704233694990172077e-01 -1.084066058026497553e-01 8.898819488009129808e-02 2.596764814563495838e-01
