6.282226615682420245e-01 -7.917280895847115252e-01 -1.144587138626782657e-01 -6.187427558709583941e-01 3.211991350793235167e-01 -4.557381440874380685e-01 3.526673737888012528e-01 5.919381250390640670e-01 8.052853209791812628e-01 7.070714733882078606e-01
1.490279988762150398e-01 1.206044221331901284e-01 -3.860061845159225569e-01 4.046383759389488577e-01 3.949674472960101324e-01 -1.071426562736151472e-01 -2.523975512200561933e-01 -4.301710867803509863e-01 5.159164937480037461e-01 -2.688433682178584805e-01
2.780212618806473523e-01 4.413609989731646643e-01 -1.997054216228763904e-02 6.554373395082649933e-01 -5.667460528444213663e-01 -2.937502598947068222e-01 5.540568771098247636e-01 2.531573026821619110e-01 6.820449933092529449e-01 -2.661083384091248449e-01
1.744498775283477299e-01 -1.579784543608330205e-01 -3.065218337583732605e-02 -3.492267800866521305e-02 -1.307401019567888678e-01 -1.087306959407768475e-01 1.613394566355419724e-01 -1.305977630667866374e-01 1.171246068711257748e-01 -7.135244773185064893e-02
-4.093326137949539374e-03 -1.698678753024290182e-03 7.930653667163743703e-02 -3.766885759906104820e-03 8.337711329410227301e-02 2.504861261617909868e-02 1.323158881854707286e-02 5.958925175466806001e-02 1.568754766203412157e-02 3.931768076102662435e-02
-4.455968509770873998e-01 -7.467501918772269098e-01 -4.072027840577732705e-02 -7.939106175362560247e-01 7.015247868314096191e-01 -6.938873622583409118e-01 5.530638112221060165e-01 7.121560699069131584e-01 6.743256411325517785e-01 2.297087197326301011e-01
-4.806587334687758596e-03 1.673509460409039751e-01 7.975141557354288591e-02 9.273429926272506313e-03 -1.435732667338371696e-02 5.963768216480512703e-03 3.849842056703347420e-02 1.691810833880147413e-02 7.249568197865761954e-02 5.762745367806985063e-03
-5.348075039765441963e-01 6.800886975286900560e-01 8.257295397320152386e-02 6.852189361200419215e-01 2.255610850139201373e-01 -3.245044636684369932e-01 -3.837712635029517094e-01 3.201068603010078228e-01 -6.045809235589353348e-01 5.596248778933116119e-01
-6.982230797828171964e-02 5.907015994810694837e-01 5.496040603772013311e-01 -5.611964239795926845e-01 -2.795588080526856811e-01 3.685929749329504568e-01 -4.151628590441940880e-01 7.205299641749315365e-01 5.173709056604818279e-01 -1.896394116726699552e-01
7.725734474877654287e-03 -4.050908235455312131e-03 -7.601322010183928120e-03 3.062830717609851816e-02 9.973907957687515313e-02 5.196847610769862041e-02 1.655562495782031754e-02 4.261710259467155204e-02 2.881083219002893506e-02 1.227358676147528513e-02
-1.018057660441546060e-02 1.103011766515150094e-01 5.165704284790740425e-02 -5.059765749752976466e-02 2.026877089579998681e-01 2.650313491585654796e-02 -2.829103029987724283e-02 6.170709653936785714e-03 2.629307863587179370e-02 4.492008553454823749e-02
3.422652444663990545e-01 -3.188774821507381896e-01 5.954152587288634724e-01 1.864061067421116935e-01 -3.493789797894272103e-02 -2.090147311633656635e-01 5.402657710833049798e-01 5.067664718438964488e-01 -4.532638122924792512e-01 4.087008586454622394e-01
-4.214782982135615308e-01 -4.412669762541903545e-02 4.407140935837258189e-01 5.792205295278193278e-01 4.672320631001400937e-01 -4.556247797176867231e-01 2.075056320126290876e-01 -1.356913866706380145e-01 3.157303777441127224e-01 -1.274083365032782911e-01
4.147527209687906780e-01 2.022002189804638916e-01 -4.650734465813118335e-01 6.350272350204833050e-01 1.743768712352324057e-01 5.307624825529090595e-02 7.440843761250398591e-01 -1.599522253084705858e-01 4.119523495412069636e-01 2.891286028796521967e-01
3.106078602025948432e-01 -5.499247277308028092e-01 3.630736712875485273e-01 -2.359803516010763880e-01 2.918507947255586932e-01 -1.800665688789150898e-01 -4.541290398781374082e-01 -1.669813902262285987e-01 -2.013918473014683352e-01 -6.817860747951509648e-01
-3.736945245862157219e-03 1.586271341244821498e-02 5.170964383637435130e-02 1.789157426535631715e-02 1.672335325101628398e-02 5.189846433336803289e-02 4.189601835932236021e-03 5.142273582067000658e-03 1.777638808980529228e-02 4.452746561498339972e-02
-3.877799814208700568e-01 9.506567318071681982e-02 -5.262461762641569285e-01 -4.496261711699326979e-01 -1.442385699598222430e-02 1.882058023901463095e-01 -4.397043642980234118e-02 3.532896986312876186e-01 9.217860252188266046e-02 2.429252555651500722e-01
8.297674759277294809e-01 -5.337672739340512118e-01 -7.693720626208311320e-01 4.700892781272016929e-01 5.960021672048984032e-01 3.149311566382400063e-01 1.115673329829655197e-01 6.657051893136530785e-01 8.042207136526704492e-01 -4.411909277820685316e-01
1.330015516040862532e-03 4.154899824342411091e-02 -5.880640840426250016e-01 -4.763819949446069235e-01 -5.775124905511735962e-01 2.848946848730887771e-01 -3.635634752985196783e-01 6.717966625373074097e-01 6.695023324213728033e-02 1.281895720695856548e-02
-3.328305400688242460e-02 2.253439415314300032e-01 -1.293179030636748550e-01 6.043629431153170473e-02 1.878166185996056892e-01 -8.530565349302286771e-02 -1.854629065155001533e-01 1.229276502828072215e-01 1.332492039265895933e-01 5.538079270350281663e-02
-5.489434529030351277e-03 -5.363430543530697814e-02 -2.296384244260882279e-01 3.567930352351990630e-01 -3.994858617482423546e-01 -2.617094689045365574e-02 1.712381810486990341e-01 2.046012719135883173e-01 -2.977375139427032580e-01 1.670554352300420431e-01
2.720966222170616011e-01 -9.082618028251213116e-02 -2.093996265914130905e-01 3.974038416212343772e-01 2.610305666720099116e-01 1.622256658874407786e-01 2.041515825738129952e-01 -9.000463221736616781e-02 -1.234961354636939374e-01 -2.125500226045859142e-01
5.593754259644954235e-02 4.058434972993826273e-01 -1.884532462935311070e-01 1.667672851038330684e-01 2.472762658746308628e-01 1.265225697005650241e-01 9.915131496245771503e-02 -4.014848301098925681e-02 2.380424862213079140e-01 -6.843092552181505306e-02
5.222587978928211472e-01 1.115855070153118495e-01 8.166446813461970544e-01 -8.842757779473983115e-01 -3.956880215846078075e-01 8.720264850257537781e-02 7.579993271061334914e-01 -7.725772831653543449e-01 -2.091994369383401442e-01 -8.074629794623775503e-01
-6.267326454329333885e-01 1.824220398985224034e-01 1.310563761858251838e-02 -6.643544777275899038e-02 3.360532690163050007e-01 -1.324992651438199609e-01 -6.819197318281132736e-01 4.607777567861965351e-01 -6.512221924927472649e-01 -5.966319337960628300e-01
1.080714738058229790e-02 -2.465165393909566488e-02 -1.656123682309005099e-02 2.421205082472189796e-01 -4.814943319496192142e-01 4.110154942700654512e-01 -2.026114737962976253e-01 -2.454513389840242560e-02 2.149036251548464282e-01 -1.158109229677773966e-01
1.707829065134974511e-01 -6.254473018404093088e-01 -8.078612269615762509e-01 -8.181034965471178921e-02 -3.100795090085989858e-01 -7.991399990721831381e-01 -6.671813683973243370e-01 -7.253180547913051779e-01 8.636515895615074490e-01 -5.173495865930841653e-01
3.677960906693877319e-01 4.725674204143932577e-01 -4.058867961145039976e-02 -2.680329434954652479e-01 4.402287515942979734e-01 -2.740118062520850439e-01 5.122105648348873608e-01 3.509288499134911588e-01 1.542022393074223285e-01 1.383613027399231699e-01
-3.189340015498221548e-01 2.917438662749337053e-01 -3.599339411904842190e-02 3.175000801310937093e-02 -6.893693125877198291e-01 -2.351787278469359421e-01 3.322528290491637004e-01 -6.516119216321264451e-01 3.847022667091630765e-01 7.687962052556884254e-05
-1.707095861543453663e-01 4.735552189425510927e-01 6.114414208194558498e-01 -7.296646859551171593e-02 -2.074051165082132775e-01 -5.377701254840693279e-01 -2.579007652286833263e-01 -4.046366963156756702e-01 5.167237488309914806e-01 3.554675246115533427e-01
-3.801272843033141613e-01 -5.377125816874336328e-01 8.693671852285728141e-01 6.503252250961560899e-01 5.093551542910904617e-01 -1.410305722283596574e-01 -6.749544985843480838e-01 -8.358294933999083076e-02 -5.765200913235513092e-01 -6.630372376408437685e-01
-6.685964538305946836e-02 -1.096271520974787250e-01 -6.903909475345756386e-01 3.332007492483965994e-01 -3.807461475582277766e-01 -5.767929164007071785e-01 7.958324759197381582e-01 -1.529299508714699607e-01 -1.317128029010022627e-01 3.559035406932075651e-01
-1.492738514802279537e-01 6.060088046498188774e-01 -4.881816613392128135e-01 -6.684865566865965114e-01 2.555378130475807752e-01 1.323069563542116911e-01 -4.394643519084575484e-02 2.579572519202200098e-01 3.158285921899444681e-01 2.470583746081163601e-01
3.089496247554541219e-01 6.333307114546894434e-01 -2.221506766044798187e-01 3.522571036009679024e-01 -6.092291909592456589e-01 -5.777337115426305347e-01 1.097541998831938620e-01 1.920064946279274876e-01 -1.170410604880382233e-01 -4.400003145341544464e-01
-3.431733351576524149e-02 3.188730058572194492e-01 3.508186352372316685e-01 3.131276687078627941e-01 5.173251322001821695e-01 -2.779577857621702841e-01 -3.698179581290212958e-01 -5.290489879024089237e-02 -5.640302764138866998e-01 -6.198337558345074633e-02
-3.535451300500037086e-01 5.878660952908955073e-01 2.762556937322894757e-01 4.284661050034904717e-01 3.988175816811501684e-01 -4.532733667563779711e-01 3.553154792993515887e-01 -2.582696341959970776e-01 7.155429252078185920e-01 -4.220216037145891330e-01
1.055788286191615410e-01 4.466978159618299749e-02 3.535303539870418565e-02 9.266767041751364925e-03 -5.445246033820520110e-03 -1.551380007109232420e-02 4.233649560953049989e-04 1.935990002898674844e-01 -1.342304751492330583e-02 -3.945693383598633877e-03
1.249741374125173665e-01 -2.982492276494957614e-02 -9.312699156967054609e-03 -1.553274089091365717e-01 -1.951725154832511799e-01 -1.440873204176381685e-02 -4.952926632801565865e-02 8.139610373787951880e-02 -1.085070014531440141e-01 -2.608366289046198383e-01
3.824884853205439139e-01 -5.486493428692688079e-01 -2.849720682377540615e-01 -7.032058962279238434e-01 -6.881431337266205595e-02 -6.934215264054159888e-01 -2.039769391334483317e-01 -6.343508501215027184e-01 -2.090739323460975851e-02 3.141625170954842616e-01
3.213744080719451585e-02 -7.078281536379885108e-02 -6.914711039402339499e-03 -1.761262340973837907e-03 1.739775599927672611e-01 -7.936554690972525902e-03 6.819715431255242433e-02 5.455108037107381236e-02 -1.514529117181981355e-02 5.555038807234523313e-02
1.123772751955506438e-01 2.471869618008172842e-01 -3.148228597066182050e-02 1.224715655775184403e-01 -4.070354953695881628e-02 1.550718226697941071e-01 -2.669635487875814395e-01 1.752949750350911440e-01 -4.944803390354054855e-03 7.258902565401829932e-02
-3.808489577205002585e-01 -4.008618893058858712e-02 5.792329966827514109e-01 -5.087963889024594427e-02 -2.526394132997174524e-01 7.104281278407246214e-01 -3.183053794407474379e-01 -5.160451645105769147e-01 -4.078539830197628335e-01 5.445040154764374529e-01
5.803732540527354322e-01 -7.553033204825342073e-02 -2.596651995385376721e-01 6.618590584455694703e-01 -2.619447527611040716e-01 2.617185233557623586e-02 -7.756096274263953871e-01 1.503452138933716598e-01 -5.354972025372727318e-01 7.418683479537463432e-01
2.421299794001236239e-01 1.630727964016589204e-01 1.245834801827840933e-02 1.124474724677082538e-01 -6.979763392953944323e-02 8.758545910440086735e-02 4.768750947662645651e-02 4.770324196863319488e-02 1.111694738372005775e-01 1.326565758287236718e-01
-5.198392026533473764e-01 -8.462514492383383935e-01 1.554178983922825386e-01 6.036249071405481725e-01 -2.753369696916019294e-01 5.896569067421207899e-01 -8.403395285559914774e-01 -6.970913596387899591e-02 -6.876822283386141432e-01 6.391886320052443393e-01
4.738661910454461737e-03 5.434373158825576977e-03 2.473145283101882419e-02 -2.408002472604693980e-02 4.919648612489933154e-02 4.687595548473619950e-02 -2.658224948978664751e-02 3.825669362802334994e-02 -4.990865399091392457e-02 -2.255826610870005633e-02
1.986348482523914716e-01 -2.347823366581624216e-01 -4.368187860712979820e-01 -2.994497457477300895e-01 4.348829051483368846e-01 3.653598747236629363e-01 -2.090605341212122825e-01 -5.292888587755815166e-01 -5.154169023960024631e-01 4.897092048434869005e-01
2.765785037935277191e-01 -5.052161313620298078e-01 -2.062445415030896359e-02 -3.362808043650187817e-01 9.781289315649920046e-02 -2.899887339700777944e-01 -3.858303367044262910e-01 -6.224509787509967251e-02 9.121079352011401617e-03 1.766354200625717963e-01
-1.071881264477008155e-01 -2.757666836008296762e-01 -7.549968534065838732e-02 6.610422816840801075e-02 1.833535065634043781e-01 2.066739417634629039e-01 2.261519897720991878e-01 1.870075048437021548e-01 1.167312248274526565e-01 8.675685927119705654e-02
-8.559899957495521461e-01 4.488669601248884700e-01 8.840743408588236374e-02 7.401583765751493793e-01 -2.688831595265064878e-01 -3.179347734417469207e-01 -1.515038570389904971e-01 7.619913354721206122e-01 -5.127161449254390158e-02 1.401158161349826126e-01
-2.413132088874684333e-01 8.390874897691322221e-02 5.651090041741596570e-01 -4.027762405337860785e-01 1.992261928526856685e-01 8.061761830068808754e-01 1.950671889297256323e-01 -7.679079081343396541e-03 3.365436473362217185e-01 -4.146373912687331686e-01
5.008694429213112267e-03 1.131374882891608147e-01 -3.515435523875021229e-02 -9.678173104704131113e-02 1.155674207327545278e-01 -1.565065249550994519e-01 8.599123255621732298e-02 1.212545465851644008e-02 -4.735703410784823653e-03 -9.823657236821678462e-02
6.395453145028912045e-02 1.653966365128395344e-02 1.966520016190201892e-01 -1.718539273474699314e-02 -2.422041050446275059e-02 -4.083874172772493372e-02 2.591066267014539327e-03 3.087862618747709564e-02 -1.104481438407086263e-01 2.317900159813346753e-02
-2.853037955865154740e-01 7.631885652884914384e-01 9.144415968361002678e-01 -6.204275929328874062e-01 -1.045127223504504904e-01 -2.493836663049704139e-01 -3.177762479009035856e-01 -2.265799430430700812e-01 6.798044107481029386e-01 -3.977816708363449139e-01
-3.378085233834872136e-01 -4.367015124388214931e-01 -4.449389522751835968e-01 2.741019170930749649e-01 -2.329059298769411146e-01 7.283447538664420406e-01 -2.082817874221091214e-01 -5.145792852622261826e-01 7.492272474431121987e-02 4.380139883318798777e-01
-5.075766444806002475e-01 4.419389101809541032e-01 5.393813080763010248e-01 -3.210228857033065042e-01 -1.557069808009189926e-01 3.177595179678070481e-01 -3.198812332111500845e-01 2.311730631062556829e-01 -5.809866952774175308e-01 -7.118635407401601167e-01
-2.341652386624406279e-01 -4.524621384048579942e-01 -6.237118177085601012e-01 -3.841589040143580935e-01 3.784077998647525920e-01 -5.359511901835495307e-01 4.725154502372538867e-02 -3.166731777980511531e-01 -3.661962322538553360e-01 1.459915593560197900e-01
9.459794374301670750e-02 -3.927652644958090633e-02 -2.327405940587624900e-01 1.624946379744774405e-01 3.157491337731509889e-02 -9.227523878398352641e-02 6.377375866715366548e-02 9.285380415529231879e-03 9.215553927710262716e-02 -2.107992276146816168e-01
-2.546228381121693474e-01 1.633314503147673402e-01 1.976672734742827009e-01 -1.460783018296854807e-01 -5.752535383870668317e-01 5.606816451136720225e-01 -1.226316481207990611e-01 4.370267858386257531e-01 -1.759545522881531265e-01 -5.473956787177537420e-01
7.894647750407278453e-02 2.732469282559416360e-02 2.071996667599531466e-02 6.467190897570147812e-02 1.063648981883140443e-01 -8.577287384239355023e-03 7.853829605530937563e-03 2.299363019125269525e-02 -3.541567558639553259e-03 7.233402219666759496e-03
-5.656385429304288115e-01 -2.822376014413484624e-01 -4.563161037730478209e-01 6.323754411692071864e-01 -4.838769050094816615e-01 6.914949137998835926e-01 -3.440986240162609011e-01 -4.567333882815121093e-01 4.821820825281564749e-01 5.611621199545306915e-01
-5.398794133850767230e-01 -7.970029639751557982e-02 3.621512234533970087e-01 -4.038583981155791265e-03 8.202730753811176001e-01 -2.675125255391020973e-01 -2.276950558004250946e-01 5.788934012852672284e-01 -2.556323578629361437e-01 4.227782199999148283e-01
-4.853945028984030935e-02 -3.019581442338511307e-02 3.775878697886608099e-02 5.613874940254444390e-02 1.139032856677498623e-02 5.290188273089355825e-02 2.758198700830082756e-02 -1.319636925129622808e-02 4.140461686288232634e-03 1.173608027600910458e-01
-9.461667625824636552e-02 2.364449312382426449e-01 -1.850415283112764528e-02 7.088724759259536212e-02 1.647504717335688262e-01 4.661778790941798617e-02 -1.397876279074770633e-01 -1.364363910983929506e-01 -4.604724165147514037e-02 -6.627512559036279061e-02
1.053396663330576945e-02 -7.059384517332474573e-02 1.732704311142405779e-02 -1.672886128174240483e-01 9.073320170076691615e-02 6.680473190179621323e-02 -8.355144885501727958e-02 -2.300145817523644720e-01 -2.728438612876171177e-01 -5.339526045555719191e-01
5.185292327401789247e-01 -1.043448821485193634e-01 -5.267978162001913933e-01 -5.604241507638298980e-01 1.231194346584754962e-01 8.641157415023580091e-02 -5.132097152517188787e-01 -6.798663203089982954e-02 -6.197830900182403902e-01 5.110943205890735586e-01
4.612552777917195979e-01 -6.363434663256362089e-01 3.783515893725635237e-01 5.747806478399459795e-01 6.293084322227094907e-01 -3.054432227721520787e-01 4.009357907733851478e-01 1.718668256448915854e-01 -1.266620556479272283e-02 4.826869106988312952e-01
4.197740226427589816e-01 -4.465855144811878286e-01 -3.794374405512152548e-01 1.661002894918076900e-01 -1.395564707651709146e-01 -4.137447335269910931e-01 5.033849672120991325e-01 4.228249807155085027e-01 -1.275355226437977774e-01 1.120302486019418703e-01
2.125820415414404752e-01 7.906207600467018981e-01 5.095673300195071587e-01 6.025118618485811872e-01 7.222737893186251812e-01 -8.031504300759133574e-01 1.674390876923820826e-01 7.928688551108132865e-01 3.089495359496274851e-01 -8.702827180595354983e-01
2.719737704749342622e-01 -1.140677184109874231e-01 5.318148339687491649e-02 1.344268062278165532e-01 -2.039177036746224470e-01 3.527250278431867669e-01 -3.116273055105707804e-02 2.404009902214443717e-01 1.383995926085207773e-01 3.462481064149041110e-01
4.325097097442834881e-01 -5.390158841809070678e-01 5.568580484193174085e-01 -3.540633805614814555e-01 -1.773156186135277090e-01 -1.604781908325792206e-01 5.560952624567386815e-01 -4.458615669576588281e-01 3.267038029867763704e-01 -2.322475715899466886e-01
6.766387347234890104e-01 -2.550036001543870556e-01 -7.074584532560286299e-01 8.932583712407800025e-01 8.626010642852723065e-02 9.341072077569158028e-01 6.929450204352914922e-01 -2.708447988666320971e-01 -9.290677505436950590e-02 7.890342439403916774e-01
-2.183711805521260652e-01 6.938424095527959135e-03 6.353456665184534224e-02 -5.217234320953630933e-01 -4.271690591538048754e-01 -2.363169935881340999e-01 2.172903941984719034e-01 -4.059002692423994141e-01 -2.961764598589028963e-01 1.428832822706753991e-01
2.087143157520006658e-03 4.836861642270467998e-02 1.746022521006248066e-02 7.847629455568136403e-02 3.838136069053545672e-03 7.473015151345348273e-02 -4.468791217318836273e-03 5.069863869484713542e-02 1.029737356365447234e-02 1.865572476430456261e-02
-1.263608427171679649e-01 -6.033002971403751413e-01 2.758721557121757151e-01 3.300424132298291485e-02 4.912692892837092207e-01 -4.561250509097903860e-01 2.468876459022212588e-01 -3.980682724415051110e-01 7.146209429422826220e-01 4.417326105181427209e-01
-4.829754023963030440e-01 6.746049574589113584e-01 -1.037178528094426233e-01 -1.629072204525990053e-01 4.556795904993179436e-01 5.137416182855426561e-01 2.684857976768892374e-01 4.596223842385024905e-01 -4.629044400482030253e-01 -3.978945704568252473e-01
-6.535196652273425610e-02 -4.140203236580787816e-01 5.498358271856782636e-02 -5.761333433965436929e-02 1.544823702580044311e-01 1.774180104991006368e-01 1.129129148350742490e-01 4.090884317669631898e-01 -2.721209416854649121e-01 3.258763100224645326e-01
-6.774081477205579072e-01 3.952171784929230935e-01 4.481615593481088622e-01 7.199270884112376478e-01 1.306627778533794304e-01 5.890237029788333301e-01 -1.913519039093984631e-01 -8.457809663060558703e-02 7.054200494290443491e-01 9.197139493327148585e-02
-1.490467132352077673e-01 6.238880750436740508e-01 -5.614602061625858509e-01 1.914959845064385102e-01 3.063057381556564818e-01 4.258850788111766539e-01 3.999990409881634679e-01 1.154974877474588130e-01 -4.287136649133179572e-02 -1.581408873123469339e-01
1.116044484546480434e-02 -5.649559623726791747e-03 3.043864850592903348e-02 5.507436980956705724e-02 7.173912897079437467e-02 2.319571269005504810e-02 6.753220751763332023e-03 9.371421625999469540e-02 3.933903274767366204e-02 4.496189032448432571e-02
-4.907741728686333404e-01 5.993356894974117832e-01 -4.900938521908118628e-01 -5.608718140143224666e-03 5.723015795499775127e-01 -7.475759642731943933e-01 -7.993187685359858241e-01 2.622261064289221344e-01 -3.389336777136541801e-01 -7.029619757793226231e-01
-2.121348384966179890e-01 -1.576907688837209942e-01 8.034232692711328061e-02 1.387841395633309383e-01 1.412499207303748727e-01 -4.134250440921890535e-01 1.106917210151430325e-01 5.753030510701623301e-01 2.054470565792734238e-01 -8.239376739359142998e-02
-5.440233271399758097e-01 1.967704339920934853e-01 -8.097466002784831085e-01 -3.330572149363107970e-01 -6.752678804060204820e-01 7.873397160804125605e-02 -8.324200828264214369e-01 -5.071891877724236108e-01 8.002330644609373378e-01 6.870956269170904740e-01
4.682655880126648795e-02 2.940317473175196872e-02 8.083365614798665444e-02 -4.388298098481398929e-02 1.833926937569989660e-02 3.036143613595067639e-02 3.659367686694785238e-02 3.441134204467390101e-02 -1.013019549137620127e-03 1.358874314747931730e-02
7.459131576053810997e-02 -2.042180886272309259e-01 2.926926952841745755e-01 4.335084108733850417e-01 -4.832088831584765987e-01 1.856694026138877296e-01 2.244977392477012501e-01 3.728246732300510152e-02 -4.941374518863564380e-01 -5.556408714834809581e-01
2.131800124349400027e-01 -1.130595671884309095e-01 2.141563054348346873e-01 -2.814884919130238375e-02 -1.931357295911862448e-01 -2.276691226555140890e-01 2.277687039935867019e-01 -2.427182610752342540e-01 -1.099590669561367196e-01 2.810492759290383891e-01
6.965877261175520418e-01 -4.800144772136383242e-01 4.768112730054239745e-01 8.245664620118129395e-01 6.134338597386262970e-01 -3.286067629290459480e-02 5.271073814636471067e-01 6.936992792007190545e-01 5.925103032497744948e-01 1.054217226257020829e-01
9.675488532224553462e-02 1.150658243515397944e-01 4.730601806537985121e-01 -1.432682114865228562e-01 1.861333506840964769e-01 -1.967803017762959072e-01 8.841739438867927958e-02 2.648001496382977882e-01 -3.721365905163108168e-01 -3.559379499105099764e-01
-3.568854785530097828e-01 1.337313176373009782e-01 3.852059716341154627e-01 -5.816066867130413875e-01 5.703615562774323466e-01 -1.208671538163676867e-01 7.210850548766275514e-01 -5.607897510149743026e-01 7.488331645520798774e-02 -4.131652314961760386e-02
1.551434288564973729e-01 -2.149835619085417593e-01 -4.096954076063907269e-01 1.270508384433777921e-02 5.152708851823845082e-02 2.836795920959089487e-02 3.730870098289748027e-01 3.790225256365934436e-01 -2.818915219879230757e-02 -4.836830111755631711e-01
3.044606516658530659e-01 -6.140189397366313528e-01 -4.690907832491144069e-01 3.028857203981964383e-02 1.541702278794306324e-01 2.916045938648960667e-01 -2.633871115616743808e-01 1.999222623525593046e-01 -2.637929366370108109e-01 -4.027895407069097544e-01
-3.663362384731538857e-02 3.772928178770699748e-01 3.171613448120670919e-01 1.812944230269118995e-01 -5.135313649488444654e-02 2.234079771183380969e-01 -3.223843009195397347e-01 1.834541061042350707e-01 -6.031518308247431088e-04 -4.145752229753517093e-01
2.500826173995469581e-01 -1.879054272205109566e-01 -1.562031389090272060e-01 4.514237740689673872e-01 3.866654442317667972e-01 4.686479280644754719e-01 6.906131050119163062e-01 -9.478081506707207449e-02 -2.890030048450145661e-01 3.424918288576343506e-01
-5.093942661764044866e-01 -2.119924646415985159e-01 -5.556821839197034762e-02 -7.542646935659273223e-03 2.644234582252341648e-01 -2.308755782250502264e-01 4.171930761700535020e-03 -1.832799976921965779e-01 -2.861319507029586595e-01 2.370294177504199129e-01
-1.422979169616125916e-01 -6.023872383141309905e-02 -2.146210685785816807e-01 1.993506533426543659e-01 1.618300488725209485e-01 2.414755900488591289e-01 -6.228832545308798235e-02 5.486782551651320228e-02 4.466861174593938404e-04 -3.083159524441580687e-02
2.109053289294272326e-01 2.419844740758929358e-01 1.714493418904122490e-01 -2.136573259482693610e-01 -3.640896656901988493e-01 -2.427111799740214459e-01 2.370571000238677895e-01 -3.096183507425272485e-01 3.495455951187854127e-01 6.495257404157264713e-02
-1.987908170425709280e-05 5.350410143422268394e-01 -4.410897121757444417e-01 4.749625765852432124e-01 6.461821376114024185e-01 1.768873322235609002e-01 3.234152721940764530e-01 2.757427878845743474e-01 -4.688952454169233452e-01 -6.461556649973564381e-01
2.804169975820252625e-01 -3.692713000932542067e-01 -3.880695433455194077e-01 -2.314126570879278810e-01 4.684733572241358557e-01 -4.336290651855612133e-02 2.082831759534248955e-02 5.146835842089139135e-01 2.605967178018340769e-01 -2.427665679104308583e-01
-6.632154477145429938e-02 2.962794133607242753e-01 -2.508777626371749281e-01 1.818445651126522067e-01 -5.115971574992892457e-01 -1.680239308624354999e-01 3.094359422422846007e-01 -2.794001706327995938e-01 6.669102414139599366e-01 4.496545636085716446e-01
-9.789044751546188347e-03 9.313077896884087992e-02 2.111018735429761040e-01 2.046486815029781858e-01 8.939712382533572532e-02 3.534645308781160788e-01 1.685696342203899800e-01 -1.089797576238646648e-01 8.642610889910715133e-02 2.528607126001317651e-01
