6.280343905253981118e-01 -7.900211783506452257e-01 -1.142925068341377332e-01 -6.186163596507496809e-01 3.207741714526454180e-01 -4.559734494921390824e-01 3.531222647635509637e-01 5.918401950816374324e-01 8.055863169947568014e-01 7.068446190628810966e-01
1.488316553895071837e-01 1.206500651094166709e-01 -3.852463013886292531e-01 4.051240851990282610e-01 3.946749589504104927e-01 -1.066397953438048413e-01 -2.524458500568468877e-01 -4.290357852901997004e-01 5.157882181436522773e-01 -2.689678951497486148e-01
2.778134298087797660e-01 4.412626961270201820e-01 -2.007066699366439125e-02 6.552637517941268808e-01 -5.665900018695050333e-01 -2.938020003012066228e-01 5.537702189495231631e-01 2.540130985962781862e-01 6.822060836618865087e-01 -2.665162043776047041e-01
1.850138798824406683e-01 -1.356846779058342445e-01 -1.615392540002797209e-02 -2.481489787586417181e-02 -1.114967210672459519e-01 -6.579268282958643244e-02 1.294159221389125092e-01 -1.031532191789732433e-01 9.287109786479327833e-02 -5.798582044848130113e-02
-6.898415206642883116e-03 -1.205200778263797179e-03 9.479150441808803507e-02 -4.979678048917264739e-03 6.729847374913371094e-02 2.879840891199380790e-02 8.176087592599476719e-03 5.297706468053978851e-02 1.461169964513722892e-02 4.178023934715558579e-02
-4.455941212715389121e-01 -7.466906240688686580e-01 -4.072472409899768886e-02 -7.939564571250339320e-01 7.014758441191522031e-01 -6.939386597509504817e-01 5.530522134982479576e-01 7.124375748264143438e-01 6.742999906316108349e-01 2.296934622275089710e-01
-4.866080803927856635e-03 1.687662289091229617e-01 1.076783300442395869e-01 1.537596346916983263e-02 -1.396071472972915985e-02 6.483326226643745631e-03 3.287097336304778405e-02 1.751808237866403495e-02 8.234493792098100673e-02 7.905691939072785959e-03
-5.348067205593417528e-01 6.800676150835059941e-01 8.301935704618286505e-02 6.851863930926300750e-01 2.255203155371197643e-01 -3.245032543604473574e-01 -3.837643476794772579e-01 3.200874959622897475e-01 -6.045715407548971632e-01 5.596079186467033395e-01
-6.937103534957027307e-02 5.905471374487802905e-01 5.496532808682671467e-01 -5.616418872627226833e-01 -2.803988113138042304e-01 3.666519441849481753e-01 -4.120939572390119321e-01 7.198578331462242019e-01 5.175047270320820569e-01 -1.893332712530053363e-01
8.221367022699438074e-03 -1.091912532913462061e-03 -1.039678080043101617e-02 3.354377164196570976e-02 1.204818809843272859e-01 7.586067296251063075e-02 1.692962339787228154e-02 3.782857224835261406e-02 4.004669675342534957e-02 6.388590713321933186e-03
8.447950828202159274e-04 1.252426746115163358e-01 4.085784593639175954e-02 -2.533098503879838148e-02 1.800052312680406053e-01 3.283129849500342895e-02 -2.119125198457429485e-02 1.256983664030352117e-02 2.599167210442454926e-02 3.810622059644097614e-02
3.422647132949164228e-01 -3.188769872754105839e-01 5.955261495146602080e-01 1.864058174530012768e-01 -3.493784375779297735e-02 -2.090144067872671541e-01 5.402649326289911125e-01 5.067656853781289383e-01 -4.532631088590599600e-01 4.087002243705993298e-01
-4.213172359205221151e-01 -4.423524825287673129e-02 4.404232552649849364e-01 5.789059770847551079e-01 4.678550055317767797e-01 -4.540511806684197627e-01 2.075126261428195118e-01 -1.358141035590878787e-01 3.156926433304336199e-01 -1.272497707067179740e-01
4.146723880703495069e-01 2.026412148085670606e-01 -4.651069905178424335e-01 6.348464617581831559e-01 1.741560416708466674e-01 5.275346838805169969e-02 7.445700228796510167e-01 -1.599220907742318343e-01 4.120434861272807558e-01 2.897898585304473085e-01
3.112400941459008141e-01 -5.499074506000162232e-01 3.648974992744776769e-01 -2.360224686535083161e-01 2.928128260710491371e-01 -1.800678883951214171e-01 -4.542530783661687388e-01 -1.672746627411218212e-01 -2.018004829247835863e-01 -6.815166256512392717e-01
-4.078432415087919656e-03 1.376644661240338657e-02 6.125898483899486907e-02 2.102055118319979057e-02 2.111777464948236954e-02 4.990722837022601444e-02 3.538864869642296181e-03 6.709412500611272590e-03 2.827281127360500856e-02 5.136232188372068935e-02
-3.707950798997783348e-01 9.249128457226422906e-02 -5.142871675298520406e-01 -4.374327441495100555e-01 -1.560520786817657692e-02 1.822068029321190774e-01 -4.678404602507847676e-02 3.486634518175277808e-01 8.870028729702457426e-02 2.421353837471885706e-01
8.297674728061509297e-01 -5.337672719260230236e-01 -7.693720597264596117e-01 4.700892763587296019e-01 5.960078163940755180e-01 3.149311554534715007e-01 1.115673325632501184e-01 6.657051868092753732e-01 8.042207106271985761e-01 -4.411909261223119771e-01
1.310346005448318656e-03 4.142072880844933913e-02 -5.873533587842176829e-01 -4.763285822146070547e-01 -5.774606781611488771e-01 2.847989799234630359e-01 -3.635153112246644058e-01 6.729172852208809008e-01 6.687103746460067166e-02 1.283536129957508348e-02
-2.593883641873444973e-02 2.134288558694362736e-01 -1.236916257214029230e-01 5.902398795966446593e-02 1.862609109620534664e-01 -8.189517546304228568e-02 -1.716965828446498921e-01 1.102821690190522452e-01 1.238496486249894279e-01 6.294290638572190566e-02
-8.205570484902750469e-03 -5.491290933473361169e-02 -2.279284602624302436e-01 3.510439098467896812e-01 -3.929341420085513126e-01 -2.690246368023003348e-02 1.656242838126243955e-01 2.159897195592224983e-01 -2.919137330301783129e-01 1.592523278851250002e-01
2.695878914714817665e-01 -8.985586558837581339e-02 -1.936907560516892279e-01 3.941953492533018522e-01 2.564469905130986049e-01 1.600573381203371226e-01 2.005001858661500658e-01 -9.092913371659917809e-02 -1.221960099637797309e-01 -2.126520073367350327e-01
5.416131611575362298e-02 3.957441595760339270e-01 -1.714398838249965307e-01 1.627801356250875575e-01 2.413321104059693301e-01 1.233889629545204397e-01 9.682262295227210547e-02 -2.847179469232335655e-02 2.323520497039387178e-01 -6.680146925658000945e-02
5.222512946375669207e-01 1.115932162615771162e-01 8.166424444565038021e-01 -8.842731886796389995e-01 -3.957027814092731743e-01 8.720078025438000868e-02 7.579915479914174359e-01 -7.725807833081631548e-01 -2.090371686532140894e-01 -8.073328784791915513e-01
-6.267203818367393930e-01 1.823505351872773406e-01 1.329423803245595795e-02 -6.647287343242527791e-02 3.358247425821055954e-01 -1.309334332150555724e-01 -6.814765934570473638e-01 4.604012046088035714e-01 -6.511069062808553243e-01 -5.959915888853853927e-01
1.064856675978733368e-02 -1.310130027011034010e-02 -1.688702110655463870e-02 2.391070554253444669e-01 -4.777576480677337978e-01 4.054845590299778202e-01 -2.006738306584525400e-01 -2.473589811706729605e-02 2.121256610147294608e-01 -1.151664167288923707e-01
1.707595525236574874e-01 -6.254278236806091185e-01 -8.067519708566216474e-01 -8.185624446881807625e-02 -3.100910950095720486e-01 -7.992042004690188550e-01 -6.671208904144468876e-01 -7.252615920499376756e-01 8.635068947298701891e-01 -5.174289175576770594e-01
3.677364465963456341e-01 4.725268862468028908e-01 -4.058009571280666444e-02 -2.679956585577144557e-01 4.402755608145714761e-01 -2.727948761833866032e-01 5.120586476078011762e-01 3.508144632604502378e-01 1.541396406308085665e-01 1.383235623287016325e-01
-3.188178534881942472e-01 2.931338507299182661e-01 -3.620443095775899289e-02 3.165671232266788898e-02 -6.890244483472389714e-01 -2.329730497836114689e-01 3.333802817758207970e-01 -6.512218681399787323e-01 3.842870642206392406e-01 -1.220846817383474748e-04
-1.695804281068420682e-01 4.718532001151353739e-01 6.100589672765046600e-01 -7.467501500095133360e-02 -1.998472124470883071e-01 -5.375255486914670700e-01 -2.575620958134028360e-01 -4.000039707628420538e-01 5.150943193381303242e-01 3.526194907793052113e-01
-3.802143747249482342e-01 -5.356281090431269654e-01 8.693069559040185190e-01 6.504665145827281947e-01 5.089020366190506461e-01 -1.410753666677554974e-01 -6.744745612508210586e-01 -8.369839733980807828e-02 -5.759121818605233978e-01 -6.630229603205402000e-01
-6.691447893375208900e-02 -1.096803326521041400e-01 -6.900789016017291333e-01 3.332076730250687624e-01 -3.808041284082544498e-01 -5.745455953139366745e-01 7.952633788552297966e-01 -1.531608772692341636e-01 -1.317255128503620198e-01 3.564950976595455123e-01
-1.495101146213526355e-01 6.054289859957662223e-01 -4.883670340248608688e-01 -6.681303477079333364e-01 2.551638616619592570e-01 1.321594646465134304e-01 -4.451267621730670143e-02 2.615569566032424076e-01 3.158436774260501290e-01 2.459412695058429688e-01
3.087866013861730874e-01 6.331979835479540908e-01 -2.220193713010719938e-01 3.517789375878035418e-01 -6.063248610933753557e-01 -5.774899282889436325e-01 1.102436414166453049e-01 1.914200910656584931e-01 -1.172652909087742723e-01 -4.397146297086758637e-01
-3.443490294724542433e-02 3.204222690851848965e-01 3.503651850901357001e-01 3.130334383060119352e-01 5.172157986194111379e-01 -2.777425673454687050e-01 -3.695000431384324324e-01 -5.278192359556740237e-02 -5.640621062442452427e-01 -6.221038941714427534e-02
-3.549646439815952736e-01 5.869858555283766766e-01 2.764244890915688591e-01 4.277732499363637864e-01 3.970995324773040069e-01 -4.548209740709073801e-01 3.547433102008863415e-01 -2.542943635874962416e-01 7.144717767987093238e-01 -4.209704867249030036e-01
9.770950755494095530e-02 5.417935463399398827e-02 2.516014937860575409e-02 1.373459637679282780e-02 -9.971429027951886001e-03 -1.969056792193382699e-02 -2.533029648911498764e-03 2.461071109880077767e-01 -1.213017080472635761e-02 4.287208960504147769e-05
1.013040847102708170e-01 -2.886439512771470095e-02 -1.147415702719124971e-02 -1.291975738527917916e-01 -1.450516849935523933e-01 -1.295025631478428918e-02 -3.827884554457566119e-02 5.521505888353218927e-02 -9.336925015241606673e-02 -2.247009948533810197e-01
3.822613387733002077e-01 -5.487892860659855376e-01 -2.849286458807240852e-01 -7.028523945640636761e-01 -6.905717718229588409e-02 -6.907427034633172314e-01 -2.042222707276161731e-01 -6.345050723509373380e-01 -2.117778543426247773e-02 3.156253275419618198e-01
3.764703415696338262e-02 -5.890622754802859323e-02 -9.935996793036911204e-03 8.166890075108824976e-03 1.929038499487910341e-01 -1.529923134812878442e-02 6.538331898271737552e-02 4.365739625350973513e-02 -3.581615920568728684e-03 5.187300077651651325e-02
1.155694949345127120e-01 2.439170690077192560e-01 -2.827777232367333082e-02 1.342066502691346974e-01 -3.900564038095980651e-02 1.426088856360292756e-01 -2.500065767958505325e-01 1.672694289856513916e-01 -7.150633031429259358e-03 7.067840549335398237e-02
-3.775029129837374486e-01 -4.039727403127631872e-02 5.790076453012594770e-01 -5.143817047359632022e-02 -2.523661379716510278e-01 7.091328474920335356e-01 -3.175905242547858998e-01 -5.150215810111979930e-01 -4.078393195775254498e-01 5.453442033833612035e-01
5.803683161582318117e-01 -7.524533886892287304e-02 -2.596629902717379479e-01 6.618534272587700551e-01 -2.619425240995556514e-01 2.617162966190045639e-02 -7.756030284342990688e-01 1.503439347358637157e-01 -5.354926464543128262e-01 7.418620360370404843e-01
2.327620057934053077e-01 1.571471401953293268e-01 1.439743009298369812e-02 1.088613627562611957e-01 -6.593233670045051120e-02 1.115158856467739490e-01 5.020446801610379400e-02 4.492367635699073131e-02 1.056040505161298104e-01 1.269401896952815079e-01
-5.198769310208791739e-01 -8.461696467506989450e-01 1.561853880795297245e-01 6.036502697237033921e-01 -2.754031554969532114e-01 5.896193721060408732e-01 -8.403224060414410390e-01 -6.980256192459297071e-02 -6.876895381909980953e-01 6.391864407949424676e-01
9.692838912031407489e-03 -8.481358748160045457e-04 1.092905555412694747e-02 -1.574506503109244365e-02 8.470868209337470423e-02 8.581371224195265268e-02 -7.437260541429557446e-04 3.959677693681488975e-02 -3.290541434800500764e-02 -1.538512176890536286e-02
1.976477029615226755e-01 -2.349652644746360319e-01 -4.370102925888967316e-01 -2.994665175058446316e-01 4.347717220422513962e-01 3.664318891613813078e-01 -2.101213207327205790e-01 -5.253633590514268370e-01 -5.144640866477241392e-01 4.880591442424210280e-01
2.754141235220569639e-01 -5.030249489396922957e-01 -2.063922663390833911e-02 -3.347933662788649678e-01 9.808497374494808130e-02 -2.886134587429811105e-01 -3.772562691385228373e-01 -6.172207837954795523e-02 8.957264842786263892e-03 1.757505013156705764e-01
-1.036217697817699152e-01 -2.663484529770276388e-01 -7.366512677496091233e-02 6.285582734138339678e-02 1.979467614926072871e-01 1.996908360376679903e-01 2.173441670978824292e-01 1.794585392293834847e-01 1.116806453608720634e-01 9.830325605938719513e-02
-8.559806724232621455e-01 4.488702103570436086e-01 8.836775685647683953e-02 7.403907820444577403e-01 -2.688924357955498889e-01 -3.179622069029434117e-01 -1.515053896415590184e-01 7.619809741459179220e-01 -5.128182133602950804e-02 1.400892872372601905e-01
-2.409912848517274941e-01 8.390278768291974110e-02 5.650970814468468939e-01 -4.027682761297236569e-01 1.992163084405600415e-01 8.061628449498405846e-01 1.950642721032030680e-01 -7.680583028991358301e-03 3.365379717651781344e-01 -4.146346712148702984e-01
1.025763232163118786e-02 1.037593167533139432e-01 -1.639161128633579573e-02 -7.040112613173986345e-02 8.452772886727254187e-02 -1.353242895851453353e-01 1.168595239342285069e-01 1.003226751968047149e-02 -1.116119210267850031e-04 -8.670401586393709781e-02
5.353091438472837998e-02 2.925547976000631573e-02 2.125810285914079834e-01 -1.602576198648786310e-02 -1.856911158808078124e-02 -3.840773091362011810e-02 1.351315713549276765e-02 3.131386944854227389e-02 -9.391462165041539190e-02 1.500025264284758630e-02
-2.851973631915518115e-01 7.614671196350121241e-01 9.132803761865454506e-01 -6.192862446881712835e-01 -1.049513189082144360e-01 -2.425615308036344342e-01 -3.183406738161510541e-01 -2.273185810164279341e-01 6.782172489977985608e-01 -3.950581419747013490e-01
-3.369474554102764863e-01 -4.367458024398621630e-01 -4.451789060878850735e-01 2.737840851389062857e-01 -2.332807474341395126e-01 7.296854611445429128e-01 -2.078132378462694274e-01 -5.148045675018624312e-01 7.477213879257572915e-02 4.374461143198143942e-01
-5.075714489658779138e-01 4.419305091118133078e-01 5.393613351614819917e-01 -3.210502802619886187e-01 -1.553442866120710308e-01 3.177032642858150235e-01 -3.198858515548619885e-01 2.311209777373693097e-01 -5.810061495858750424e-01 -7.117081173697720198e-01
-2.340359597487464416e-01 -4.525001993910615083e-01 -6.236742784493829461e-01 -3.816156809115032189e-01 3.781147818240798153e-01 -5.358265382502809260e-01 4.708628824505216304e-02 -3.165439531336186607e-01 -3.662134760574204950e-01 1.456699017688339592e-01
1.110987544409308275e-01 -3.898218238516074075e-02 -2.257235045868642154e-01 1.544751807949145406e-01 3.533359961356417195e-02 -9.318586530210093422e-02 6.534917446687119047e-02 1.914318003829974107e-02 8.713354719042988583e-02 -2.025720224217776311e-01
-2.521297566678971092e-01 1.637637547982922492e-01 1.981082161169075984e-01 -1.455248043967269367e-01 -5.747165030102376893e-01 5.601896678223272641e-01 -1.202748897040421677e-01 4.359183155898654349e-01 -1.754959931119704775e-01 -5.464190327569293792e-01
6.987929001093566572e-02 2.892223676695853535e-02 1.480720159943582463e-02 5.199828462950836783e-02 1.109177805441815962e-01 -2.349281766218927134e-02 -1.520284896969396980e-03 3.296048643181338778e-02 5.821990345422067663e-03 1.685590936546327735e-03
-5.652472899697457143e-01 -2.820951391517418361e-01 -4.559472187748022654e-01 6.324952922065610883e-01 -4.843980369857041057e-01 6.896808228269490915e-01 -3.438951621945141590e-01 -4.530735694971693706e-01 4.820977760884355701e-01 5.619995021987709283e-01
-5.399113955105805385e-01 -7.971692774821328986e-02 3.621228316886828114e-01 -4.025682940111146094e-03 8.202561573791317118e-01 -2.675281765311454119e-01 -2.277250603224660885e-01 5.789975284789027343e-01 -2.556253811750043847e-01 4.227247053156690249e-01
-3.038414870107644314e-02 -2.121669073128235744e-02 2.960188915890537426e-02 6.088682396640158340e-02 1.889055324292395269e-02 8.398522566491442576e-02 1.795271724191686499e-02 -1.506491259906018836e-02 6.428608009021983833e-04 1.241148260822043103e-01
-8.320780881983182165e-02 2.272795192177941848e-01 -1.939860748919908576e-02 6.104194472189345549e-02 1.426368012357040194e-01 5.813850941982370152e-02 -1.118372677534868603e-01 -1.301809864080680224e-01 -3.649064702389812759e-02 -4.470920852563537579e-02
5.742594100227870445e-03 -6.824655225868665742e-02 1.624536128564822018e-02 -1.605620092353252371e-01 8.006216135827198821e-02 5.585942901657826171e-02 -8.083645206356088186e-02 -1.959251597774513964e-01 -2.635043421074855785e-01 -5.078557913302312876e-01
5.172913101590609353e-01 -9.864278057454203830e-02 -5.256680319732870421e-01 -5.588505635561360485e-01 1.220994938122041129e-01 8.612108751679820040e-02 -5.116481045312507581e-01 -6.823253166919941715e-02 -6.177235737569519713e-01 5.099568782400706324e-01
4.609857214496049793e-01 -6.361459619507623398e-01 3.782230699089486059e-01 5.747067841028437041e-01 6.291716814156751436e-01 -3.057054731893403265e-01 4.008744647369307246e-01 1.720082119392107589e-01 -1.278679596847675896e-02 4.826261574296210055e-01
4.183099042733669504e-01 -4.459086306348691853e-01 -3.741315031723810858e-01 1.648631286428948739e-01 -1.397532101828791729e-01 -4.132614607690288100e-01 5.015852695760856239e-01 4.215495387509977654e-01 -1.273050106947191396e-01 1.115910648371500474e-01
2.125820415414404752e-01 7.906207600467018981e-01 5.095673300195071587e-01 6.025118618485811872e-01 7.222737893186251812e-01 -8.031504300759133574e-01 1.674390876923820826e-01 7.928688551108132865e-01 3.089495359496274851e-01 -8.702827180595354983e-01
2.570032429801829554e-01 -1.123974842094313947e-01 4.973013034577794533e-02 1.300699001519852460e-01 -2.080945656791911569e-01 3.357605877507489622e-01 -2.936173885360389424e-02 2.519817641751332382e-01 1.342861039991675998e-01 3.502187109740245163e-01
4.320117484343027336e-01 -5.361082847154715614e-01 5.564905835395810296e-01 -3.544989844515105126e-01 -1.778144061306034251e-01 -1.612551414888915291e-01 5.571569301469776470e-01 -4.446350705407974835e-01 3.267982163606666379e-01 -2.322260659973334473e-01
6.766387347234890104e-01 -2.550036001543870556e-01 -7.074584532560286299e-01 8.932583712407800025e-01 8.626010642852723065e-02 9.341072077569158028e-01 6.929450204352914922e-01 -2.708447988666320971e-01 -9.290677505436950590e-02 7.890342439403916774e-01
-2.194556666436803249e-01 7.507222486582044649e-03 6.600823094989768935e-02 -5.198603620172975726e-01 -4.253799203624125114e-01 -2.386848147440298329e-01 2.148345297436538293e-01 -4.008164768225019325e-01 -2.946441737492024315e-01 1.424082638195042771e-01
3.238881669640748221e-04 5.203576608203204501e-02 1.201734623450735444e-02 9.738098867636496569e-02 5.124532487374782244e-03 8.841893528580324624e-02 -1.369334973420553410e-03 6.478141799314088289e-02 8.798381074756724332e-03 1.370150806491821950e-02
-1.265197417063547713e-01 -6.033874776974472720e-01 2.758302831599814819e-01 3.310135598635738363e-02 4.917536739759930664e-01 -4.561693292892108897e-01 2.474974811514739637e-01 -3.985092575493595080e-01 7.145849779178210515e-01 4.417150093788939080e-01
-4.830142936561281908e-01 6.769056961448841614e-01 -1.035415395691743484e-01 -1.625287270723846100e-01 4.551566515334281582e-01 5.135082045596227607e-01 2.687157969784526035e-01 4.592973930806095173e-01 -4.622898902086244322e-01 -3.979266646924725648e-01
-6.286156510778766193e-02 -4.099947777745850397e-01 5.315598102739229475e-02 -5.887023369222886549e-02 1.481675208281630907e-01 1.845037524918347327e-01 1.125616187755603542e-01 4.057528524354043764e-01 -2.661925115636032402e-01 3.238174241436231338e-01
-6.774086798605100102e-01 3.952154602687478757e-01 4.481628712030876205e-01 7.199214380439752370e-01 1.306621114822169860e-01 5.890212759565870426e-01 -1.913523184005083699e-01 -8.453247227855667512e-02 7.054182270544337996e-01 9.197277200002330899e-02
-1.490397441429752723e-01 6.238553564180384647e-01 -5.614759699568533380e-01 1.914774076493876154e-01 3.062831564420367969e-01 4.266799255785068135e-01 3.999810831916872922e-01 1.154898478836255682e-01 -4.288061906102558912e-02 -1.581608990235871537e-01
8.606169684842858089e-03 -5.672162473859302181e-03 3.365014459265692343e-02 5.354801472582419036e-02 8.891428649506401272e-02 1.483539765882447431e-02 1.171015841390659305e-02 1.035545697132937842e-01 4.406163764228624574e-02 4.822121630609853271e-02
-4.907775761788958357e-01 5.995592935376944377e-01 -4.901310425220946065e-01 -5.624368022242323684e-03 5.723069451254041429e-01 -7.475814811758224598e-01 -7.993307465786059218e-01 2.622029030010350481e-01 -3.389604376130521679e-01 -7.029660124045767899e-01
-2.110399860527108484e-01 -1.517679076745624689e-01 8.013945604181046956e-02 1.383974414167088163e-01 1.401030563110684524e-01 -4.114470712486938964e-01 1.101607670057765803e-01 5.764049234365720142e-01 2.042714091074964433e-01 -8.207718735363160600e-02
-5.440034381647798067e-01 1.965203798026101678e-01 -8.088569793850536316e-01 -3.326572832775770427e-01 -6.751039079881508975e-01 7.884407961790980413e-02 -8.322348965370337526e-01 -5.071662608054147148e-01 8.006086112053081294e-01 6.867363902163542422e-01
4.482622603273201528e-02 2.451817896002991479e-02 7.702231867887027184e-02 -3.643748978833260405e-02 2.195608019522101925e-02 4.136262631078167773e-02 4.738809167028789487e-02 5.236829797668569181e-02 1.435906526096964635e-03 2.779077552723146008e-02
7.412114680389701726e-02 -2.015930435047612324e-01 2.924229262246658134e-01 4.331160439420559394e-01 -4.828356624777375150e-01 1.874234738750077955e-01 2.233610296122499062e-01 3.820419002296761291e-02 -4.933810918873103857e-01 -5.548125011991825728e-01
1.926233002282849716e-01 -1.016255684261068715e-01 1.943370036429019621e-01 -2.459174456461069719e-02 -1.850166634135315402e-01 -2.119854035133212078e-01 2.242250112374250537e-01 -2.174536866134907931e-01 -9.526447511621537190e-02 2.559441935801166634e-01
6.965856677760255966e-01 -4.799318692983165491e-01 4.768032146099535074e-01 8.245668438919642185e-01 6.134290684748278100e-01 -3.286345110298428268e-02 5.271073202691761717e-01 6.936986151041035775e-01 5.925122462526493106e-01 1.054212174301271676e-01
9.732941451750351525e-02 1.149187587880690226e-01 4.749624979690191262e-01 -1.430814766135808103e-01 1.857175668051671280e-01 -1.967365614416844988e-01 8.821329907150733673e-02 2.644293376155620323e-01 -3.719649198461508766e-01 -3.558732659553275890e-01
-3.568841794082617813e-01 1.337308308247255328e-01 3.852045693962970474e-01 -5.816045695317104691e-01 5.703594800309477186e-01 -1.206872691552789562e-01 7.210824299621435562e-01 -5.607877096120493787e-01 7.488304386281316449e-02 -4.131637274802582582e-02
1.530719452161090344e-01 -2.122369834231762620e-01 -4.049873241804226587e-01 1.219808190036634869e-02 5.021513850371956550e-02 3.910043761190800521e-02 3.704519138651234944e-01 3.722612090287436004e-01 -2.865982518312028618e-02 -4.740220358816416013e-01
3.043432094013038269e-01 -6.138319225973558613e-01 -4.674919739406792063e-01 3.029537862096564477e-02 1.540515045188345089e-01 2.915121959920069505e-01 -2.633554051876627056e-01 1.998321191398722552e-01 -2.630858550362433212e-01 -4.027004804683388395e-01
-3.643600134559251552e-02 3.809250669643574061e-01 3.160017903889899560e-01 1.802560839866453879e-01 -4.763027465042530412e-02 2.226329095860306861e-01 -3.213905699789614823e-01 1.826933343230307261e-01 -6.983565335123425059e-04 -4.132769120486031178e-01
2.500357125426886373e-01 -1.879792375450863307e-01 -1.561469261528296848e-01 4.514004520194392356e-01 3.864537471234464894e-01 4.698964179383474105e-01 6.903927819943785904e-01 -9.493149510386278411e-02 -2.883883372751197549e-01 3.427908768988233157e-01
-5.088450588888767667e-01 -2.080503291976528724e-01 -5.630524105190599232e-02 -6.745572640590695966e-03 2.668948624841193662e-01 -2.201117819216984739e-01 2.632680812945854820e-03 -1.823961110072749303e-01 -2.855763126000513963e-01 2.356609434891856758e-01
-1.172135261160286018e-01 -4.992463981616630797e-02 -1.814205717023877062e-01 1.592873731554256267e-01 1.422945585330129825e-01 1.905902704014441618e-01 -2.225250059025666791e-02 5.140400323121759041e-02 1.614896373467672149e-03 -2.683017090012768460e-02
2.086464778418603283e-01 2.441206123246208726e-01 1.699528995015203714e-01 -2.124601169774071319e-01 -3.640639891901936154e-01 -2.437293713795729566e-01 2.408619651370453862e-01 -3.047724371648312114e-01 3.479621374912929554e-01 6.502677612545851304e-02
-1.975468079426018347e-05 5.353143613948765367e-01 -4.410905244431362893e-01 4.749474827627560014e-01 6.461654493726108894e-01 1.768730714004298210e-01 3.234138870552780709e-01 2.757323373518006937e-01 -4.688936374792927464e-01 -6.461544889974766281e-01
2.794338471605084528e-01 -3.680209971447406248e-01 -3.833245047132777250e-01 -2.306125607240029352e-01 4.669161716970053333e-01 -3.925933799532041468e-02 2.075979410261042865e-02 5.128718398186236094e-01 2.598456214115774099e-01 -2.421283165055585218e-01
-6.470124439746886835e-02 2.960205174916168969e-01 -2.507458631998772391e-01 1.818059058832652841e-01 -5.112354406344197244e-01 -1.680043281617069895e-01 3.094289726374790939e-01 -2.798105125856834019e-01 6.664247660889377478e-01 4.491768158602109651e-01
3.884656182431338919e-03 9.098003613241754939e-02 2.062294604063948933e-01 1.997535660564943583e-01 9.131295626475872951e-02 3.446629824520467955e-01 1.655796648807702498e-01 -1.097408692273685454e-01 8.393770510399448104e-02 2.452489625855557298e-01
