6.280370810860745889e-01 -7.900708452511880919e-01 -1.142929964744012900e-01 -6.186190098636619172e-01 3.207755456805296834e-01 -4.559754029269369457e-01 3.531237775738267914e-01 5.918427305828450891e-01 8.055897682052297615e-01 7.068476472542749578e-01
1.488443919209128108e-01 1.206546578155738986e-01 -3.852602565157619008e-01 4.051124875173371387e-01 3.946898907409265855e-01 -1.066614314455476970e-01 -2.524436533453074394e-01 -4.290695202406541453e-01 5.157991748589093595e-01 -2.689618231875289256e-01
2.778134298087797660e-01 4.412626961270201820e-01 -2.007066699366439125e-02 6.552637517941268808e-01 -5.665900018695050333e-01 -2.938020003012066228e-01 5.537702189495231631e-01 2.540130985962781862e-01 6.822060836618865087e-01 -2.665162043776047041e-01
1.852125709079612270e-01 -1.359235250910999226e-01 -1.662741383492117447e-02 -2.529850955102715473e-02 -1.118071567926683385e-01 -6.719393011007729344e-02 1.302033725406192555e-01 -1.031243899295208738e-01 9.348785799770567562e-02 -5.809104317817357505e-02
-7.038006716675091964e-03 -1.426081097508879059e-03 9.318369122664305060e-02 -5.199551822581484871e-03 6.774562456424021439e-02 2.811255152188540246e-02 8.259318069956545633e-03 5.325569887100726346e-02 1.467293263281373335e-02 4.310926291506909924e-02
-4.455941946793929853e-01 -7.466906640713865118e-01 -4.072431434616386597e-02 -7.939508748860620857e-01 7.014793347340724239e-01 -6.939325770672218896e-01 5.530528698094793194e-01 7.124249363910207800e-01 6.743018237713397367e-01 2.296945078476255730e-01
-4.742607694738610637e-03 1.694404042692671808e-01 1.062440015071475091e-01 1.546573617684015613e-02 -1.417019894879266613e-02 5.900767011430221691e-03 3.315568411042624924e-02 1.817127146712761709e-02 8.239855293483290544e-02 7.702945130216797519e-03
-5.348069003508585384e-01 6.800678437088828465e-01 8.300641999374770708e-02 6.851866234388396260e-01 2.255203913526210302e-01 -3.245033634520688159e-01 -3.837644766935144891e-01 3.200876035694199540e-01 -6.045717439999764853e-01 5.596081067758958971e-01
-6.937103534957074491e-02 5.905471374487842873e-01 5.496532808682709215e-01 -5.616418872627264580e-01 -2.803988113138061178e-01 3.666519441849506733e-01 -4.120939590809544750e-01 7.198578331462290869e-01 5.175047270320856097e-01 -1.893332712530066131e-01
7.899028914642683419e-03 -7.196682853217461779e-04 -1.078759892109290228e-02 3.411581268265809902e-02 1.201064521493919596e-01 7.465387304702657267e-02 1.541502892011447842e-02 3.867004896981356826e-02 3.860344631335568127e-02 6.381784413791546755e-03
9.256534830407035959e-04 1.250069537552621624e-01 4.111201732147055227e-02 -2.685167241783188719e-02 1.809612833866365567e-01 3.297286326584140947e-02 -2.128926774580069611e-02 1.217939341168056133e-02 2.581653054227780325e-02 3.829364172248173742e-02
3.422647132949164228e-01 -3.188769872754105839e-01 5.955261495146602080e-01 1.864058174530012768e-01 -3.493784375779297735e-02 -2.090144067872671541e-01 5.402649326289911125e-01 5.067656853781289383e-01 -4.532631088590599600e-01 4.087002243705993298e-01
-4.213172359205221151e-01 -4.423524825287673129e-02 4.404232552649849364e-01 5.789059770847551079e-01 4.678550055317767797e-01 -4.540511806684197627e-01 2.075126261428195118e-01 -1.358141035590878787e-01 3.156926433304336199e-01 -1.272497707067179740e-01
4.146725494737060758e-01 2.026412936828137779e-01 -4.651071715519107252e-01 6.348467088601189579e-01 1.741561094577804003e-01 5.275348892133800704e-02 7.445703126894004376e-01 -1.599221530208703446e-01 4.120436465073871179e-01 2.897760208566353968e-01
3.112172129630310646e-01 -5.498908670746337490e-01 3.648237877834520915e-01 -2.360100877502449568e-01 2.927656007722634901e-01 -1.800641522613376511e-01 -4.542387713629580381e-01 -1.672525805370946028e-01 -2.017735374232800527e-01 -6.815264472887867520e-01
-4.106543476967067230e-03 1.360736985408849374e-02 5.537947171360450144e-02 2.279394415783938393e-02 2.293497115631555616e-02 5.065221261677262110e-02 3.256917591990606074e-03 9.037728938312906621e-03 2.749923907071322171e-02 5.310042694803455976e-02
-3.711597395101104424e-01 9.257590776445694114e-02 -5.145635474282925781e-01 -4.376973569603830883e-01 -1.546613087623709658e-02 1.824445801797133226e-01 -4.665972923589026267e-02 3.487265350733140812e-01 8.888968884705981954e-02 2.420177890607927984e-01
8.297674728061509297e-01 -5.337672719260230236e-01 -7.693720597264596117e-01 4.700892763587296019e-01 5.960078163940755180e-01 3.149311554534715007e-01 1.115673325632501184e-01 6.657051868092753732e-01 8.042207106271985761e-01 -4.411909261223119771e-01
1.311144296278117906e-03 4.142677194445402306e-02 -5.873764582186319361e-01 -4.763293532126747221e-01 -5.774609714861416165e-01 2.848026588208517618e-01 -3.635162991692061918e-01 6.728663485264875233e-01 6.687486644176660056e-02 1.283447210444889873e-02
-2.652595423133237776e-02 2.143229735991726836e-01 -1.239282420920075206e-01 5.949473003920949243e-02 1.858457944961651453e-01 -8.193087929914082135e-02 -1.721631969921156302e-01 1.103463639980031968e-01 1.246027509747244799e-01 6.355804439977427722e-02
-8.068227903101587301e-03 -5.488636822648428060e-02 -2.278921267455572830e-01 3.511702977511675372e-01 -3.931461367498736426e-01 -2.679885398431611915e-02 1.658083321090525197e-01 2.154978945583580774e-01 -2.922068324228833669e-01 1.595770484885384310e-01
2.696324113133775069e-01 -8.989029356420084882e-02 -1.939557238560903618e-01 3.942159406783338205e-01 2.566111822517694874e-01 1.601121273858059080e-01 2.006427026639990563e-01 -9.085303665688904129e-02 -1.222302915639215948e-01 -2.125542993208589804e-01
5.418200260678381064e-02 3.958952790477014982e-01 -1.719495054954973956e-01 1.628355065461132012e-01 2.414161471187779295e-01 1.234401645745675097e-01 9.685424297302769325e-02 -2.848332840537857319e-02 2.324417394303535944e-01 -6.682634699332039296e-02
5.222513015310460416e-01 1.115932148219507258e-01 8.166424630681845542e-01 -8.842731739260583090e-01 -3.957027496107094477e-01 8.720078660318307529e-02 7.579915576937374944e-01 -7.725807485211344527e-01 -2.090371529831812070e-01 -8.073347101170387230e-01
-6.267206732563618266e-01 1.823506199787180704e-01 1.329424421416304687e-02 -6.647290434174343843e-02 3.358248987377413508e-01 -1.309334940979832163e-01 -6.814921581519703953e-01 4.604014186914296980e-01 -6.511072090400031875e-01 -5.959918660163816551e-01
1.064871930550533030e-02 -1.318612149977594836e-02 -1.688726302105990687e-02 2.391104807461665593e-01 -4.777644921703343428e-01 4.054903677866479872e-01 -2.006767054052866761e-01 -2.473625247042053610e-02 2.121286998144097102e-01 -1.151680665418789717e-01
1.707595525236574874e-01 -6.254278236806091185e-01 -8.067519708566216474e-01 -8.185624446881807625e-02 -3.100910950095720486e-01 -7.992042004690188550e-01 -6.671208904144468876e-01 -7.252615920499376756e-01 8.635068947298701891e-01 -5.174289175576770594e-01
3.677364465963456341e-01 4.725268862468028908e-01 -4.058009571280666444e-02 -2.679956585577144557e-01 4.402755608145714761e-01 -2.727948761833866032e-01 5.120586476078011762e-01 3.508144632604502378e-01 1.541396406308085665e-01 1.383235623287016325e-01
-3.188165658264393576e-01 2.931379625419083812e-01 -3.620250924522182279e-02 3.167068326623780072e-02 -6.890323362031419707e-01 -2.330444719237377560e-01 3.333243577751961451e-01 -6.512214115457742869e-01 3.842954946691006235e-01 -1.146295667780338379e-04
-1.695546406433077746e-01 4.718581834775577577e-01 6.100657892630229062e-01 -7.465128438927519372e-02 -1.998870166111692548e-01 -5.375060949195913373e-01 -2.575275388779612040e-01 -4.000963158979685130e-01 5.150392869526735362e-01 3.526804603679756789e-01
-3.802143747249482342e-01 -5.356281090431269654e-01 8.693069559040185190e-01 6.504665145827281947e-01 5.089020366190506461e-01 -1.410753666677554974e-01 -6.744745612508210586e-01 -8.369839733980807828e-02 -5.759121818605233978e-01 -6.630229603205402000e-01
-6.691447893375208900e-02 -1.096803326521041400e-01 -6.900789016017291333e-01 3.332076730250687624e-01 -3.808041284082544498e-01 -5.745455953139366745e-01 7.952633788552297966e-01 -1.531608772692341636e-01 -1.317255128503620198e-01 3.564950976595455123e-01
-1.495113948247972224e-01 6.054341700749523714e-01 -4.883712157430059042e-01 -6.681360686772117585e-01 2.551660465419284818e-01 1.321605962823382274e-01 -4.451305736397069557e-02 2.614937640932723517e-01 3.158463818863123107e-01 2.459433754159426611e-01
3.087855004937967163e-01 6.331605394023656075e-01 -2.220292091304352233e-01 3.518083315939198319e-01 -6.064589023539772583e-01 -5.774679692678782450e-01 1.102927855642374111e-01 1.914710373194519477e-01 -1.172453659387830555e-01 -4.397189128486262977e-01
-3.443368316692206610e-02 3.204197589340657126e-01 3.503651189092218954e-01 3.130315950299779049e-01 5.172156760304047474e-01 -2.777446326732780912e-01 -3.695139003910323794e-01 -5.278310323772462259e-02 -5.640617415697667392e-01 -6.220937237658596269e-02
-3.548910482797183463e-01 5.870110956344468667e-01 2.764129451456597275e-01 4.278053719808119215e-01 3.971417711503846815e-01 -4.546821335792741725e-01 3.547166366699907591e-01 -2.545300173303183255e-01 7.145456707968256271e-01 -4.210582814090612080e-01
9.810871050198123611e-02 5.444946131359432867e-02 2.494344088112865343e-02 1.360659443975592055e-02 -9.972624451933372047e-03 -1.983377984578286318e-02 -2.340943362876356411e-03 2.438603945482668844e-01 -1.200342459291835542e-02 3.172597785327864760e-05
1.013041024539707291e-01 -2.886440018339598429e-02 -1.147415903692263969e-02 -1.291975964821160394e-01 -1.450517103997694957e-01 -1.295961681174036435e-02 -3.827885224922483731e-02 5.521506855460752566e-02 -9.336926650630703040e-02 -2.247010342104023284e-01
3.822613387733002077e-01 -5.487892860659855376e-01 -2.849286458807240852e-01 -7.028523945640636761e-01 -6.905717718229588409e-02 -6.907427034633172314e-01 -2.042222707276161731e-01 -6.345050723509373380e-01 -2.117778543426247773e-02 3.156253275419618198e-01
3.765141124844730708e-02 -5.891354971926710676e-02 -9.937548320248817957e-03 7.993748705901916954e-03 1.928573274335154408e-01 -1.530137492599230667e-02 6.539118310479281881e-02 4.366244604816996167e-02 -3.582256950067718750e-03 5.172177897217090231e-02
1.158395839977602731e-01 2.439350756616281979e-01 -2.833190572637142926e-02 1.336087560241383532e-01 -3.896029417471841977e-02 1.429109704001673142e-01 -2.504871769120273206e-01 1.676318510555479535e-01 -7.135699393825410339e-03 7.082403492767144759e-02
-3.776643627330866781e-01 -4.040281653958392727e-02 5.790331534565231753e-01 -5.144936585951866148e-02 -2.523723495391616001e-01 7.091661542717638822e-01 -3.176085660170131497e-01 -5.150545382081803680e-01 -4.078714269390489311e-01 5.453388169368441618e-01
5.803684205511531191e-01 -7.525483590511450327e-02 -2.596630369782471637e-01 6.618535463087092952e-01 -2.619425712160927677e-01 2.617163436948493488e-02 -7.756031679447852323e-01 1.503439617787640792e-01 -5.354927427752872449e-01 7.418621694784138798e-01
2.330122279958908860e-01 1.570515739808087952e-01 1.431646659532215780e-02 1.088798298849970175e-01 -6.604592849121831977e-02 1.111259623058697271e-01 5.036297943917313752e-02 4.485157693041805921e-02 1.057171080190547063e-01 1.269252317407144615e-01
-5.198759200700436844e-01 -8.461722849218239473e-01 1.561628664983154002e-01 6.036495844408696909e-01 -2.754009598468839526e-01 5.896196710173451372e-01 -8.403230152573193390e-01 -6.979995153433324329e-02 -6.876887724579902050e-01 6.391857258952133858e-01
1.056932690544247835e-02 -8.190109866293205677e-04 1.222987156795024566e-02 -1.699492065301735216e-02 8.303767862873752403e-02 8.352761736882130528e-02 3.395282280823510397e-04 3.935784031984735504e-02 -3.362665835682190213e-02 -1.439972300995817633e-02
1.976937491130596747e-01 -2.349593097625182481e-01 -4.370089811006681035e-01 -2.994427784047447028e-01 4.347211342085721686e-01 3.664052850759991764e-01 -2.100470928549024174e-01 -5.254806603489579064e-01 -5.145361401832939663e-01 4.881029499241477110e-01
2.754393162200630130e-01 -5.030767922740079223e-01 -2.064059349951835945e-02 -3.348314363276912453e-01 9.808244185641301627e-02 -2.886561149317953823e-01 -3.775424695085892179e-01 -6.174644208508815735e-02 8.964796636693708742e-03 1.757715067337404236e-01
-1.036762627927750452e-01 -2.666472172628296389e-01 -7.374538124319576782e-02 6.302058263170651209e-02 1.972195230541569366e-01 1.998867986428649601e-01 2.176731884677496343e-01 1.797777445789602024e-01 1.118252861876028043e-01 9.783180942733402108e-02
-8.559806724232621455e-01 4.488702103570436086e-01 8.836775685647683953e-02 7.403907820444577403e-01 -2.688924357955498889e-01 -3.179622069029434117e-01 -1.515053896415590184e-01 7.619809741459179220e-01 -5.128182133602950804e-02 1.400892872372601905e-01
-2.409912848517274941e-01 8.390278768291974110e-02 5.650970814468468939e-01 -4.027682761297236569e-01 1.992163084405600415e-01 8.061628449498405846e-01 1.950642721032030680e-01 -7.680583028991358301e-03 3.365379717651781344e-01 -4.146346712148702984e-01
1.178730138931690860e-02 1.040547400534807126e-01 -1.514298019195664535e-02 -7.252743064338153245e-02 8.502002341872381963e-02 -1.382809243671412613e-01 1.169866707759786989e-01 8.759039667739295862e-03 -7.429062170946923666e-04 -8.602405263685168613e-02
5.345563432740044196e-02 2.848983818193596279e-02 2.126460683898647452e-01 -1.609369188812337023e-02 -1.845972281811663479e-02 -3.840194192948942487e-02 1.356149728466230116e-02 3.148480095894128084e-02 -9.392358103872416875e-02 1.477353706057558079e-02
-2.851726808600637542e-01 7.614683526362537869e-01 9.132490764897809310e-01 -6.193283915192138167e-01 -1.049181151512351556e-01 -2.427564659219657583e-01 -3.182639886661280948e-01 -2.272412939538570875e-01 6.782558323839044112e-01 -3.952262894161661100e-01
-3.369499789362540576e-01 -4.367383504176054476e-01 -4.451738047270082377e-01 2.738048456237504036e-01 -2.332789172236814090e-01 7.296530828733099883e-01 -2.078144923266490862e-01 -5.147959884108180839e-01 7.477686285290691126e-02 4.374562148857416566e-01
-5.075716932768747913e-01 4.419307453357190218e-01 5.393620266108767325e-01 -3.210499267754503006e-01 -1.553613778711168680e-01 3.177036827447304312e-01 -3.198859340913309812e-01 2.311222045581824980e-01 -5.810060678946940005e-01 -7.117111908091565686e-01
-2.340391274913682096e-01 -4.525075244155328247e-01 -6.236763805119274195e-01 -3.817153664438375227e-01 3.781195749043247401e-01 -5.358317386313549147e-01 4.708948418325008267e-02 -3.165496843177811326e-01 -3.662174479543871541e-01 1.456818413192520201e-01
1.108637126884939317e-01 -3.898262338419302558e-02 -2.257432651814196556e-01 1.544957069977690167e-01 3.534945574069459084e-02 -9.319735999566539086e-02 6.535520717356388398e-02 1.914871244657759611e-02 8.714247559726923109e-02 -2.025910640326893941e-01
-2.521790054949295534e-01 1.637692265105763212e-01 1.980803665718476603e-01 -1.455575456896412712e-01 -5.747076168787680350e-01 5.601954816736958165e-01 -1.202578772389453626e-01 4.359582149320392341e-01 -1.754861960846508528e-01 -5.464192152105106226e-01
6.941692442455371648e-02 2.909982896159544336e-02 1.467979248449011696e-02 5.189513361159708849e-02 1.114870500291289257e-01 -2.218034216824933680e-02 -1.590706300945400218e-03 3.170364552112428513e-02 7.032794430110491692e-03 1.014619648105587017e-03
-5.651923289435081266e-01 -2.820762899241838761e-01 -4.559558397553462039e-01 6.325192808428903302e-01 -4.843664932846424298e-01 6.897845084459307552e-01 -3.439150818989807901e-01 -4.532495549312630656e-01 4.821529598813160677e-01 5.619339374196263837e-01
-5.399113955105805385e-01 -7.971692774821328986e-02 3.621228316886828114e-01 -4.025682940111146094e-03 8.202561573791317118e-01 -2.675281765311454119e-01 -2.277250603224660885e-01 5.789975284789027343e-01 -2.556253811750043847e-01 4.227247053156690249e-01
-3.086698079696158226e-02 -2.133322011647563812e-02 2.988103201700146455e-02 6.140755686729544582e-02 1.903413495283983251e-02 8.286748053495329724e-02 1.810993239141599903e-02 -1.511176185334340422e-02 6.616032140444416502e-04 1.235767025110285355e-01
-8.296486700055988317e-02 2.271095673705467999e-01 -1.915297043798972615e-02 6.091730153614912519e-02 1.426055951417488921e-01 5.786004137616428816e-02 -1.117218015296259637e-01 -1.304182270631385754e-01 -3.660140724927824635e-02 -4.455324103988035633e-02
5.919853390136511732e-03 -6.811377649159518211e-02 1.625179919180384097e-02 -1.603908792696737418e-01 8.032103993211217596e-02 5.654275040147967862e-02 -8.100030626035746584e-02 -1.972167929245052520e-01 -2.631388830838558013e-01 -5.083152137030403361e-01
5.172913101590609353e-01 -9.864278057454203830e-02 -5.256680319732870421e-01 -5.588505635561360485e-01 1.220994938122041129e-01 8.612108751679820040e-02 -5.116481045312507581e-01 -6.823253166919941715e-02 -6.177235737569519713e-01 5.099568782400706324e-01
4.609869663174006038e-01 -6.361546104338051677e-01 3.782300699445462211e-01 5.747082690908287272e-01 6.291711714078107587e-01 -3.057055444321024051e-01 4.008766777575296092e-01 1.720123823006872166e-01 -1.278210023483271167e-02 4.826269777724742638e-01
4.183789776424828855e-01 -4.459330852320511629e-01 -3.743787505271859439e-01 1.649166358631432017e-01 -1.397274936589601169e-01 -4.132773267762583913e-01 5.016734456788193297e-01 4.215991116882008560e-01 -1.273052165881001785e-01 1.116206150234825972e-01
2.125820415414404752e-01 7.906207600467018981e-01 5.095673300195071587e-01 6.025118618485811872e-01 7.222737893186251812e-01 -8.031504300759133574e-01 1.674390876923820826e-01 7.928688551108132865e-01 3.089495359496274851e-01 -8.702827180595354983e-01
2.573026700742976902e-01 -1.122992348155848752e-01 4.968515736487472828e-02 1.302009863190812522e-01 -2.079305907403234122e-01 3.363221643977768460e-01 -2.957407669483333792e-02 2.510468016167992089e-01 1.345840040363096846e-01 3.498760599740166621e-01
4.321454110978801277e-01 -5.361189137575881336e-01 5.566213547372308446e-01 -3.545671149962849600e-01 -1.778377171540476420e-01 -1.614141785578020460e-01 5.572207198085564750e-01 -4.447663230796193301e-01 3.267379221569611802e-01 -2.321404488253965004e-01
6.766387347234890104e-01 -2.550036001543870556e-01 -7.074584532560286299e-01 8.932583712407800025e-01 8.626010642852723065e-02 9.341072077569158028e-01 6.929450204352914922e-01 -2.708447988666320971e-01 -9.290677505436950590e-02 7.890342439403916774e-01
-2.194792458857954820e-01 7.493011668528139907e-03 6.592640154772756722e-02 -5.199374019779906542e-01 -4.255729271792458857e-01 -2.386602711197235993e-01 2.149306545167357918e-01 -4.008294707761532738e-01 -2.947114869881393706e-01 1.424847266189825379e-01
-5.121235981399840378e-05 5.146589885262713160e-02 1.223549992841472048e-02 9.667986876865128365e-02 4.440603894028705666e-03 8.856610244463432313e-02 -1.279756215506983302e-03 6.281924928476809167e-02 9.569999274890187910e-03 1.409211370101416845e-02
-1.265244363254838245e-01 -6.033540528165518557e-01 2.758229040109130281e-01 3.312037594465958024e-02 4.917320221265308322e-01 -4.561684997291927668e-01 2.474804983204740294e-01 -3.985001618567722281e-01 7.146130857205329479e-01 4.417395995873375503e-01
-4.830142936561281908e-01 6.769056961448841614e-01 -1.035415395691743484e-01 -1.625287270723846100e-01 4.551566515334281582e-01 5.135082045596227607e-01 2.687157969784526035e-01 4.592973930806095173e-01 -4.622898902086244322e-01 -3.979266646924725648e-01
-6.286551223228545315e-02 -4.100205216520806939e-01 5.315931873103612454e-02 -5.887393019805398781e-02 1.481768243771637295e-01 1.845153376198878648e-01 1.125686866034487921e-01 4.057783299592482296e-01 -2.662092259896872704e-01 3.236605639245376809e-01
-6.774086798605100102e-01 3.952154602687478757e-01 4.481628712030876205e-01 7.199214380439752370e-01 1.306621114822169860e-01 5.890212759565870426e-01 -1.913523184005083699e-01 -8.453247227855667512e-02 7.054182270544337996e-01 9.197277200002330899e-02
-1.490398099109045138e-01 6.238556317115528937e-01 -5.614762177237297980e-01 1.914774921441153299e-01 3.062832915979918913e-01 4.266601491815180114e-01 3.999812596944566367e-01 1.154898988467306653e-01 -4.288063798329049686e-02 -1.581609688164795080e-01
8.807214633326962763e-03 -5.474792829375630700e-03 3.367303121611301547e-02 5.348788338841473089e-02 8.852396424470505842e-02 1.530445858349675607e-02 1.204058354731953571e-02 1.026273385936270488e-01 4.436958932584691290e-02 4.680685000081302727e-02
-4.907775761788958357e-01 5.995592935376944377e-01 -4.901310425220946065e-01 -5.624368022242323684e-03 5.723069451254041429e-01 -7.475814811758224598e-01 -7.993307465786059218e-01 2.622029030010350481e-01 -3.389604376130521679e-01 -7.029660124045767899e-01
-2.110399860527108484e-01 -1.517679076745624689e-01 8.013945604181046956e-02 1.383974414167088163e-01 1.401030563110684524e-01 -4.114470712486938964e-01 1.101607670057765803e-01 5.764049234365720142e-01 2.042714091074964433e-01 -8.207718735363160600e-02
-5.440186800869801775e-01 1.965268164073037116e-01 -8.089768865176674151e-01 -3.326803898868844200e-01 -6.751101370061195484e-01 7.884876040177632439e-02 -8.322538747153416239e-01 -5.071713392157636280e-01 8.006185528712904675e-01 6.867597403340541806e-01
4.547860579819934523e-02 2.430903775234302677e-02 7.642232535552079264e-02 -3.598669929906011394e-02 2.090755101587361137e-02 4.181189744580602469e-02 4.749406086482852590e-02 5.088950639905184814e-02 4.588591462051316524e-04 2.896300153705580818e-02
7.413935415046844779e-02 -2.015905848971876746e-01 2.924164061292535699e-01 4.331133614937738296e-01 -4.828423983815018361e-01 1.873732105325363051e-01 2.233984975862376987e-01 3.818863916971474565e-02 -4.933925995040502333e-01 -5.548373327034007430e-01
1.946228395587551452e-01 -1.017892126590691365e-01 1.962938343558604803e-01 -2.574212103981793343e-02 -1.853640967380269511e-01 -2.143682039246203597e-01 2.251833723408005472e-01 -2.194215043474411209e-01 -9.616895000700177720e-02 2.572331607624173677e-01
6.965856677760255966e-01 -4.799318692983165491e-01 4.768032146099535074e-01 8.245668438919642185e-01 6.134290684748278100e-01 -3.286345110298428268e-02 5.271073202691761717e-01 6.936986151041035775e-01 5.925122462526493106e-01 1.054212174301271676e-01
9.733076034005982979e-02 1.149203478272971674e-01 4.748859159733743174e-01 -1.430834550728119769e-01 1.857201348149691844e-01 -1.967392818166436297e-01 8.821451884097010476e-02 2.644329940124373057e-01 -3.719700631913746003e-01 -3.558781867931943843e-01
-3.568841794082617813e-01 1.337308308247255328e-01 3.852045693962970474e-01 -5.816045695317104691e-01 5.703594800309477186e-01 -1.206872691552789562e-01 7.210824299621435562e-01 -5.607877096120493787e-01 7.488304386281316449e-02 -4.131637274802582582e-02
1.531438127118050496e-01 -2.122333932959036273e-01 -4.050784594454848730e-01 1.207536305591596672e-02 5.031181781713683909e-02 3.853284541404475988e-02 3.706751978645258516e-01 3.724862456157192470e-01 -2.854748201423252738e-02 -4.745116304538409824e-01
3.043432094013038269e-01 -6.138319225973558613e-01 -4.674919739406792063e-01 3.029537862096564477e-02 1.540515045188345089e-01 2.915121959920069505e-01 -2.633554051876627056e-01 1.998321191398722552e-01 -2.630858550362433212e-01 -4.027004804683388395e-01
-3.643761677800586019e-02 3.807986416962482190e-01 3.160178496480774424e-01 1.802776878222930312e-01 -4.763173671285434591e-02 2.226552729687632237e-01 -3.214054032565756280e-01 1.827106112490407275e-01 -6.971724473239322619e-04 -4.132938493531562729e-01
2.500357125426886373e-01 -1.879792375450863307e-01 -1.561469261528296848e-01 4.514004520194392356e-01 3.864537471234464894e-01 4.698964179383474105e-01 6.903927819943785904e-01 -9.493149510386278411e-02 -2.883883372751197549e-01 3.427908768988233157e-01
-5.088450588888767667e-01 -2.080503291976528724e-01 -5.630524105190599232e-02 -6.745572640590695966e-03 2.668948624841193662e-01 -2.201117819216984739e-01 2.632680812945854820e-03 -1.823961110072749303e-01 -2.855763126000513963e-01 2.356609434891856758e-01
-1.172135261160286018e-01 -4.992463981616630797e-02 -1.814205717023877062e-01 1.592873731554256267e-01 1.422945585330129825e-01 1.905902704014441618e-01 -2.225250059025666791e-02 5.140400323121759041e-02 1.614896373467672149e-03 -2.683017090012768460e-02
2.087344206885004272e-01 2.441592729298254494e-01 1.699490886286353086e-01 -2.124366838559908766e-01 -3.640373476165830180e-01 -2.435948586441968600e-01 2.406887416045356276e-01 -3.050361345947595892e-01 3.480572574586073831e-01 6.493732954539534197e-02
-1.975468079426018347e-05 5.353143613948765367e-01 -4.410905244431362893e-01 4.749474827627560014e-01 6.461654493726108894e-01 1.768730714004298210e-01 3.234138870552780709e-01 2.757323373518006937e-01 -4.688936374792927464e-01 -6.461544889974766281e-01
2.794400128167901509e-01 -3.680370870037104614e-01 -3.834618608772052406e-01 -2.306167401739423473e-01 4.669295626782143382e-01 -3.925751497456034939e-02 2.075607857503456929e-02 5.128877602457472262e-01 2.598502915165560867e-01 -2.421326765850506657e-01
-6.477950878466555429e-02 2.960402342709156365e-01 -2.507577021762110170e-01 1.818097187647701451e-01 -5.112612208399165414e-01 -1.680099649349101887e-01 3.094176477539936077e-01 -2.798047032565473269e-01 6.664441895080583933e-01 4.491860788813248351e-01
3.851239421059638336e-03 9.115233428153582396e-02 2.061787143801329936e-01 1.998908681330404946e-01 9.115948890597440346e-02 3.446719581649091424e-01 1.654601267834104328e-01 -1.096770340754474327e-01 8.413873239221277001e-02 2.454263597779745287e-01
