6.284127272284359966e-01 -7.929522572507002875e-01 -1.144931984280702641e-01 -6.189684222082977305e-01 3.215188462287969506e-01 -4.556647966889489365e-01 3.524024535726839602e-01 5.920764725982339272e-01 8.050354514533002437e-01 7.072318574320272111e-01
1.491268248682211806e-01 1.206224010704553262e-01 -3.867099726526118664e-01 4.044633563935132181e-01 3.951688675571443099e-01 -1.073995669711923090e-01 -2.523855097162936434e-01 -4.306316593075000254e-01 5.160281167246661971e-01 -2.687304977988537735e-01
2.782889585803091093e-01 4.414464518443025343e-01 -2.008571930373166670e-02 6.557136143508411896e-01 -5.670738364138047105e-01 -2.936922574054121049e-01 5.544390153513738539e-01 2.523980327288146142e-01 6.817753620429750638e-01 -2.658724533357575415e-01
1.670422348928768119e-01 -1.708023846307775151e-01 -3.941764193081245121e-02 -4.318845616031425499e-02 -1.396568170991942526e-01 -1.271498100868178049e-01 1.804417956629011666e-01 -1.463416557484771563e-01 1.313295968424467164e-01 -7.927659037547486742e-02
-3.798439350712024768e-03 -3.064338851567777449e-03 7.897553277723143306e-02 -7.160756919719385612e-03 8.283738677916838156e-02 1.718365360450258700e-02 1.405314896519197637e-02 6.867271907378236229e-02 7.225658270988430734e-03 3.655982247418334413e-02
-4.455930876818853803e-01 -7.467918671228008787e-01 -4.071600151874286283e-02 -7.938551920308104526e-01 7.015731516121451738e-01 -6.938259116266692894e-01 5.530801571401124939e-01 7.119577268919367041e-01 6.743570048025531172e-01 2.297293119414295648e-01
-4.576380108341312168e-03 1.736415342835760101e-01 6.772131692511504375e-02 6.505988119640983627e-03 -1.367064927951650889e-02 9.663467735904584036e-03 3.567245896053201221e-02 1.316077517758150808e-02 6.363629234043709226e-02 5.446214619033700605e-03
-5.348180987337025627e-01 6.801075383695053267e-01 8.231320858297845600e-02 6.852445839910088488e-01 2.255892505925817526e-01 -3.245037571595982273e-01 -3.837786441547067495e-01 3.201247563429358012e-01 -6.045926369104256404e-01 5.596431868710677326e-01
-6.985274027355814486e-02 5.909057115835791851e-01 5.496440463587515257e-01 -5.611110251743934851e-01 -2.791470636166360486e-01 3.691176066213580076e-01 -4.163435267507751836e-01 7.205179107651518144e-01 5.173547831554499155e-01 -1.899879747368445893e-01
8.779669489261052173e-03 -4.364379010091759721e-03 -5.607126084277812630e-03 2.468056664035458633e-02 9.181933930100094621e-02 5.039738805790303783e-02 1.395640183734958052e-02 4.842480555645112261e-02 2.890638824942616536e-02 1.652254902816646318e-02
-1.272456808013954291e-02 1.012848323916837462e-01 5.901779777892141032e-02 -6.277599359983321303e-02 2.131678889125000476e-01 1.565189514357563649e-02 -2.705287555697881430e-02 8.078497999836478172e-04 2.818667637778716692e-02 4.900608486130047375e-02
3.422669918475045869e-01 -3.188791101293200203e-01 5.952697369026141994e-01 1.864070584090254112e-01 -3.493807634885839897e-02 -2.090157982550377436e-01 5.402685293248022935e-01 5.067690590600165690e-01 -4.532661263592278611e-01 4.087029452030948029e-01
-4.216881874337302660e-01 -4.406307210947721376e-02 4.410150539714299822e-01 5.795956360327988444e-01 4.671413475256481207e-01 -4.571991683908372406e-01 2.075461051511564570e-01 -1.356398637750678704e-01 3.158193086079190692e-01 -1.275179710454073800e-01
4.145329608417299139e-01 2.017294407042645732e-01 -4.656652292513191460e-01 6.355609065931617785e-01 1.751586687772416218e-01 5.396407941184209328e-02 7.432989769053328644e-01 -1.597176498420309343e-01 4.121188843783615829e-01 2.877850351228725123e-01
3.103649120256815053e-01 -5.498747239732277858e-01 3.617484941726826775e-01 -2.360270957617559007e-01 2.914984080472226013e-01 -1.800833122838459699e-01 -4.542026090483351486e-01 -1.668570816859455963e-01 -2.011710327557910405e-01 -6.821150809540894588e-01
-9.616067211406071312e-04 1.131417794195057995e-02 5.074260874965358381e-02 1.860871722987756174e-02 1.079851378384378419e-02 5.429041407517179452e-02 5.811345757557373481e-03 -1.245536817316402053e-03 2.377257391391714159e-02 3.796555655971034504e-02
-3.957601642364069194e-01 9.684440838279062547e-02 -5.336632563466903179e-01 -4.565997624705044888e-01 -1.350919138413806363e-02 1.928064108688762879e-01 -4.246535238113871569e-02 3.547655824628058729e-01 9.489024125901293627e-02 2.431044292002589591e-01
8.297674876273811728e-01 -5.337672814601250870e-01 -7.693720734689126761e-01 4.700892847554211107e-01 5.959948422509896426e-01 3.149311610787428606e-01 1.115673345560555391e-01 6.657051987000404125e-01 8.042207249921149437e-01 -4.411909340028235538e-01
1.361525483646821959e-03 4.159429174633583193e-02 -5.883132964317230318e-01 -4.764894030957590454e-01 -5.776443279488125970e-01 2.849697645308341687e-01 -3.636482534201733174e-01 6.709614607037840406e-01 6.697498017612103782e-02 1.281859452909927741e-02
-3.657279958441152223e-02 2.338307427954070816e-01 -1.332123979994174756e-01 6.030360046429168730e-02 1.874114906822013094e-01 -8.729753930441454257e-02 -1.943036205865791011e-01 1.320097658101842542e-01 1.376406600317625906e-01 4.780459630534546200e-02
-3.143806808450183392e-03 -5.366790717011250128e-02 -2.336721168971343243e-01 3.603577557910539464e-01 -4.037455470484811459e-01 -2.513153490400881970e-02 1.750952606667660061e-01 1.985627082256988252e-01 -3.025132313306060361e-01 1.708935365097306314e-01
2.738386189240795132e-01 -9.141500908532863845e-02 -2.184177247096210361e-01 3.995354064685662787e-01 2.629606201134129240e-01 1.633196443667364051e-01 2.064244341043263153e-01 -8.984453145491101689e-02 -1.245718785385008104e-01 -2.127435045023365057e-01
5.733331262546251250e-02 4.120822360085014124e-01 -1.955976321476160240e-01 1.693382106179585067e-01 2.510239908119192842e-01 1.284578009663526477e-01 1.006286028362515655e-01 -4.800600228895133409e-02 2.414747871073660290e-01 -6.937556980226933234e-02
5.222722799346957157e-01 1.115686063462817956e-01 8.166477052795353408e-01 -8.842788562337197122e-01 -3.956612801636274490e-01 8.720864614214025867e-02 7.580122612532802506e-01 -7.725660944851505674e-01 -2.094102604801201806e-01 -8.075276219504140540e-01
-6.266792866788505334e-01 1.823588352445380811e-01 1.271526958802797480e-02 -6.601086422578798796e-02 3.361572167698489988e-01 -1.331986284091423722e-01 -6.819963926922868458e-01 4.613877484009893948e-01 -6.515246709899489286e-01 -5.973377260999184202e-01
1.096257159333564185e-02 -3.017027710561429044e-02 -1.603400611577054935e-02 2.441095003114537310e-01 -4.841061851548289496e-01 4.150306753283936056e-01 -2.039399057971660323e-01 -2.456174985867817795e-02 2.167115272961840367e-01 -1.157322892437145229e-01
1.708228628459560194e-01 -6.254736563919444103e-01 -8.083971617627851991e-01 -8.180864803474670321e-02 -3.101049302137033892e-01 -7.991822943837058046e-01 -6.672280189126098549e-01 -7.253383114219561500e-01 8.637071662020372464e-01 -5.173632225874581492e-01
3.679321007835672508e-01 4.727250611708806449e-01 -4.056401640546535015e-02 -2.681122563624287469e-01 4.400707670613429046e-01 -2.753406484454022363e-01 5.124378633998011301e-01 3.510950574671712898e-01 1.543005838640667815e-01 1.384273744113397875e-01
-3.188891607368343761e-01 2.913844196519176366e-01 -3.578597562565383194e-02 3.161931353943964879e-02 -6.894959066275171411e-01 -2.367447679279052475e-01 3.314141277413249487e-01 -6.519478989056701757e-01 3.850334416280985494e-01 3.433385377974213946e-04
-1.713773829791633563e-01 4.743191510038277658e-01 6.120989781700317822e-01 -7.230989206360660670e-02 -2.110071222819683845e-01 -5.382029063548673387e-01 -2.582602566093626373e-01 -4.061172507937811371e-01 5.178966508150932846e-01 3.566184744425219266e-01
-3.801390440865740072e-01 -5.389402611585767389e-01 8.694456866700822628e-01 6.502259682007203168e-01 5.097580003218712408e-01 -1.409639187427769447e-01 -6.752148430066405860e-01 -8.340377822604037872e-02 -5.769304012920546398e-01 -6.631099706933519800e-01
-6.650207215951334239e-02 -1.099522235158540279e-01 -6.913635466327798795e-01 3.337065940549052701e-01 -3.806702937728274616e-01 -5.782520697163293644e-01 7.970746614794693707e-01 -1.520601409712540319e-01 -1.319948634442086877e-01 3.548747640204874543e-01
-1.489515163476199389e-01 6.062983420741858698e-01 -4.885818694676706264e-01 -6.683409310727344010e-01 2.550651721497528834e-01 1.323027075059977076e-01 -4.338361917731648615e-02 2.561554119160788234e-01 3.154371021689768018e-01 2.476656729710048077e-01
3.090420762973694058e-01 6.334783870859117538e-01 -2.221558256453461389e-01 3.525103491382909904e-01 -6.103748507255200018e-01 -5.778546790916259113e-01 1.092835017324246261e-01 1.923062386894341391e-01 -1.168840397647204765e-01 -4.401068058644478365e-01
-3.425633472335764401e-02 3.180205959880419431e-01 3.510151082068858064e-01 3.131935621084398491e-01 5.174184704642748045e-01 -2.782867271416312183e-01 -3.700228836804094201e-01 -5.299474718601769607e-02 -5.641063885862841465e-01 -6.190102176633617559e-02
-3.527377046724674559e-01 5.886311706693503343e-01 2.758452460900381320e-01 4.286955703888337132e-01 4.003648711489667944e-01 -4.519137118213474302e-01 3.558172259365747769e-01 -2.604131692895891859e-01 7.163876810595101174e-01 -4.222080613017280548e-01
1.055380805280260736e-01 3.625396401070422187e-02 3.568435004910911618e-02 8.252182036109232191e-03 -5.940844638785800977e-03 -1.050468383533538844e-02 1.544275601989184531e-03 1.773741179733763218e-01 -1.118043981676342460e-02 -6.421545116704346782e-04
1.344426868003916753e-01 -2.437684292735244410e-02 -9.792429546435780369e-03 -1.640018265078820037e-01 -2.157512839977721308e-01 -1.322585667626450384e-02 -5.705293425601381391e-02 9.311381296341660063e-02 -1.125428562391030812e-01 -2.751894397111332435e-01
3.828067018299699531e-01 -5.490443781476953555e-01 -2.856736811587207714e-01 -7.030770370247593215e-01 -6.882120540464031766e-02 -6.943222297892782668e-01 -2.032908626425296850e-01 -6.339426570303611230e-01 -2.114744643356177359e-02 3.128258673401204115e-01
2.874258170606974749e-02 -7.776281108280722054e-02 -1.777924725976098418e-03 -1.653387786511978028e-03 1.736702362422789248e-01 -4.020156374747217514e-04 6.935673684305820874e-02 6.018015829041625103e-02 -1.922116643088645979e-02 6.951971500298162465e-02
1.118112398133206398e-01 2.467001371839569190e-01 -3.290362071916806685e-02 1.174608593434791209e-01 -4.206245948658735717e-02 1.614078924205328003e-01 -2.753269635091700751e-01 1.783487724286929865e-01 -4.476751271994264085e-03 7.237747442021379152e-02
-3.821263613388682367e-01 -4.022568476610488553e-02 5.792840929748468426e-01 -5.067983254583742492e-02 -2.529585031003211970e-01 7.110133029047608355e-01 -3.185058994924372389e-01 -5.168802685115949647e-01 -4.078790538241830466e-01 5.438085343088688850e-01
5.803786022900472297e-01 -7.572099184769248703e-02 -2.596665203541229650e-01 6.618653666786475931e-01 -2.619474146277750437e-01 2.617223996548030326e-02 -7.756162908937203060e-01 1.503468316154718543e-01 -5.355011667037486989e-01 7.418753753333233725e-01
2.462393143665652373e-01 1.678637129313377552e-01 1.107994665975873573e-02 1.144338202485984113e-01 -7.141557681087062903e-02 7.623103710101758468e-02 4.427718835075705045e-02 5.097910511652736787e-02 1.139759721167398487e-01 1.371519886941801880e-01
-5.198111830356528795e-01 -8.462895755339479020e-01 1.551240833615570858e-01 6.036040957102629667e-01 -2.752998307398145106e-01 5.896747796735593017e-01 -8.403434191158583033e-01 -6.965830043629640811e-02 -6.876773034036063326e-01 6.391876415397038658e-01
1.507113389796807383e-04 1.142067089271968892e-02 2.713203698920335291e-02 -2.438544065710216216e-02 3.529075595063678461e-02 3.950312064282164581e-02 -4.479908147385180256e-02 4.280650105926924603e-02 -5.721752736991728150e-02 -3.931790475492499132e-02
1.996022378923287544e-01 -2.353776524806100445e-01 -4.377673871628374735e-01 -2.987176105346885380e-01 4.339961324316446434e-01 3.655508758031045802e-01 -2.079735809165648708e-01 -5.321338883950549326e-01 -5.168397338921230100e-01 4.907849301861210156e-01
2.779347554392170294e-01 -5.078422053023371463e-01 -2.070619238909702370e-02 -3.380985587467899012e-01 9.757560051008555557e-02 -2.917429435891980560e-01 -3.933435488494603227e-01 -6.301280858191760093e-02 9.406029344340536766e-03 1.776609325169273002e-01
-1.100548782782871382e-01 -2.825577803242451114e-01 -7.642458475027837095e-02 6.848150297505428696e-02 1.751131207846712001e-01 2.122724996948253673e-01 2.325772061015787817e-01 1.924220149418114645e-01 1.207077032868858618e-01 8.056020866976384975e-02
-8.560171412762211940e-01 4.488196692435805768e-01 8.845601934540775479e-02 7.398609426526461252e-01 -2.688810406699543298e-01 -3.179002984836689638e-01 -1.515058701841174027e-01 7.620179901778697529e-01 -5.125823351995708460e-02 1.401563004739198037e-01
-2.418939131639892270e-01 8.393082252621454631e-02 5.651627237166246820e-01 -4.028139853791879998e-01 1.992675081810974524e-01 8.062399128386894542e-01 1.950797588668933824e-01 -7.677729561515102101e-03 3.365724888684729077e-01 -4.146544301471582483e-01
-2.923566855724935628e-03 1.245473069303035946e-01 -4.827728674766721545e-02 -1.112476301843027537e-01 1.407625796487731729e-01 -1.614329087660059947e-01 5.790892027057998465e-02 2.128493283364591912e-02 -3.659714198034429676e-03 -1.189483130680921291e-01
7.069306390333322809e-02 9.584614142252003560e-03 1.842257484435157744e-01 -1.757066102280853415e-02 -2.870192721072682696e-02 -4.253387589656158069e-02 -3.283087382026035877e-03 2.916019392191176660e-02 -1.196383933751151707e-01 2.894228775537661599e-02
-2.852463518310515700e-01 7.637091614444769805e-01 9.144197961672397845e-01 -6.204543010269586434e-01 -1.044309266812911696e-01 -2.509525443502735875e-01 -3.169787736742705198e-01 -2.257791631373927688e-01 6.802544301710771180e-01 -3.991721422467712777e-01
-3.383662345962438200e-01 -4.366637227792106724e-01 -4.447723755625436759e-01 2.742682404408946506e-01 -2.326152211755156130e-01 7.273604400613997711e-01 -2.087457786828260109e-01 -5.144394347124775502e-01 7.504741672630789451e-02 4.385235788922113853e-01
-5.075786509411088776e-01 4.419418900461224431e-01 5.393889714032543692e-01 -3.210126237467023635e-01 -1.558448753269865705e-01 3.177812745093636648e-01 -3.198792865424163190e-01 2.311978970043295778e-01 -5.809803207837093142e-01 -7.119300558712426952e-01
-2.342724509329429938e-01 -4.526071315893205327e-01 -6.239505372000317962e-01 -3.863301109484362783e-01 3.787766109140592863e-01 -5.361441070369631356e-01 4.746091702769090342e-02 -3.168164555668788740e-01 -3.663089886551787466e-01 1.463978372906205860e-01
8.546245865760893068e-02 -4.125585790961833199e-02 -2.369439253932928979e-01 1.663602681496835489e-01 2.938464519635041947e-02 -9.251597738782185720e-02 6.479722536529480825e-02 3.419434218291016181e-03 9.438501203941550288e-02 -2.177037584732244568e-01
-2.574690283344552300e-01 1.634946575327884677e-01 1.962629708657942507e-01 -1.454439302589889405e-01 -5.742643534629690016e-01 5.632840813686907921e-01 -1.250461514247058759e-01 4.384738082803279480e-01 -1.762866334038325211e-01 -5.493263072289839011e-01
7.591951687851281050e-02 3.181188599204598511e-02 1.758583022167345758e-02 6.934587164975411500e-02 1.065476428945845433e-01 -4.365335042939146731e-03 1.458168650544422983e-02 1.230005103350447111e-02 -5.237845924629216596e-03 3.053265560082164994e-03
-5.657737798744576496e-01 -2.821803996029788597e-01 -4.566311534462016430e-01 6.322202892900680160e-01 -4.835276359691087489e-01 6.925544552970152035e-01 -3.442201036278908499e-01 -4.579479975114015833e-01 4.822592210944822710e-01 5.609323194525632772e-01
-5.398460867672337793e-01 -7.969041357818963667e-02 3.621522953457345650e-01 -4.026276738530796054e-03 8.202540625057960222e-01 -2.675040694549946640e-01 -2.276542228696538939e-01 5.788226349010741068e-01 -2.556542820455726672e-01 4.228146221214227340e-01
-5.930141927842109972e-02 -3.539259326873041983e-02 4.230039459357452791e-02 5.309005431194464136e-02 2.673045625003293239e-03 3.660683726241187319e-02 3.267096255787756837e-02 -1.143600177893805935e-02 6.368721273034676396e-03 1.168541836553386865e-01
-9.937000135400404777e-02 2.391568395862549712e-01 -1.808416222169424714e-02 7.547720424050795296e-02 1.730820233582784362e-01 4.439742133810311436e-02 -1.494932870476081976e-01 -1.389115296806908706e-01 -4.966002562146487609e-02 -7.621370929441971531e-02
1.185143398663010550e-02 -7.190484973117843015e-02 1.614475969393616012e-02 -1.710255857632209109e-01 9.681738613779181102e-02 7.407708947769582608e-02 -8.454445391101986229e-02 -2.447135599167311881e-01 -2.762505292954082203e-01 -5.464127490294459211e-01
5.196070445810181404e-01 -1.079541037274097809e-01 -5.278122467492049052e-01 -5.617710601115410984e-01 1.238740660951042488e-01 8.663612784252117116e-02 -5.143779324211960047e-01 -6.777935518590157138e-02 -6.213183576002466735e-01 5.121262095093268574e-01
4.615096061564885055e-01 -6.364596981679688792e-01 3.784181901299318862e-01 5.747690742115569851e-01 6.294597515507999175e-01 -3.051219533542656737e-01 4.010001357626001850e-01 1.713203051456380910e-01 -1.262282030920205619e-02 4.826112730042886323e-01
4.205774015938179566e-01 -4.470352052162691048e-01 -3.817846204319451653e-01 1.667684778025255443e-01 -1.394825472846788206e-01 -4.139929152014152902e-01 5.042696099437840029e-01 4.234435932961728710e-01 -1.277020498014476146e-01 1.122083955432695013e-01
2.124721536410191514e-01 7.906584560816010132e-01 5.095150682160384248e-01 6.024945738593608935e-01 7.223177146938698501e-01 -8.031045021182202648e-01 1.673970797687715228e-01 7.929423885365621816e-01 3.089633380516239036e-01 -8.703163341144483089e-01
2.790084194554837693e-01 -1.153362577362526675e-01 5.439133326662409784e-02 1.356312013593872490e-01 -2.041162139265159381e-01 3.632169727233446888e-01 -3.320340126119879914e-02 2.360739463322936715e-01 1.417080113390097040e-01 3.455760296279828947e-01
4.324963371213342289e-01 -5.402054748530795703e-01 5.567002577296690236e-01 -3.538809805935163033e-01 -1.761889659419747234e-01 -1.594000502819866993e-01 5.544785564075404016e-01 -4.461604220702094503e-01 3.268510679728623414e-01 -2.333495178663950453e-01
6.766387347234890104e-01 -2.550036001543870556e-01 -7.074584532560286299e-01 8.932583712407800025e-01 8.626010642852723065e-02 9.341072077569158028e-01 6.929450204352914922e-01 -2.708447988666320971e-01 -9.290677505436950590e-02 7.890342439403916774e-01
-2.178129075852681118e-01 6.757466041788020260e-03 6.126826258680593412e-02 -5.228593819744361548e-01 -4.277939760351491261e-01 -2.355263193286301071e-01 2.189536360956970962e-01 -4.074913799081313348e-01 -2.968780353702824559e-01 1.434399573262156169e-01
6.145565088348473037e-03 4.237720161531664115e-02 4.500327285403082390e-03 7.680684734976092609e-02 3.575394157280835893e-03 7.255703480321411269e-02 5.085599491540865845e-03 4.152265204235602858e-02 7.646109035312099490e-03 2.000401363503550092e-02
-1.265479098599602559e-01 -6.033894517639868393e-01 2.760668902293154647e-01 3.331041610887418292e-02 4.916092774054584558e-01 -4.557721371338327998e-01 2.466318119894486405e-01 -3.979522906138827087e-01 7.148937396484070783e-01 4.422862613581792779e-01
-4.829803299814098283e-01 6.728742000545716584e-01 -1.037572997618643189e-01 -1.631729341103158037e-01 4.561995993910418767e-01 5.138997421593038961e-01 2.682950857503819120e-01 4.599494977220908720e-01 -4.633863417753417147e-01 -3.979238207156146068e-01
-6.618824628331837490e-02 -4.171430178863085869e-01 5.591284797178550786e-02 -5.737183977216519376e-02 1.574159159494633031e-01 1.746778999086582018e-01 1.134646505922638215e-01 4.115492703514418982e-01 -2.753899810536881709e-01 3.268451346966272375e-01
-6.774160651460575666e-01 3.952419892175955130e-01 4.481603426750989660e-01 7.199858150627791442e-01 1.306685504434843270e-01 5.890615334094511102e-01 -1.913514469167394150e-01 -8.492225143729650871e-02 7.054462782343777771e-01 9.196699458388879478e-02
-1.490590954910900878e-01 6.239506065497434362e-01 -5.614551560722441659e-01 1.915269308628359812e-01 3.063397357749347294e-01 4.251697228621004188e-01 4.000322028491850590e-01 1.155103426812863487e-01 -4.285887700887498764e-02 -1.581123142281831429e-01
1.212924158074798163e-02 -5.509491197035396720e-03 2.603110737482116147e-02 5.754292096498308390e-02 6.450071693888853597e-02 2.961241846826563953e-02 5.936230417476297261e-03 8.233048599465650486e-02 3.830945483832250142e-02 4.415615066674011269e-02
-4.907713694420814399e-01 5.991160356477966964e-01 -4.900825767848453474e-01 -5.598947495628578928e-03 5.722922465334453479e-01 -7.475713037760408630e-01 -7.993166240107274501e-01 2.622393745031435519e-01 -3.389287842862923061e-01 -7.029585848764052791e-01
-2.129017115193400367e-01 -1.613004028296713688e-01 8.079593268852096333e-02 1.389053266003001386e-01 1.420961950459063150e-01 -4.149106120356292893e-01 1.111380372826271251e-01 5.746831692037596140e-01 2.063767997007437405e-01 -8.256065541843095323e-02
-5.440325524364484355e-01 1.969644161752046596e-01 -8.103059447116353065e-01 -3.333013773463530671e-01 -6.753046296842302176e-01 7.863620402002891030e-02 -8.325259258501982451e-01 -5.071844708251205258e-01 7.999717556608361146e-01 6.873533006546841406e-01
5.079962858324085090e-02 3.023772087433220651e-02 7.929534150619658994e-02 -4.819793322655854806e-02 1.478286452072650504e-02 1.783890547156694387e-02 3.355463118235198910e-02 2.911957572670802186e-02 -3.297224955624789011e-03 1.290009958228145737e-02
7.536487888396223300e-02 -2.057604991661761418e-01 2.917249834118528784e-01 4.345785311587218591e-01 -4.836318781723839000e-01 1.847613866351906498e-01 2.263059081133020345e-01 3.701450961343163981e-02 -4.954448618748444888e-01 -5.564770391862424725e-01
2.167718004930274944e-01 -1.176375209889202605e-01 2.181392766768128488e-01 -2.684768337927137885e-02 -1.949521919911575141e-01 -2.252608104679016121e-01 2.255915684943667343e-01 -2.494219655509331279e-01 -1.141627763621557018e-01 2.882247054902072336e-01
6.965943453082893422e-01 -4.801570214500149314e-01 4.768276498432929555e-01 8.245675312434587179e-01 6.134447025709197643e-01 -3.285557266542731003e-02 5.271085847795382584e-01 6.937015354797563260e-01 5.925090039223354088e-01 1.054228532232230064e-01
9.629706929985186459e-02 1.152603124714206007e-01 4.720563520905068922e-01 -1.433753120789078295e-01 1.864059236462774216e-01 -1.968836103805020055e-01 8.844083502168295641e-02 2.650558666062634017e-01 -3.722491044867858312e-01 -3.560404379774531058e-01
-3.568908773791092393e-01 1.337333406731804619e-01 3.852117988817294059e-01 -5.816154850350483407e-01 5.703701844874359272e-01 -1.211501574563311479e-01 7.210959631736812980e-01 -5.607982344263936492e-01 7.488444926118521805e-02 -4.131714817007071938e-02
1.576405572785750386e-01 -2.179974456100223779e-01 -4.159133778215128308e-01 1.506132751521658750e-02 5.140456169760587030e-02 2.003302174041218450e-02 3.798478023968385742e-01 3.853211717708179274e-01 -2.958828103118605127e-02 -4.916123062237236496e-01
3.045900576880530286e-01 -6.142140120129581105e-01 -4.701409803683183619e-01 3.027396539842210424e-02 1.542830636476159312e-01 2.917017735967629144e-01 -2.634180176286617936e-01 2.000145203377040881e-01 -2.643645078127985770e-01 -4.028890979601060240e-01
-3.669098512864960027e-02 3.763656916818468590e-01 3.175797233671946440e-01 1.816234875980001495e-01 -5.250304404848252920e-02 2.234140852841170199e-01 -3.227649246522605320e-01 1.837262012148435930e-01 -5.786596956316072526e-04 -4.151300629093604422e-01
2.503786709851110182e-01 -1.881421785089299470e-01 -1.568387206472715845e-01 4.519545602821692376e-01 3.868900480361887051e-01 4.676871237069602505e-01 6.916395458069701796e-01 -9.408294529041512366e-02 -2.904421982121566104e-01 3.417209389741933667e-01
-5.106494136604251555e-01 -2.137701419538922398e-01 -5.502790537247574665e-02 -7.388563575543185061e-03 2.657007148660279761e-01 -2.363447955403783496e-01 5.243967538659978153e-03 -1.835367704202583716e-01 -2.863536906380339531e-01 2.394238189865076638e-01
-1.582966565079086674e-01 -6.551415274663532906e-02 -2.355192970623657123e-01 2.239075023497654471e-01 1.721899028165047862e-01 2.763688776952569204e-01 -8.622066411173165412e-02 5.893411732790034691e-02 -1.630216084245360774e-03 -3.966515603978068572e-02
2.121552581505708190e-01 2.409942504289105114e-01 1.720990165416428908e-01 -2.145896387955628648e-01 -3.646287191911815606e-01 -2.422760342008550283e-01 2.347913680537951353e-01 -3.121634489123202849e-01 3.504384378044186898e-01 6.467200583251500601e-02
-1.971072508817942569e-05 5.347590297621943600e-01 -4.410937199979044765e-01 4.749840465071828444e-01 6.462091556783343682e-01 1.769057115983901918e-01 3.234207996892962678e-01 2.757570418875667229e-01 -4.689018175437235092e-01 -6.461632502567137282e-01
2.814271626950908267e-01 -3.706018060395169234e-01 -3.916640243886114758e-01 -2.322374640118455014e-01 4.701239580676274121e-01 -4.670090272306402085e-02 2.088261420684944109e-02 5.165342552567878665e-01 2.614560143184253005e-01 -2.435758694155899240e-01
-6.712328915801046847e-02 2.965584155635568875e-01 -2.509789094597960624e-01 1.816729900521647234e-01 -5.121078265845179223e-01 -1.679455551804133473e-01 3.093704306836315698e-01 -2.792300065489707328e-01 6.672306279212285585e-01 4.499408151219459473e-01
-1.346967071007609817e-02 9.397122648024752722e-02 2.147325411611622215e-01 2.070347695572655744e-01 8.712727647019206934e-02 3.587956766306038547e-01 1.700264890353388458e-01 -1.082498083239214759e-01 8.741798074454010248e-02 2.570611708411355556e-01
