6.285613685821754837e-01 -7.933905448184069842e-01 -1.145647938236144109e-01 -6.191178102272283379e-01 3.216613814339928656e-01 -4.556405028742889773e-01 3.521539899524024908e-01 5.921202678257303509e-01 8.048447110427686679e-01 7.073222038001613088e-01
1.492078569332405957e-01 1.205652836386090360e-01 -3.870942208222048486e-01 4.044104283938865785e-01 3.952081614656435260e-01 -1.074381617865640681e-01 -2.523101665669458815e-01 -4.308301578480388527e-01 5.160641832240626670e-01 -2.686236272264440617e-01
2.783775963666864084e-01 4.414851633128049069e-01 -2.006093501674400745e-02 6.557511836773524116e-01 -5.670749307297702213e-01 -2.936568267243521158e-01 5.545447873883754264e-01 2.521909807439200457e-01 6.816935743386398627e-01 -2.658401227598065075e-01
1.632804767301731796e-01 -1.803586557261619427e-01 -4.672126939719525862e-02 -4.935683974131333668e-02 -1.458814418323428341e-01 -1.433076380627122670e-01 1.934964219368386362e-01 -1.560551877874645776e-01 1.400131713302179282e-01 -8.391333523914368264e-02
-5.164161564665778123e-03 -1.058621986168536196e-03 7.483610545463180441e-02 -8.661376681863810351e-03 8.589150772838932690e-02 1.041649381112111014e-02 1.427725867956395819e-02 6.531574051251141932e-02 9.240260848415352002e-03 3.746498261711754540e-02
-4.455903777261494003e-01 -7.468461227521593360e-01 -4.071525148562244595e-02 -7.938416474897647124e-01 7.015855783667339640e-01 -6.938135115631324235e-01 5.530860689716585732e-01 7.119220803294163957e-01 6.743676908704200335e-01 2.297332528179011346e-01
-5.370228969273145581e-03 1.757602726669435511e-01 6.095600371349518126e-02 5.283877100617940387e-03 -1.134146517965528740e-02 1.185677629585477760e-02 3.857049143163826521e-02 1.268357215046463614e-02 5.658714432061648369e-02 4.584539562523673797e-03
-5.348345561195481102e-01 6.801350876762031206e-01 8.204209001052610584e-02 6.852771164120093905e-01 2.256111362478054327e-01 -3.245111674444765004e-01 -3.837917927167739940e-01 3.201416599529604556e-01 -6.046128882603517551e-01 5.596677010352417714e-01
-6.997016741293901609e-02 5.908206052374229689e-01 5.495275696508317154e-01 -5.608033897233321019e-01 -2.788941127736834225e-01 3.696472466216057517e-01 -4.170348164052609663e-01 7.204632843897212924e-01 5.174071631570215102e-01 -1.900880379489350014e-01
6.884691000303614847e-03 -3.751530371285116683e-04 -5.658330597797038911e-03 3.139187155939598267e-02 8.962515527287298611e-02 4.297218810093452607e-02 9.502134089407952150e-03 4.268531484899493883e-02 3.098038794085712991e-02 1.530243260754977214e-02
-1.410578631603308028e-02 9.755095174963597515e-02 6.257554333507429900e-02 -6.801900528816284819e-02 2.169152618609319905e-01 1.390340583744341038e-02 -2.738879359985299869e-02 -2.193244709667062104e-03 2.760287689424698737e-02 4.927131893417686925e-02
3.422697530966702373e-01 -3.188816826960522710e-01 5.951333907900655529e-01 1.864085622535291697e-01 -3.493835821283144960e-02 -2.090174844962245648e-01 5.402728879572773479e-01 5.067731474345159581e-01 -4.532697830972219899e-01 4.087062424262957183e-01
-4.219185376458952086e-01 -4.395065731660403874e-02 4.413716677311780301e-01 5.799854665656510866e-01 4.667764385896410184e-01 -4.582622810176001371e-01 2.075202005415726081e-01 -1.355642010964927813e-01 3.159143382820936985e-01 -1.277210609323248258e-01
4.147027107539443258e-01 2.014340846588058564e-01 -4.656781092877448902e-01 6.358599623989663607e-01 1.752943768859726581e-01 5.420533903736361042e-02 7.430013247107969399e-01 -1.598037270864814674e-01 4.121803094714324156e-01 2.872797478220712186e-01
3.103916519564523524e-01 -5.497662175098857462e-01 3.608579573983656807e-01 -2.360892068266677579e-01 2.913482617766005034e-01 -1.801855423751932139e-01 -4.543361820699240994e-01 -1.668314532876905842e-01 -2.011020229769959478e-01 -6.824291715052897001e-01
-2.863852611769961577e-03 1.496483668643910567e-02 5.233388229173091544e-02 2.709691521462379363e-02 1.186642602295327059e-02 4.722373065650611879e-02 2.540273158226925496e-03 3.673323421917021325e-03 2.533729536001295274e-02 3.562447357867343928e-02
-4.017467666191908426e-01 9.671736321438698103e-02 -5.390155248654239228e-01 -4.625508812807151982e-01 -1.438080893667024150e-02 1.958152708708431056e-01 -4.140476640674186498e-02 3.558421290309658480e-01 9.639803048158079868e-02 2.433899973834080244e-01
8.297675119076931560e-01 -5.337672970790018345e-01 -7.693720959819591032e-01 4.700892985109786926e-01 5.959863854748297385e-01 3.149311702941278157e-01 1.115673378206925859e-01 6.657052181796297985e-01 8.042207485248881182e-01 -4.411909469127696104e-01
1.392127299886376747e-03 4.165645466653730006e-02 -5.885791825378343667e-01 -4.765801951312571560e-01 -5.777534404511284194e-01 2.850473565613884652e-01 -3.637217425445123942e-01 6.704007558567810499e-01 6.701317096051974398e-02 1.281458452571676565e-02
-4.304546916242017740e-02 2.383904194257037978e-01 -1.341139186056617416e-01 6.363123451875057901e-02 1.926634039720963865e-01 -8.775340612329650403e-02 -1.978204263846483901e-01 1.342838352362408783e-01 1.431750169496017189e-01 4.729213969039353094e-02
-2.111544422035347129e-03 -5.309358394862821046e-02 -2.353410767428801842e-01 3.620644864972565879e-01 -4.060009231108641092e-01 -2.561871001460067770e-02 1.768219199419187593e-01 1.949562947618783681e-01 -3.044662482926452363e-01 1.742531307003988283e-01
2.749912450659104945e-01 -9.193227448852551997e-02 -2.226655463936094148e-01 4.008099187874962221e-01 2.636976639007152512e-01 1.636889461727861483e-01 2.076863490322739259e-01 -8.947403233864616168e-02 -1.249387245704297877e-01 -2.127568594375498223e-01
5.788530608047924575e-02 4.149162425161183054e-01 -2.000905419297406285e-01 1.706000636496150247e-01 2.528827401218732285e-01 1.295433141691416101e-01 1.012943212523821218e-01 -5.126927055301055275e-02 2.431405117883484179e-01 -6.975817451891858090e-02
5.222808901296024375e-01 1.115571027679265054e-01 8.166478856644546758e-01 -8.842801559473766337e-01 -3.956474669086931240e-01 8.721412190705260525e-02 7.580178443574810965e-01 -7.725595079590845682e-01 -2.095220872076932750e-01 -8.075961567858908063e-01
-6.268265460997695104e-01 1.827029582995197410e-01 1.291110997024494216e-02 -6.600836255838517241e-02 3.363292311238707533e-01 -1.340444928095789190e-01 -6.821789845178732881e-01 4.617126243178932277e-01 -6.514744300267427679e-01 -5.979679005842924999e-01
1.107133635367484395e-02 -3.389213072484734135e-02 -1.617950331071831352e-02 2.453248145654471357e-01 -4.857292627779538630e-01 4.171928930421910930e-01 -2.048082486328156593e-01 -2.446039692678551522e-02 2.177806723422932578e-01 -1.160952097499382829e-01
1.708350876569119103e-01 -6.254822291112486221e-01 -8.086198623414814213e-01 -8.178529511977822297e-02 -3.101075054786999186e-01 -7.991644404830897663e-01 -6.672554246156284785e-01 -7.253690648044032185e-01 8.637639313743867842e-01 -5.173425569928811196e-01
3.680132912823381730e-01 4.727962012196945674e-01 -4.057453091362623471e-02 -2.681201630487981546e-01 4.398790284615676782e-01 -2.759333689414000812e-01 5.126354627518543428e-01 3.512519743931425409e-01 1.543873415301836027e-01 1.384477805415519625e-01
-3.189025315945007710e-01 2.907550767848702256e-01 -3.576019856305389516e-02 3.151362143531066806e-02 -6.896939699001045643e-01 -2.374298172938236751e-01 3.308683415491192048e-01 -6.522403522449295998e-01 3.852302577412979878e-01 4.623541685701101260e-04
-1.718650283823747460e-01 4.751758152885054431e-01 6.126234172985327575e-01 -7.147996464305698960e-02 -2.133822642528173108e-01 -5.384845233443137369e-01 -2.584263412609101307e-01 -4.075601278245387649e-01 5.184644397657677262e-01 3.581143798807621681e-01
-3.800196584828406943e-01 -5.398167104345573675e-01 8.694144860364426686e-01 6.500812152708360658e-01 5.100288051394338273e-01 -1.409294359655049456e-01 -6.755492075240356886e-01 -8.334815321242990127e-02 -5.773390586749242992e-01 -6.630459394672086892e-01
-6.655359787689439643e-02 -1.098478985639110977e-01 -6.912968878190536293e-01 3.336628041814375667e-01 -3.806840000750023600e-01 -5.784972497086968701e-01 7.970317757596906416e-01 -1.520782244222683155e-01 -1.319487454393541148e-01 3.548424358355991015e-01
-1.489095193822675411e-01 6.065714594969491280e-01 -4.886506103160092596e-01 -6.684434727730154124e-01 2.551290828930901089e-01 1.321977105113268380e-01 -4.320757529609301623e-02 2.549974574328546240e-01 3.153512037480168950e-01 2.482483158047192329e-01
3.091592228922064312e-01 6.336536788608467807e-01 -2.221942270918505213e-01 3.527461211702435651e-01 -6.114469794613723863e-01 -5.780249612662771153e-01 1.090718663972904262e-01 1.925894766457489915e-01 -1.167506180126087617e-01 -4.402465878168430602e-01
-3.422631429872241560e-02 3.175390455339086038e-01 3.511703854481185716e-01 3.132561783177527093e-01 5.175003809342830774e-01 -2.785202095525418087e-01 -3.701356931591424648e-01 -5.308130453563743301e-02 -5.641552761496700930e-01 -6.184249679143603157e-02
-3.528499836287720681e-01 5.890118357931541926e-01 2.753517118161856181e-01 4.287563792567417043e-01 4.006880020402791565e-01 -4.513278486281784296e-01 3.559275800396089484e-01 -2.609045817012343171e-01 7.169873226557018642e-01 -4.218836456269454138e-01
1.052352063281359607e-01 3.581428170565536390e-02 3.493074357812764319e-02 6.502469874059642677e-03 -8.090403225222258729e-03 -6.733995124198890320e-03 1.743238486221260122e-03 1.614879836483150699e-01 -8.896050957632370068e-03 3.467820155880452573e-03
1.411482656864554985e-01 -2.690323618415250626e-02 -5.768802227206230350e-03 -1.713717841124044183e-01 -2.334135266146899479e-01 -1.070098594518547296e-02 -5.700774611387381813e-02 9.658621215026239049e-02 -1.165438284385392348e-01 -2.851013932251313943e-01
3.828119964087992599e-01 -5.489907740899168109e-01 -2.856487247596460888e-01 -7.031588125513748011e-01 -6.880958156431848938e-02 -6.946737003800602661e-01 -2.032726838487684262e-01 -6.339056237291168516e-01 -2.110022238743451337e-02 3.121225811475730194e-01
2.721982253419966483e-02 -8.190480819010373392e-02 -1.671000446578899579e-04 -3.976342992986504551e-03 1.709283730825244263e-01 5.417173506602146471e-03 7.091270872522371926e-02 6.231806213976785747e-02 -2.060232706715188142e-02 7.485414984087619683e-02
1.121140037037454545e-01 2.495046501920421267e-01 -3.515052337044236724e-02 1.136173925265439033e-01 -4.233883337329042568e-02 1.664289727856679002e-01 -2.829150804155607379e-01 1.824082447068921253e-01 -3.547989612061488388e-03 7.232938077847241021e-02
-3.828980847346937777e-01 -4.028683243088148486e-02 5.794754681016759390e-01 -5.071297605051332258e-02 -2.530137647119297117e-01 7.113616022124845673e-01 -3.186166921306633482e-01 -5.173429538605061051e-01 -4.080087910161251941e-01 5.434717322652227178e-01
5.803827902544165251e-01 -7.584075519451777270e-02 -2.596679984897732885e-01 6.618704535436906733e-01 -2.619498745667394601e-01 2.617285609977067218e-02 -7.756218824156680958e-01 1.503479801957391393e-01 -5.355044604092197291e-01 7.418806761666321137e-01
2.494032305900647783e-01 1.694692649668133599e-01 1.006507798855561971e-02 1.157423073031481342e-01 -7.264173895486120136e-02 6.908461779677046999e-02 4.460328865590437730e-02 5.176504874363593856e-02 1.162864025637513898e-01 1.388911370857061622e-01
-5.197874234924231285e-01 -8.463341414347944625e-01 1.549465302038545989e-01 6.035798482681624666e-01 -2.752668893013003881e-01 5.896869295330240401e-01 -8.403546752363001415e-01 -6.962103212410550301e-02 -6.876844131819094263e-01 6.391900283679343708e-01
-2.270311521432573452e-03 1.391828093514483472e-02 3.242260599039120672e-02 -2.502129383497557133e-02 2.223007875058713792e-02 2.954619762908826733e-02 -4.967332428548371093e-02 4.450643581667287213e-02 -5.785078163604056439e-02 -3.941522967258974386e-02
2.000677504030531073e-01 -2.353750355141276951e-01 -4.378299060361044992e-01 -2.987018802032954667e-01 4.338025143535822470e-01 3.655605765353454606e-01 -2.075707895058150343e-01 -5.336360900286095665e-01 -5.174610320314401157e-01 4.918044526805145922e-01
2.789065146118822058e-01 -5.097197699971967033e-01 -2.077220226012147647e-02 -3.393938640866701606e-01 9.750835934040225084e-02 -2.929816282875030153e-01 -3.979170115230709071e-01 -6.353206833314697932e-02 9.601769114757687310e-03 1.783822129782825228e-01
-1.119283793509732172e-01 -2.871450288418357366e-01 -7.751602256217628162e-02 7.023049982752542497e-02 1.704828586791337641e-01 2.160694796638327475e-01 2.372171191265604329e-01 1.964495386877528060e-01 1.234445865836343442e-01 7.659624283396766764e-02
-8.560522437833549825e-01 4.487563680495994523e-01 8.848276002215330061e-02 7.396353882587660689e-01 -2.688839841174097134e-01 -3.178917443534956533e-01 -1.515107028003506717e-01 7.620473020276725684e-01 -5.124944986380852718e-02 1.401810269797299779e-01
-2.424447050850747631e-01 8.395314532901010374e-02 5.652346511969743581e-01 -4.028641563404258275e-01 1.993144403274414167e-01 8.063397264859173408e-01 1.950959601890920603e-01 -7.681703107877646715e-03 3.366184495906638374e-01 -4.146853368605373236e-01
-6.471121843274778816e-03 1.261719311488488926e-01 -5.264973661190592430e-02 -1.162259594760272213e-01 1.484737407060459091e-01 -1.632014661668796107e-01 4.966817458181146949e-02 2.521631730761133769e-02 -2.190155763006569438e-03 -1.255928771612831452e-01
7.115695994546998582e-02 4.133728560617604998e-03 1.796561536871490172e-01 -1.817314582146317345e-02 -3.086755222947861615e-02 -4.415518567378201586e-02 -6.757690476208455706e-03 2.675509637165841142e-02 -1.237018280231180073e-01 3.102023564222531130e-02
-2.855718599012928016e-01 7.648769957019198040e-01 9.153536952967914475e-01 -6.204580643041417432e-01 -1.042629621380453536e-01 -2.528886667781589104e-01 -3.168865745974772108e-01 -2.251089914026568051e-01 6.807352912702404613e-01 -4.005963185185485997e-01
-3.385952565206462039e-01 -4.366943686782648326e-01 -4.448514599753916610e-01 2.745379559935218206e-01 -2.325207891065002030e-01 7.267898061645611252e-01 -2.089863247422177606e-01 -5.144396529725697720e-01 7.514164800952743972e-02 4.388505339013996642e-01
-5.075811171851903891e-01 4.419453917363922457e-01 5.393964155638042435e-01 -3.210085340601717130e-01 -1.559157360307851514e-01 3.177856264134454878e-01 -3.198799317934921116e-01 2.312078275431497243e-01 -5.809784604805203756e-01 -7.119991379095009787e-01
-2.344687464030000279e-01 -4.526800458506013425e-01 -6.243068574686644334e-01 -3.879987122460775151e-01 3.792623051611613838e-01 -5.363139070024757205e-01 4.760469953459537523e-02 -3.168676433576282925e-01 -3.663884497565422227e-01 1.466878145810653067e-01
7.927396442641927721e-02 -4.144887853748488449e-02 -2.403164497179202663e-01 1.697522101996887800e-01 2.853705044766230783e-02 -9.292198309938994039e-02 6.511187791792881485e-02 1.664165339752761300e-03 9.662839203463140236e-02 -2.216291534013490327e-01
-2.586252629282828064e-01 1.632631895468231176e-01 1.960413768932416645e-01 -1.454813957243382139e-01 -5.751207015275197065e-01 5.645901036764274794e-01 -1.266079162454243068e-01 4.390668814268809395e-01 -1.766511511959518721e-01 -5.498588923778449100e-01
7.516668422174320463e-02 3.228162313393336674e-02 1.709371643627530940e-02 7.344954930780364655e-02 1.038557352102965625e-01 -4.028201919246286213e-03 1.689984175791994434e-02 9.561063040582067074e-03 -1.040014065763078185e-02 2.762231849169102197e-03
-5.661197261149696347e-01 -2.821489098402290563e-01 -4.567766904386701410e-01 6.321291439844063387e-01 -4.832105106759714830e-01 6.930193354326013022e-01 -3.441813933587745677e-01 -4.587809581811890247e-01 4.823790738262507261e-01 5.608489008019051925e-01
-5.398351632563213043e-01 -7.968094457479493742e-02 3.621542106727183574e-01 -4.010276603127133424e-03 8.202346402724152163e-01 -2.675070771097537992e-01 -2.276330720101474303e-01 5.787792991849840529e-01 -2.556810267273222359e-01 4.228666965022948032e-01
-6.584795690458519757e-02 -3.831946530262009265e-02 4.513139484741075097e-02 5.137227925467074269e-02 -1.708852605589655316e-05 3.146186118193659842e-02 3.592402827348670225e-02 -1.065367138638786959e-02 7.607366969992167272e-03 1.105108857825080892e-01
-1.021719120250730028e-01 2.419612274054314671e-01 -1.776099384746602020e-02 7.855848735455876752e-02 1.773740847137910137e-01 4.453673060961940711e-02 -1.588692065288858923e-01 -1.416517169011023425e-01 -5.143886059248332226e-02 -8.274859265925990637e-02
1.001527520319699972e-02 -7.265653868383020741e-02 1.446353152782199787e-02 -1.745763597113556276e-01 9.883174742391467871e-02 7.622699037793040366e-02 -8.521443866434408321e-02 -2.503749576987130410e-01 -2.783378684521594648e-01 -5.513128562102668218e-01
5.202695286015773801e-01 -1.103564827244740559e-01 -5.283920482521464734e-01 -5.626492915496613678e-01 1.246090325764138695e-01 8.684006098623878178e-02 -5.153304248179324532e-01 -6.755779400915658262e-02 -6.225899399453007632e-01 5.127316829854750013e-01
4.615540292033156744e-01 -6.365403133842443273e-01 3.783899645093161124e-01 5.747481181472495759e-01 6.295968110601464218e-01 -3.049788030421936580e-01 4.010396613796473608e-01 1.711614738186950646e-01 -1.261008782974606252e-02 4.826820702506559035e-01
4.216415464870970631e-01 -4.477549928327188011e-01 -3.845897319025616268e-01 1.675412499409004718e-01 -1.394228960922339888e-01 -4.144056805808481458e-01 5.054037762549847823e-01 4.241171750381914074e-01 -1.279247807461755815e-01 1.123892961654022332e-01
2.123621018931403370e-01 7.906708181151447246e-01 5.094259370689114830e-01 6.025145435360094170e-01 7.223804354898893942e-01 -8.029900680762209753e-01 1.672759176787702584e-01 7.930188662248731646e-01 3.089986802064751403e-01 -8.704294879691741871e-01
2.814284752892422525e-01 -1.163639821381245720e-01 5.401494369373958937e-02 1.354153168215245229e-01 -2.049632771194211112e-01 3.685319611580248900e-01 -3.394873283125330460e-02 2.363585245715603411e-01 1.433687246948203153e-01 3.474059289180795873e-01
4.327228542887360807e-01 -5.419063440951586985e-01 5.569549651304740445e-01 -3.538778683099411682e-01 -1.759951301904141840e-01 -1.590798158642326987e-01 5.541707022509471114e-01 -4.465558163104497158e-01 3.272133950363306232e-01 -2.337634943794573705e-01
6.766387347234890104e-01 -2.550036001543870556e-01 -7.074584532560286299e-01 8.932583712407800025e-01 8.626010642852723065e-02 9.341072077569158028e-01 6.929450204352914922e-01 -2.708447988666320971e-01 -9.290677505436950590e-02 7.890342439403916774e-01
-2.178611301295813318e-01 6.493550366767409689e-03 6.019984550959624203e-02 -5.241078685947759830e-01 -4.289069825973745864e-01 -2.349649316201376792e-01 2.195520926260656480e-01 -4.084915151271772404e-01 -2.973943399087940476e-01 1.437874804641754711e-01
3.561784875919137699e-03 3.678345006654805405e-02 6.614663929334984628e-03 8.284828091714069309e-02 1.110462751678248068e-03 5.963141793806041313e-02 4.271102446434922595e-03 4.905692956912386521e-02 1.105378249257954817e-02 1.344105244315907562e-02
-1.264889849741782368e-01 -6.033982974929071874e-01 2.767155302597035238e-01 3.346283548031334099e-02 4.909367040531480431e-01 -4.553271118168298881e-01 2.462088634956744182e-01 -3.979452071894689080e-01 7.153126406031310447e-01 4.426721682068991415e-01
-4.829628099117529993e-01 6.719170083734299359e-01 -1.039200533228694517e-01 -1.634105913663106424e-01 4.565115978243416417e-01 5.141065282599616149e-01 2.681026198509837699e-01 4.601125938733187093e-01 -4.638651611575010936e-01 -3.978999834738971009e-01
-6.623417699229487698e-02 -4.191883956581546333e-01 5.655267103053908395e-02 -5.714831533804950320e-02 1.586550043300159751e-01 1.735854897109778416e-01 1.142228294693480584e-01 4.121908258898699939e-01 -2.768818972345507001e-01 3.283515241491846703e-01
-6.774316074631548945e-01 3.952473803164170407e-01 4.481536135006340960e-01 7.200460542681640375e-01 1.306768876004236746e-01 5.890850889956968928e-01 -1.913506493932274344e-01 -8.521890738271277466e-02 7.054841990885875047e-01 9.195013356761960743e-02
-1.490697648029130629e-01 6.239993051980163852e-01 -5.614728084781692719e-01 1.915487489506925434e-01 3.063710345475218477e-01 4.247072073250698354e-01 4.000600137366357445e-01 1.155202256367970359e-01 -4.285124359297142610e-02 -1.581062325049662765e-01
1.266821673638971434e-02 -5.155010252811594376e-03 2.241128374974093312e-02 5.328110083359105520e-02 6.103595215034642030e-02 3.084113051399402575e-02 6.747292888147726590e-03 8.256135530179249671e-02 3.960666323626371721e-02 4.379560594594365114e-02
-4.907690001124843659e-01 5.989946851875941336e-01 -4.900707026952590972e-01 -5.592499277434195316e-03 5.722886455229870828e-01 -7.475711343485339500e-01 -7.993138545565616759e-01 2.622522607507096759e-01 -3.389224091845447484e-01 -7.029578722310770855e-01
-2.134018880325006806e-01 -1.632784831143735127e-01 8.094744998885458620e-02 1.388521231439162618e-01 1.425336731096032428e-01 -4.157319468715492961e-01 1.113559072745284040e-01 5.748771652672357568e-01 2.069201514610285730e-01 -8.265951037685261016e-02
-5.440535799218524371e-01 1.970481810105968457e-01 -8.104537312478977684e-01 -3.333291521844156113e-01 -6.752852370775136448e-01 7.860984175927338002e-02 -8.325347181238385019e-01 -5.071974522911515404e-01 7.999343174327043782e-01 6.874370623811308922e-01
4.879319587523719276e-02 3.157136772257641832e-02 7.854581088344676776e-02 -5.204624551324779635e-02 1.501110232972524376e-02 1.370725283650324478e-02 2.726506597943469112e-02 2.117904929194665969e-02 -6.212833537122027482e-03 1.423906588555262642e-02
7.544755729883645401e-02 -2.061095377547641216e-01 2.921921989275219067e-01 4.345003867688491672e-01 -4.835142341459494619e-01 1.844858546552047285e-01 2.265831580936593925e-01 3.702786219187410161e-02 -4.955745577947684999e-01 -5.568892521328201450e-01
2.232644279403536436e-01 -1.207084264637172666e-01 2.268038619749269402e-01 -2.853924149032572091e-02 -2.022605442200940407e-01 -2.290089645323262202e-01 2.246802255415385752e-01 -2.559158268975736394e-01 -1.184657526441165315e-01 2.954607408070085706e-01
6.965968265320755526e-01 -4.802213438425926295e-01 4.768380021803757529e-01 8.245693738290301722e-01 6.134531703073737852e-01 -3.285372233459152996e-02 5.271064926888053837e-01 6.937006642958564173e-01 5.925065134386131582e-01 1.054223364312513317e-01
9.576756810621817051e-02 1.154993278072267981e-01 4.711786905333656406e-01 -1.434928987781767806e-01 1.867774599127383639e-01 -1.969976512732088680e-01 8.846433030066828962e-02 2.653540706944494953e-01 -3.723550459461418827e-01 -3.561328606787715900e-01
-3.568981188337054244e-01 1.337360541746338283e-01 3.852196149788288393e-01 -5.816272862392657395e-01 5.703817575201350909e-01 -1.213766603129422111e-01 7.211105944910047860e-01 -5.608096132405062662e-01 7.488596869576215342e-02 -4.131798651106366460e-02
1.577880800154704277e-01 -2.179825188567389993e-01 -4.162851248720954578e-01 1.516568942222135466e-02 5.165546638107707672e-02 1.881898769801488083e-02 3.798033589096178053e-01 3.869802056217395148e-01 -2.941961769567883606e-02 -4.940404080378885121e-01
3.046938358399732261e-01 -6.143970962639143663e-01 -4.708220183566256267e-01 3.027477660313096855e-02 1.543986045365715321e-01 2.917827594024601234e-01 -2.634476764737669341e-01 2.001035848602351064e-01 -2.649085453962535808e-01 -4.029740548070644413e-01
-3.682740629129323262e-02 3.756469225189151273e-01 3.181686898608060976e-01 1.820808402399635428e-01 -5.395307661036601032e-02 2.232337099944358139e-01 -3.232021892264000940e-01 1.840315137915741472e-01 -4.918366501987398451e-04 -4.159246360423473066e-01
2.503628127268341941e-01 -1.878907446218648636e-01 -1.566704625777858850e-01 4.520516175638221168e-01 3.871229712676452217e-01 4.673553391644909016e-01 6.918474782682758617e-01 -9.383708802441188823e-02 -2.910644092795715010e-01 3.413483218276373021e-01
-5.110008931635158236e-01 -2.152254526005747959e-01 -5.466271483965821909e-02 -7.432641880428489042e-03 2.652805924866091236e-01 -2.390306897220232929e-01 6.082124894908259860e-03 -1.845126856543433114e-01 -2.858868483072318223e-01 2.401402915494714463e-01
-1.691585370438482283e-01 -6.573436395113863018e-02 -2.468218068904628748e-01 2.365393201072124585e-01 1.773670062948945747e-01 2.953758138532127653e-01 -1.015038122378389973e-01 6.445315767655196426e-02 2.688141815430272253e-04 -4.597124171239127394e-02
2.125271999661631217e-01 2.407442165765291131e-01 1.725533456781381536e-01 -2.151401089888183571e-01 -3.652720042355764862e-01 -2.425964434464590591e-01 2.332967240573530499e-01 -3.133420291191327811e-01 3.511303182857750116e-01 6.465205467607168521e-02
-1.951665897593826072e-05 5.346779734639311998e-01 -4.410953035309813086e-01 4.749961446080796512e-01 6.462203049032803071e-01 1.769147801999738645e-01 3.234234877297577637e-01 2.757644189532008072e-01 -4.689041624579891598e-01 -6.461656891163455319e-01
2.818916860250151313e-01 -3.712335684461884888e-01 -3.936699108753187182e-01 -2.325945080641000084e-01 4.708920952663618320e-01 -4.751680063957742367e-02 2.090242659984522730e-02 5.173865824472699826e-01 2.618497393796261341e-01 -2.440748694352675441e-01
-6.752423057866487055e-02 2.968359092705369906e-01 -2.510085465959070450e-01 1.815999699754047847e-01 -5.122231350043564557e-01 -1.678509955276973609e-01 3.093088399849793224e-01 -2.788672121257924075e-01 6.675339534343174286e-01 4.502613361622505583e-01
-1.761084826528333189e-02 9.470724432585650443e-02 2.185260785308403286e-01 2.091486615172414021e-01 8.506416472553679498e-02 3.632539148846956056e-01 1.717397947478515041e-01 -1.082827663797830964e-01 8.926621675546993206e-02 2.609338759559003962e-01
