6.297062542108337047e-01 -7.978074785066143759e-01 -1.147247411112111981e-01 -6.200703991438614171e-01 3.229316443977164330e-01 -4.556911363024839789e-01 3.511385680708786761e-01 5.926351050450733293e-01 8.039670365851697698e-01 7.083045278851886062e-01
1.496872670453738008e-01 1.206455033378647512e-01 -3.893839235153764844e-01 4.037270302066903738e-01 3.963295768043041400e-01 -1.087948344467998540e-01 -2.520998003123333664e-01 -4.319357090596059323e-01 5.166430998786659679e-01 -2.684723511442200783e-01
2.793813833361616372e-01 4.419216985219191485e-01 -2.014964751606875687e-02 6.570234610975234091e-01 -5.681199799941939466e-01 -2.937791107604016960e-01 5.561071797393195570e-01 2.497695632658644971e-01 6.815865713814104332e-01 -2.662013891229812468e-01
1.588590829612321620e-01 -2.331771781375518438e-01 -6.438030820528714560e-02 -6.679688345151067741e-02 -1.833167591583809708e-01 -2.112574457208100109e-01 2.567587069536406141e-01 -2.245812576102971803e-01 1.831813017878445859e-01 -1.193583622999145888e-01
-2.634741472929684036e-03 -2.209775855500238986e-03 5.330299903306543602e-02 -1.383535681921970080e-02 8.383070239846285299e-02 9.442318721313066460e-03 1.378016035066889633e-02 5.402817209996915032e-02 1.253310564649436683e-03 2.832583735814001025e-02
-4.456022135964082809e-01 -7.474190596405452247e-01 -4.071651922109814636e-02 -7.938229835962460346e-01 7.017233341582900241e-01 -6.937858253357594984e-01 5.531604533432733506e-01 7.117146310650220853e-01 6.744980741665506097e-01 2.297574385298444266e-01
-5.316070313674507372e-03 1.475184722811734017e-01 4.190038123219500671e-02 7.218321234954817520e-03 -1.650183085382363191e-02 9.234907593800273373e-03 4.649553669864469468e-02 9.528475213909089019e-04 5.334530064365892305e-02 -2.722522969120118146e-03
-5.351701531424519764e-01 6.808296517515597390e-01 7.944538835275392896e-02 6.861058536132531582e-01 2.261529314107204036e-01 -3.246684955278279494e-01 -3.840412579236668345e-01 3.204923632941434342e-01 -6.050727116444799547e-01 5.602984293234868352e-01
-6.898735815306067387e-02 5.906943752914547430e-01 5.508198449041012967e-01 -5.607139117626391833e-01 -2.792224850472111441e-01 3.696646146858684201e-01 -4.196291325326615418e-01 7.190917187927312604e-01 5.170110776416649845e-01 -1.893817914365851507e-01
7.270792437777259636e-03 -4.633822841154091807e-03 -4.431130620711545669e-03 1.989888076491420910e-02 6.302808848693210175e-02 3.348472960503344475e-02 6.267853012618228824e-03 3.648097523422320909e-02 2.015820944163305983e-02 2.123867665812476102e-02
-2.970250189145231395e-02 7.852700326781465734e-02 8.835893799166516516e-02 -1.101915553228130645e-01 2.474625969842800532e-01 -2.119649671678164836e-03 -3.568433341221103478e-02 -1.678252582627473566e-02 2.784742146015941472e-02 5.167267465806867077e-02
3.423531538286952447e-01 -3.189285835919150047e-01 5.942805028518860500e-01 1.864469695562444573e-01 -3.493775142179962601e-02 -2.090497436050297031e-01 5.403653291813328430e-01 5.066791365617494547e-01 -4.533452639047164667e-01 4.087807999863695696e-01
-4.246037973066416615e-01 -4.327332366092389443e-02 4.450201862625248195e-01 5.841959401205447655e-01 4.659628022891471044e-01 -4.673388890575658206e-01 2.077326800009378915e-01 -1.352843290568351009e-01 3.172639835286479859e-01 -1.291990480893491777e-01
4.193848798288760116e-01 1.982930873382769965e-01 -4.643752498273570617e-01 6.389372843586705875e-01 1.750511401411297963e-01 5.357634315230173916e-02 7.432084285524408473e-01 -1.640788387587450992e-01 4.112080811244991363e-01 2.871952285403377436e-01
3.109344242936769587e-01 -5.499932600732302390e-01 3.565136052718090864e-01 -2.368037024736806273e-01 2.905895155677185038e-01 -1.815354665941730228e-01 -4.554648377334035159e-01 -1.668607307656068128e-01 -2.004396536372132498e-01 -6.855317983913676860e-01
-3.398641915974850210e-03 1.141146078216892859e-02 4.802997431324339261e-02 1.630603502547431707e-02 1.001582976885649796e-02 3.433067341142904266e-02 7.864789531178299764e-03 2.397120247770995541e-03 2.474388278025485555e-02 3.860952955789326985e-02
-4.323771342662475203e-01 1.082481730279682697e-01 -5.644765180115279835e-01 -4.865807785942981023e-01 -8.569057050686727101e-03 2.129096555350013520e-01 -4.121637267623783768e-02 3.722055753994433780e-01 1.003386081798862128e-01 2.413980628868089284e-01
8.297767144928696048e-01 -5.337756837540988952e-01 -7.693898250897833746e-01 4.700984385274267208e-01 5.957808933986459277e-01 3.149364021388862955e-01 1.115753421901546222e-01 6.656971461472731555e-01 8.042108260152183163e-01 -4.411782106130703318e-01
1.715772856076101024e-03 4.224555923718824324e-02 -5.912202356537281656e-01 -4.776077864333510559e-01 -5.790151906810101501e-01 2.859337057300412877e-01 -3.645529258405599826e-01 6.676402373940986124e-01 6.738382719835241119e-02 1.283958770810632484e-02
-5.501161013199679789e-02 2.674392035047454819e-01 -1.422134989450887232e-01 5.726907289011936436e-02 1.839193235854215402e-01 -9.699382759708899404e-02 -2.301427726572062016e-01 1.660823781748106687e-01 1.636070018698238537e-01 2.479695832716019913e-02
2.445009365741709212e-03 -5.617424750562063224e-02 -2.505508965899392315e-01 3.757223371644917709e-01 -4.203600105488426442e-01 -2.414786993220727207e-02 1.855405298676921777e-01 1.813283584018788586e-01 -3.205207345327897306e-01 1.845967852188296621e-01
2.834736414906771640e-01 -9.491728414726227636e-02 -2.506846711636144809e-01 4.113724623538692060e-01 2.719101782044834881e-01 1.677050906638493932e-01 2.177966934245050556e-01 -8.731654296729515763e-02 -1.287557154339344645e-01 -2.146133981850742722e-01
6.268382261244530296e-02 4.378913436035231088e-01 -2.281857892778978436e-01 1.806314110768107994e-01 2.675704568241676351e-01 1.381100299962444156e-01 1.065775024016989841e-01 -7.303398509319035392e-02 2.564735103964567720e-01 -7.239527420125209389e-02
5.222954106946863240e-01 1.114249403413445916e-01 8.166714455013602825e-01 -8.842946759376740795e-01 -3.956690199875824154e-01 8.722852971645045361e-02 7.580631867541840485e-01 -7.725955618245842205e-01 -2.096527752397363553e-01 -8.080570647525276984e-01
-6.277249301155453098e-01 1.829401881565463905e-01 1.160287578374419142e-02 -6.584905748026766148e-02 3.369307733598997379e-01 -1.378171348847513633e-01 -6.839473775459032900e-01 4.649641509724810606e-01 -6.529054698334139095e-01 -6.041658282864768026e-01
1.238716326905354645e-02 -5.922277115185985152e-02 -1.657682853052880323e-02 2.562346510308934899e-01 -4.996269324245175003e-01 4.376498506469490013e-01 -2.128927810305341894e-01 -2.441204970219398862e-02 2.271385791362936224e-01 -1.170064855925833230e-01
1.710248497250900501e-01 -6.255059826598055039e-01 -8.099494202710675328e-01 -8.164538361922640819e-02 -3.101409411385404602e-01 -7.990926741392947452e-01 -6.674428925244096922e-01 -7.254226010946057679e-01 8.641344996502953180e-01 -5.171341829799422918e-01
3.695526538604294586e-01 4.748345511498107685e-01 -4.056995503062090641e-02 -2.684472135274593718e-01 4.383262395956900037e-01 -2.821705048991088316e-01 5.150543264583203884e-01 3.530981980506411877e-01 1.554305919686690129e-01 1.385815154974791019e-01
-3.192707861003160619e-01 2.872909587981885005e-01 -3.506641597159729923e-02 3.079225979748364400e-02 -6.915261233939190566e-01 -2.426692600724984494e-01 3.283974232881098909e-01 -6.548753817044791203e-01 3.872698040299132338e-01 1.188021062774853283e-03
-1.743413006465097392e-01 4.796834666635587108e-01 6.166135258109131101e-01 -6.851712942213671054e-02 -2.270273651664677372e-01 -5.425985580978569534e-01 -2.596219559886417394e-01 -4.148819291210611437e-01 5.234051953065225193e-01 3.644530333887218143e-01
-3.793015645427625926e-01 -5.446368913902320807e-01 8.692212033712855002e-01 6.491461654616852428e-01 5.118602023838247916e-01 -1.406636185133960659e-01 -6.776730170796418928e-01 -8.286947870421866591e-02 -5.799826961512923873e-01 -6.625662592402588036e-01
-6.620781293366768960e-02 -1.099791050658988634e-01 -6.931820886152151306e-01 3.340122489023154562e-01 -3.809532022292511644e-01 -5.846435450181112214e-01 8.000123728378755183e-01 -1.503065300013464167e-01 -1.320885457007799635e-01 3.517516853613588124e-01
-1.486600849922281864e-01 6.081342289139605173e-01 -4.896175769843214565e-01 -6.697092314605280761e-01 2.547315075333506651e-01 1.317705409238428826e-01 -4.266987283904229850e-02 2.503296799829209940e-01 3.143450850555286058e-01 2.513946288991174560e-01
3.110976223289138587e-01 6.369427762785566660e-01 -2.225704753782558887e-01 3.557474002120206702e-01 -6.231358507408180092e-01 -5.817463857180185105e-01 1.098090018474206370e-01 1.960911615704832855e-01 -1.149678493014151953e-01 -4.426576463702576736e-01
-3.360719615361580648e-02 3.146207977425675151e-01 3.525801023235524134e-01 3.139807526760310941e-01 5.181155312473079144e-01 -2.806646436303438241e-01 -3.710075078891483247e-01 -5.426289593487993584e-02 -5.649845337623756736e-01 -6.145034316943401992e-02
-3.531106859195752290e-01 5.922865969487094429e-01 2.734228408922635412e-01 4.310717379178428121e-01 4.063236697034597888e-01 -4.503072691401563410e-01 3.587061492251835126e-01 -2.674183383117735291e-01 7.195657641543593552e-01 -4.229958389874481361e-01
7.018858578893882871e-02 2.349607804995465163e-02 3.417744680231444426e-02 -1.743382792793265633e-03 -3.640563031700987193e-03 -5.424670367150870830e-03 4.708054308586132920e-03 1.299305047865029206e-01 -1.033363905922489098e-02 -2.483834082249253283e-03
1.863470554198798090e-01 -1.942025396749326102e-02 1.471205692768554583e-02 -2.240739528650322610e-01 -3.304308148140377988e-01 -6.345711004835729446e-03 -8.170315161443464369e-02 1.464182091891952919e-01 -1.267530736834151794e-01 -3.526179027775309116e-01
3.837843443359801876e-01 -5.501874400763017148e-01 -2.873362909528262010e-01 -7.043903346252443631e-01 -6.885389461657155652e-02 -6.991901927008824513e-01 -2.018287989780281899e-01 -6.334043248136143056e-01 -2.139680103945473116e-02 3.050086978704795171e-01
1.844866861109971737e-02 -1.114337124153935848e-01 6.584664383454357298e-03 -2.176646716649900670e-02 1.663953400665793281e-01 2.552564081253321307e-02 7.538483961634147301e-02 8.956160434488612265e-02 -3.582812386116234621e-02 9.127114305468285449e-02
1.196473298119593159e-01 2.561626133324996224e-01 -4.270887060511644601e-02 9.293620522365074466e-02 -5.062194570376244568e-02 1.970667273293506827e-01 -3.237439542032424789e-01 2.011659953272352253e-01 4.155732174210000546e-05 7.645439920273267020e-02
-3.902352617820584180e-01 -4.273925215279258949e-02 5.809298085804758260e-01 -5.005660812100948959e-02 -2.546728324006837241e-01 7.150837899570995360e-01 -3.184833352074284418e-01 -5.246565596681479482e-01 -4.075809374071253655e-01 5.391705628521912264e-01
5.804968056304878887e-01 -7.665351524426522456e-02 -2.597010676640414406e-01 6.620401487012310682e-01 -2.619405648180762047e-01 2.594266002936643223e-02 -7.757112699376714771e-01 1.502456800660043612e-01 -5.355236330716154347e-01 7.419824302953413886e-01
2.596307953529601864e-01 1.812255543482239051e-01 5.799545764960453188e-03 1.210846080818902687e-01 -7.961534238302997446e-02 4.133827073898347498e-02 4.268512283933623142e-02 6.109555951966107873e-02 1.253755211774596479e-01 1.485183441799632631e-01
-5.194173835634097181e-01 -8.471644714316703961e-01 1.535200427729546124e-01 6.033247290454271106e-01 -2.747840867641068163e-01 5.898827649612002899e-01 -8.405941471443868496e-01 -6.935598077792549943e-02 -6.878542644482522617e-01 6.392341162179947522e-01
-2.021772231944374276e-02 3.502513071676742473e-02 7.196138524501576039e-02 -2.298209544176774144e-02 -5.220752401523531122e-02 -4.322893653307686296e-02 -1.138933239199888675e-01 5.302548699514286756e-02 -9.475961228035933992e-02 -7.397302853486192875e-02
2.024893492152307628e-01 -2.385152472348745500e-01 -4.413919895908510194e-01 -2.977938243506985661e-01 4.321188051529930019e-01 3.679973760005591510e-01 -2.059436733405288766e-01 -5.435794817950566626e-01 -5.223843525794770182e-01 4.982366530182641418e-01
2.854189055535470421e-01 -5.216400859148366820e-01 -2.217737759597545807e-02 -3.477305248079124445e-01 9.656870340495272986e-02 -3.008335715194833671e-01 -4.212077535886084023e-01 -6.697504523112356167e-02 1.082601384050864944e-02 1.827770860678322451e-01
-1.203077892898056778e-01 -3.059965403471718304e-01 -8.331667493025869675e-02 8.211646197896435573e-02 1.543470983493546167e-01 2.304608747370064381e-01 2.572688051665795173e-01 2.177577589523572443e-01 1.380951438616125626e-01 5.013505918800731376e-02
-8.568236454281117354e-01 4.480524556460686036e-01 8.874777070708317339e-02 7.381348301572165926e-01 -2.690921255469274631e-01 -3.180426897814310760e-01 -1.516294408808986083e-01 7.627388117587644567e-01 -5.121077704341231440e-02 1.404376048016740264e-01
-2.469281798107644255e-01 8.425344562298764384e-02 5.666333528200527825e-01 -4.038973566326545250e-01 1.999670488795070866e-01 8.081469119874917784e-01 1.954938294432777279e-01 -7.714059640277898082e-03 3.374031921749123808e-01 -4.155106978381814531e-01
4.068397928139299430e-03 1.483311602009638464e-01 -6.717847525111769746e-02 -1.619941900722239314e-01 1.916623819940906914e-01 -2.223078855232861750e-01 -8.027153824717371197e-03 2.207138556779673910e-02 -1.514814765702046997e-02 -1.508398208240064320e-01
7.841364986162743800e-02 -2.918963725984073665e-02 1.589216433692673680e-01 -1.184886659676949623e-02 -4.168810704424572716e-02 -5.200038498679487864e-02 -2.879196068640111836e-02 2.963136626547598768e-02 -1.534068287864810143e-01 5.339226993262538579e-02
-2.858150339306836929e-01 7.681063303222550598e-01 9.164914528253458315e-01 -6.232895939081996017e-01 -1.041542913553722138e-01 -2.648400423797119263e-01 -3.121396878539097197e-01 -2.205198752763972980e-01 6.835488024097711168e-01 -4.126695139971234272e-01
-3.404000231369215257e-01 -4.368849357315880977e-01 -4.453899018666819254e-01 2.755905952974499473e-01 -2.321126904503511001e-01 7.250406898322361293e-01 -2.112633607734314134e-01 -5.148312390987344056e-01 7.582489864510501276e-02 4.411892333238330854e-01
-5.076343550635471491e-01 4.420191291957752400e-01 5.395085660804952443e-01 -3.209580687071086902e-01 -1.565070930772666513e-01 3.175507172361153319e-01 -3.199049547526746640e-01 2.314048062940294026e-01 -5.809734896953820948e-01 -7.126477536592705775e-01
-2.362533704135328372e-01 -4.551163764105546905e-01 -6.281475669601793710e-01 -3.990351800028746898e-01 3.818096722609710114e-01 -5.405689220953842078e-01 4.913509712684286518e-02 -3.199255172381954559e-01 -3.685537321720951942e-01 1.504761217402914852e-01
4.546186812596918203e-02 -5.004778658966262811e-02 -2.513407611608594605e-01 1.805401432941267925e-01 2.389188004560422254e-02 -9.428394907689957583e-02 6.907969049599908817e-02 -2.270612045850182309e-02 1.058770044407446181e-01 -2.430865149624239774e-01
-2.617963406836052997e-01 1.649864733732010202e-01 1.996550307540077007e-01 -1.505116303012830059e-01 -5.822473649177388744e-01 5.632979032937152075e-01 -1.294254470683840197e-01 4.415483601001795044e-01 -1.799515487434556471e-01 -5.523899527448432600e-01
9.659838252031169303e-02 4.671194570943006802e-02 8.744803690696304616e-03 1.169061065635875751e-01 1.270299294060605044e-01 4.146102482874759049e-02 4.192862168630156344e-02 -1.940350111186619694e-02 -3.281656502927195879e-02 1.450466909106162307e-02
-5.666173769384711401e-01 -2.825402793206477359e-01 -4.574866043912051983e-01 6.325622733937279474e-01 -4.808230276018396476e-01 6.963111868372420243e-01 -3.439913139522411401e-01 -4.636538886768355461e-01 4.824506131842926093e-01 5.601604503083515985e-01
-5.397366101220055778e-01 -7.966957306117088133e-02 3.621752988423165842e-01 -3.919668298843282002e-03 8.202182740960313190e-01 -2.675160205483497755e-01 -2.275818982018320003e-01 5.784224430696560670e-01 -2.557678084722126988e-01 4.230661502550279174e-01
-1.130257878450528219e-01 -6.069008244678689157e-02 6.573994132979502081e-02 3.478516929501088151e-02 -3.062814981986685184e-02 -1.080959456678329961e-02 6.135362903561458747e-02 -3.250699920083905022e-03 1.737639806096579267e-02 8.621188163563095475e-02
-1.128916623675251529e-01 2.427882107353913077e-01 -1.164669575483458577e-02 9.227593602863533306e-02 1.986809531760345970e-01 4.178780903410502651e-02 -1.873041209303627774e-01 -1.477194338902589055e-01 -6.090493662776663014e-02 -9.592097766564652850e-02
1.438185874245749736e-02 -8.457973748213649945e-02 1.274354663967332268e-02 -1.863168329864211548e-01 1.194324391453349121e-01 9.803323469276947755e-02 -8.627793939013325697e-02 -2.922320347414377739e-01 -2.923708453197069179e-01 -5.868803209842547997e-01
5.255736481729573750e-01 -1.247748066845857651e-01 -5.327265677848205261e-01 -5.686750767229555859e-01 1.287986163821153718e-01 8.787925709609019365e-02 -5.230134587826388293e-01 -6.702401563953314101e-02 -6.315436626273958076e-01 5.177355936853338392e-01
4.636415838555992264e-01 -6.379427340449981276e-01 3.791885637989592106e-01 5.757158260577915909e-01 6.323281656168940890e-01 -3.028786917846212345e-01 4.021423432675322318e-01 1.676313327904088712e-01 -1.265770049008201233e-02 4.818517455903803537e-01
4.278704741828385782e-01 -4.516771042084190557e-01 -3.997248912469903437e-01 1.719231738077396376e-01 -1.401053625698110705e-01 -4.178498425117613824e-01 5.128103321580499419e-01 4.295821133784949453e-01 -1.290264072891234570e-01 1.141204936543750437e-01
2.099432834511294199e-01 7.918743786011455121e-01 5.087909453994959863e-01 6.014645071989723757e-01 7.223862080427808641e-01 -8.032101554174599922e-01 1.669582788640213422e-01 7.953238133933043796e-01 3.091413427827325311e-01 -8.711294754754104197e-01
3.015126162166730794e-01 -1.242147182708434744e-01 5.671815883968479161e-02 1.391971763254392924e-01 -2.035366290906928111e-01 3.989816253418380088e-01 -4.191496108814338206e-02 2.319493594257103219e-01 1.456230464601557528e-01 3.388574977721451886e-01
4.360109778711728779e-01 -5.502695621196957987e-01 5.599775507915640826e-01 -3.538280220246643459e-01 -1.778792659043001156e-01 -1.574224121267040477e-01 5.528647895756599873e-01 -4.496262473080669397e-01 3.283176531288919953e-01 -2.359094590287226234e-01
6.766459057148800360e-01 -2.549982620426802238e-01 -7.074438527965848378e-01 8.932654926839039833e-01 8.626903522941962998e-02 9.340655486166505872e-01 6.929490632313520804e-01 -2.708312776124506271e-01 -9.289961098457216737e-02 7.890472542049055127e-01
-2.185233425861924650e-01 5.286575915989667751e-03 5.593218103352769893e-02 -5.314994115562843291e-01 -4.335890616511630657e-01 -2.343931605813807939e-01 2.257110297228487328e-01 -4.111944881727164214e-01 -3.009533439950206057e-01 1.469110408883140817e-01
3.146688465438566076e-03 3.388393450497573234e-02 4.019074709897826371e-03 6.600485643695978843e-02 -3.738901271256103720e-03 6.303170480688768951e-02 -2.448056360618664374e-04 3.123330194803610252e-02 9.330958250060635700e-03 1.497276333900796237e-02
-1.240377605077333939e-01 -6.043776670187946953e-01 2.792466092149992196e-01 3.203738965187067494e-02 4.869278801110987209e-01 -4.556374389297045968e-01 2.427259214052078506e-01 -3.971314151854791197e-01 7.160899268899317827e-01 4.414363979623852074e-01
-4.828921300164398800e-01 6.680056352715718626e-01 -1.042590101186121887e-01 -1.644809964362778376e-01 4.586977253102906826e-01 5.147671476081415731e-01 2.663562221795229834e-01 4.614035605909979076e-01 -4.656960573310637841e-01 -3.977413910519017604e-01
-6.937771427984704142e-02 -4.315115089837064932e-01 6.042927360329283099e-02 -5.373252493102573246e-02 1.701704585294833427e-01 1.714600147015737375e-01 1.185489518075535653e-01 4.201541537131247561e-01 -2.903024078543463560e-01 3.392477888628436244e-01
-6.778410558490692850e-01 3.950221055958049732e-01 4.485290634488985906e-01 7.208270356170999316e-01 1.308506879261444877e-01 5.897079734062644629e-01 -1.914772918610522234e-01 -8.702599168796484874e-02 7.059841739111777370e-01 9.206831198040496544e-02
-1.492774537827989134e-01 6.249098961634030891e-01 -5.619919709328410340e-01 1.919240541403198497e-01 3.069795187487629473e-01 4.208797389253772225e-01 4.006332645018517713e-01 1.157589571570655090e-01 -4.277178473898976541e-02 -1.581112065842907310e-01
1.403642710229036084e-02 -9.327695689133592635e-03 1.358597998534886997e-02 4.360678341636065047e-02 6.108426856059932103e-02 3.286510633521132208e-02 1.683664567062081183e-03 5.949327567951585849e-02 2.574343014507753449e-02 3.951675066296427008e-02
-4.907323989772963690e-01 5.979767626629675092e-01 -4.898792723746173694e-01 -5.472963108807266976e-03 5.720104015021038046e-01 -7.476299906305611254e-01 -7.993059193234881565e-01 2.624990219755554688e-01 -3.388561142268302073e-01 -7.030008928957571790e-01
-2.185300813435691047e-01 -1.793851817415870464e-01 8.429420775290071000e-02 1.400104635960231492e-01 1.476534453900370247e-01 -4.250090490866138548e-01 1.140466212591334794e-01 5.782642067715012546e-01 2.128901375042613342e-01 -8.366864959978634331e-02
-5.441310468680312651e-01 1.975922881721828284e-01 -8.117359125378248441e-01 -3.336680482380790513e-01 -6.752479956725749854e-01 7.841114955576335144e-02 -8.327528440730264103e-01 -5.073405128035872735e-01 7.991600923251771516e-01 6.882732687375148206e-01
4.493033615250671686e-02 4.132852405915252159e-02 7.943205221239431346e-02 -8.977801781498605249e-02 2.520275852451837190e-02 -2.184188936335786091e-02 -4.110099664544166094e-03 2.063635134046105674e-03 -1.347595263960849749e-03 1.972576878089277695e-03
7.674540321270129084e-02 -2.085125405307729218e-01 2.928082269174883678e-01 4.342618164024761307e-01 -4.852761599158505468e-01 1.812089636551756644e-01 2.310360837343608253e-01 3.703336577365975990e-02 -4.982191064383580947e-01 -5.614494089598326410e-01
2.784358185325399582e-01 -1.385968549118240800e-01 2.747356965594099920e-01 -3.885637423993444639e-02 -2.315758498753618666e-01 -2.769890639689073231e-01 2.286421755285215074e-01 -3.152123734593550441e-01 -1.510744782271480346e-01 3.471674524479452795e-01
6.966143322645168556e-01 -4.808267684297506395e-01 4.769791271148141054e-01 8.245138415702849555e-01 6.135552772705108460e-01 -3.281992371081913357e-02 5.271062016469019174e-01 6.937303104432209766e-01 5.925164718257208696e-01 1.054520399995080987e-01
9.281485851507194351e-02 1.166507301462664098e-01 4.662451625988878190e-01 -1.446927284078417253e-01 1.890835247552537790e-01 -1.982551467455439809e-01 8.897150138431401956e-02 2.669619175753932261e-01 -3.734210814988322968e-01 -3.575707493319476571e-01
-3.580368740148521800e-01 1.338367516258640866e-01 3.856088326675255473e-01 -5.821762992471299913e-01 5.709924814016097416e-01 -1.242279029441478444e-01 7.218399075193902004e-01 -5.613475547251649544e-01 7.496770409969452653e-02 -4.129226536371959771e-02
1.621454353189974718e-01 -2.245213583513585853e-01 -4.288748438309251676e-01 1.342931812564808307e-02 5.060586299946957106e-02 -7.052388862019078226e-03 3.948353948131915758e-01 4.080717969707829962e-01 -2.940359076446139378e-02 -5.289500961882233065e-01
3.060055521333849837e-01 -6.168434292145710263e-01 -4.762657707641468896e-01 3.011484696824825308e-02 1.558087608768329579e-01 2.929943579578979107e-01 -2.640625452426235142e-01 2.013276611667121352e-01 -2.701257182196074025e-01 -4.040895794772479399e-01
-3.743178277168672519e-02 3.728165004885402589e-01 3.217180641353855064e-01 1.851052817523023974e-01 -5.984107177401613853e-02 2.227554665687091484e-01 -3.262292435143745450e-01 1.861411842600822208e-01 -4.011534630568512855e-04 -4.220142268801965746e-01
2.510875987605659665e-01 -1.880196430081175207e-01 -1.579376209432253597e-01 4.524978824994030369e-01 3.883150103469181214e-01 4.641393913473265131e-01 6.950954961303640323e-01 -9.224560894971148284e-02 -2.947146438535055424e-01 3.385700789100551944e-01
-5.139728915799497422e-01 -2.202598142749110921e-01 -5.285300039171186848e-02 -1.303255435293384709e-02 2.634958666518171788e-01 -2.540237781731363165e-01 6.928016309908228802e-03 -1.845596816006240259e-01 -2.870104221403768086e-01 2.408954353640415380e-01
-1.898019000364879194e-01 -8.642154795038051174e-02 -2.870644121035500484e-01 2.997081425760352302e-01 1.977314814478152993e-01 3.510232118538783586e-01 -1.528062473545481748e-01 5.383226643432704323e-02 -4.902984708626637392e-03 -4.476591393521125312e-02
2.182618551280200436e-01 2.397186779971347270e-01 1.767958724867366438e-01 -2.181938536624401237e-01 -3.684409123693295207e-01 -2.450635315199106712e-01 2.264284474908802025e-01 -3.241302221603144518e-01 3.576435608691207468e-01 6.505109384070817402e-02
-7.570850036165740875e-05 5.335749314556029743e-01 -4.411839826473991644e-01 4.752562722706963894e-01 6.466854990630328537e-01 1.771065180570864650e-01 3.230037684242663132e-01 2.758480195269641944e-01 -4.690424620281442025e-01 -6.463542679595072338e-01
2.885370516019421516e-01 -3.802021158872906370e-01 -4.106668896466413310e-01 -2.378490211381463215e-01 4.823399679623767144e-01 -5.961588025844210409e-02 2.122448928719439243e-02 5.295105377378966915e-01 2.676264391117496588e-01 -2.515855143669886718e-01
-7.194770405611977671e-02 2.988514404365955612e-01 -2.520687524323521056e-01 1.813808083551498307e-01 -5.130868860075440407e-01 -1.677089426290691021e-01 3.092652446839390112e-01 -2.769013435069349605e-01 6.703632279912722369e-01 4.533148067238275680e-01
-2.806465690193101284e-02 1.008844023985340371e-01 2.347154792207724883e-01 2.138067425382313147e-01 7.678417492260661281e-02 3.794485616247411097e-01 1.741999172612771485e-01 -1.010825814741986017e-01 9.324776567557674367e-02 2.703222493910288349e-01
