6.295219922030625970e-01 -7.964023841747679411e-01 -1.149738804526118791e-01 -6.200295321239557289e-01 3.226002560009118003e-01 -4.555381067701800846e-01 3.511575238066040883e-01 5.924742683894905770e-01 8.040205305143267589e-01 7.080774337890475278e-01
1.494810573608697513e-01 1.206167444010963069e-01 -3.882443160968490070e-01 4.040551693765233043e-01 3.958039995083333373e-01 -1.079204883296888823e-01 -2.521716239180422647e-01 -4.316158888325121734e-01 5.163656335913422435e-01 -2.683763406273831920e-01
2.789291416777974764e-01 4.417318871741397479e-01 -2.000770495364439031e-02 6.559569150411588279e-01 -5.671040453680572524e-01 -2.936236906552892045e-01 5.551541205343603069e-01 2.504397689106539482e-01 6.815939550659889656e-01 -2.659423622391463016e-01
1.587863080971388952e-01 -2.077000744125000742e-01 -5.645346493751784295e-02 -5.967189854060248044e-02 -1.654389027946200352e-01 -1.792389155544517054e-01 2.264343036764737138e-01 -1.939250937065143121e-01 1.626781420901975417e-01 -1.061948804673631813e-01
-1.056217657904246193e-03 -2.982793323860365251e-03 6.351106887122229261e-02 -7.913467062884507047e-03 8.402985330053572288e-02 1.056865810440321164e-02 1.680393487388388840e-02 6.159201003700579685e-02 6.013478659834350405e-03 2.347910838363021294e-02
-4.455913479524338250e-01 -7.471537924012906506e-01 -4.071187364649894030e-02 -7.938279019815347448e-01 7.016388649044936754e-01 -6.937948974528556079e-01 5.531083649400350133e-01 7.118196194902891571e-01 6.744086007052636500e-01 2.297469722428576722e-01
-7.109084827318193009e-03 1.530568830900412569e-01 5.440149167185973772e-02 5.544026077924929172e-03 -1.344677314474253607e-02 1.079285525464915123e-02 4.025291402055941603e-02 1.736023995483698462e-03 5.616076350991221905e-02 2.433656610476016714e-03
-5.349029625085757189e-01 6.802992914582649542e-01 8.110651973025649608e-02 6.854844170125538039e-01 2.257873847782876364e-01 -3.245377604682003203e-01 -3.838523070514912594e-01 3.202416984014049839e-01 -6.047248240036855460e-01 5.598158605180362235e-01
-6.946048781772948266e-02 5.907272769199338747e-01 5.501376752759455924e-01 -5.606146162275927880e-01 -2.788753792424638056e-01 3.699910494878364542e-01 -4.187249057219761816e-01 7.197710269766647295e-01 5.171143884103475141e-01 -1.898532768703611318e-01
8.637949016087512200e-03 -2.028577280843433736e-03 -5.364290182419899355e-03 2.150726370914964047e-02 8.021765052836229981e-02 2.461557374537686263e-02 1.088398093139205693e-02 3.864984536498573819e-02 2.546610817406435093e-02 2.171522666256859094e-02
-2.485723973269284015e-02 8.746484323298688024e-02 7.744753564534477552e-02 -9.242593275988894574e-02 2.385223002977130968e-01 1.368298108464165164e-03 -3.351394025849346175e-02 -7.902807711789356163e-03 2.575191271292504372e-02 4.934245038469434186e-02
3.422915065514818833e-01 -3.188955007762921956e-01 5.947131743554845418e-01 1.864184584078076024e-01 -3.493928339123581611e-02 -2.090270962747466654e-01 5.402990548103835389e-01 5.067798188097004664e-01 -4.532914767066819617e-01 4.087267258868571562e-01
-4.230656758065750589e-01 -4.368461593546792837e-02 4.429562823236984359e-01 5.817696107817238449e-01 4.659991589784786559e-01 -4.625853172981091443e-01 2.075994505903251686e-01 -1.354110971873486446e-01 3.164884855293819688e-01 -1.283832344490591360e-01
4.166936619669590613e-01 2.004598735264792597e-01 -4.646348334015752424e-01 6.366975725126828856e-01 1.750424390579083112e-01 5.424362036180351704e-02 7.424164412212169717e-01 -1.612512491814502569e-01 4.118435350897942659e-01 2.859504416588060649e-01
3.105901402748439954e-01 -5.501422929899659753e-01 3.577753774666481701e-01 -2.366313666272751859e-01 2.909035192063495479e-01 -1.810017991954426253e-01 -4.552474259755419084e-01 -1.670802673015955031e-01 -2.009979137539999738e-01 -6.841944664938293119e-01
-4.248597407050956100e-03 1.253566539343972837e-02 5.444474678723798533e-02 1.154398601971511236e-02 1.029211478250374907e-02 4.532689242187124684e-02 3.515707971857325378e-03 5.953860412222879150e-03 2.249708249620539779e-02 3.424629237128282849e-02
-4.204787401070281261e-01 1.029924921697519119e-01 -5.541823040398655698e-01 -4.774562011719516996e-01 -1.092207131980364558e-02 2.076692980986445114e-01 -4.170922560459848494e-02 3.632276940916355779e-01 9.821763618685395991e-02 2.423529098974102625e-01
8.297681885984613537e-01 -5.337677323761148562e-01 -7.693727234191474196e-01 4.700896818775046060e-01 5.959145433892719668e-01 3.149314271263276566e-01 1.115674288059220753e-01 6.657057610745599208e-01 8.042214043817978997e-01 -4.411913067121548959e-01
1.542094901415278071e-03 4.193740785686055073e-02 -5.898995120095479328e-01 -4.771316967887581084e-01 -5.784297305865300221e-01 2.855081491097509749e-01 -3.641635953383032809e-01 6.684818112006956081e-01 6.720169194932439083e-02 1.283023458706251778e-02
-4.632268289365641667e-02 2.547487724845646229e-01 -1.364069768677769745e-01 5.944964379066598748e-02 1.829913253730297007e-01 -8.974636281984435526e-02 -2.156290784606653688e-01 1.510008624650711617e-01 1.534438195766834323e-01 3.386321049775434244e-02
7.197955519651225501e-05 -5.527480541290043237e-02 -2.430216745257243183e-01 3.686525933948153200e-01 -4.123804700508299503e-01 -2.480086674952908243e-02 1.806858849975181702e-01 1.875535381802387880e-01 -3.125144452943673379e-01 1.783822978890350630e-01
2.802509271393395229e-01 -9.414360722408671167e-02 -2.406478063912851073e-01 4.069972959845989391e-01 2.698178601945708799e-01 1.660971780249153595e-01 2.141539377659552046e-01 -8.770077658324876291e-02 -1.275791208530817067e-01 -2.136894962598867298e-01
6.068615254946929660e-02 4.285181326125484524e-01 -2.159591748310566717e-01 1.764086201981575064e-01 2.614121157148073804e-01 1.344134165891887611e-01 1.044556810152628551e-01 -6.577731816747039995e-02 2.509846831496922448e-01 -7.152440786840559561e-02
5.222947808525197910e-01 1.115364551095204132e-01 8.166517901841116034e-01 -8.842825826106525122e-01 -3.956372251880234114e-01 8.722639442750072802e-02 7.580252244655867333e-01 -7.725541113476276367e-01 -2.096253075389999110e-01 -8.078281405277623062e-01
-6.273798186941585975e-01 1.831125541006723700e-01 1.251241485690994353e-02 -6.617831971159758575e-02 3.366042402817409629e-01 -1.367054291349702466e-01 -6.832294474240891979e-01 4.634735229918874877e-01 -6.518201814260679017e-01 -6.017231084933898355e-01
1.156204729417694387e-02 -4.587989047945693899e-02 -1.606378437190102842e-02 2.497395843386410463e-01 -4.911425344400824344e-01 4.257690546049223146e-01 -2.080186543532033250e-01 -2.465545880824106251e-02 2.216096264471114075e-01 -1.163221423866755699e-01
1.709378264532389613e-01 -6.255174269953009958e-01 -8.095943410794110839e-01 -8.169656654736337509e-02 -3.101248962506505391e-01 -7.991320196786875218e-01 -6.673788402999423219e-01 -7.254233023339001774e-01 8.640038694938358965e-01 -5.172412485120384540e-01
3.689136157799883242e-01 4.739709273117388988e-01 -4.056477044078717065e-02 -2.686012339804385030e-01 4.394786117166051831e-01 -2.802189944928645815e-01 5.138013320492849090e-01 3.520903582927188413e-01 1.547999900751797775e-01 1.386380913973325746e-01
-3.189952834109741620e-01 2.888162564241237851e-01 -3.550567495664654766e-02 3.118554702461611219e-02 -6.904369545622023319e-01 -2.396450542674695983e-01 3.290234349202317832e-01 -6.533400456789089095e-01 3.860807609431317067e-01 9.397191727317389526e-04
-1.730463357932296442e-01 4.778262170817388355e-01 6.147158041448880228e-01 -6.979253039694938154e-02 -2.210098773598549726e-01 -5.404020459701431855e-01 -2.595609526393518607e-01 -4.127974940764381206e-01 5.210826996998162430e-01 3.612536128616403719e-01
-3.794572020540299961e-01 -5.424843404334293018e-01 8.691737443821136999e-01 6.494024595467760008e-01 5.109815012221146091e-01 -1.408372327488378872e-01 -6.766987316247468076e-01 -8.309324528156050715e-02 -5.787222491248958933e-01 -6.626371574119678254e-01
-6.663018426880391865e-02 -1.094827177632595877e-01 -6.916858382011925599e-01 3.336757192169492181e-01 -3.806700121088628652e-01 -5.817933334693654590e-01 7.981203474878739712e-01 -1.513836888176580409e-01 -1.318044899031182993e-01 3.534423971555660238e-01
-1.485547866570796627e-01 6.073561256888138082e-01 -4.887215423646096291e-01 -6.692031776201758930e-01 2.550785731339053619e-01 1.317914712725670456e-01 -4.269240600083665238e-02 2.519158590965128730e-01 3.150240074879323560e-01 2.495672086422525693e-01
3.101664972503331841e-01 6.358675422034787417e-01 -2.221252746497120456e-01 3.539351995909963966e-01 -6.175538136565157377e-01 -5.801678675664059259e-01 1.078625175317627360e-01 1.934187583371559938e-01 -1.163484444989308503e-01 -4.414503904095090081e-01
-3.390781843429887393e-02 3.155417798171158972e-01 3.518809109291860526e-01 3.136418552466861409e-01 5.178157094100546143e-01 -2.791898165534547060e-01 -3.705944940338467553e-01 -5.373920977179275776e-02 -5.645704359389286386e-01 -6.158600046122615634e-02
-3.532044936534788349e-01 5.904066203363135257e-01 2.739720709129885856e-01 4.295063628453045790e-01 4.034856678145407605e-01 -4.502940500365886778e-01 3.570888486190678668e-01 -2.646849960690723091e-01 7.188273619805206627e-01 -4.223165592213058983e-01
8.641859852988621749e-02 2.596285796588102684e-02 3.457107917365278421e-02 3.695247905334504875e-03 -6.765941521413738717e-03 -5.648052487883459087e-03 3.875669833073855548e-03 1.380828072292047404e-01 -7.259828143112298342e-03 4.777994389868685764e-03
1.708950601671670733e-01 -2.087646382225048086e-02 8.406270144500675723e-03 -2.045523506198487773e-01 -2.951299556966843762e-01 -4.867230465249026972e-03 -7.242943717915628632e-02 1.312168602111206950e-01 -1.249573106627765717e-01 -3.270999608683913262e-01
3.831617231116850597e-01 -5.493142979306514517e-01 -2.862877398210029734e-01 -7.037598541833288701e-01 -6.876371981088445773e-02 -6.973087913463121845e-01 -2.025079652150863774e-01 -6.333832206031085876e-01 -2.112521427926604412e-02 3.082027548380001369e-01
2.225449979582047599e-02 -1.006174311210370903e-01 5.999041253333032599e-03 -1.631922152714393448e-02 1.655880041178357520e-01 1.800533961739228528e-02 7.488904904674624496e-02 8.075839456770866898e-02 -2.827548368246194169e-02 8.286493643645795326e-02
1.149258001618873037e-01 2.511050070720888816e-01 -3.872169176141203317e-02 1.027458722148913151e-01 -4.478380499274548648e-02 1.823997034050536259e-01 -3.041159172165922575e-01 1.915678952489063003e-01 -2.099022778872710118e-03 7.112047855579653466e-02
-3.863184922025901247e-01 -4.131516855443351233e-02 5.803396278681965947e-01 -5.050619740422275517e-02 -2.538319018848150810e-01 7.132340423581635669e-01 -3.185575023342759327e-01 -5.206990752912074027e-01 -4.080758228957472866e-01 5.409598661174297440e-01
5.804080863658718226e-01 -7.628040893717114024e-02 -2.596740501379631305e-01 6.619094505915166238e-01 -2.619671351607790744e-01 2.611685181425218646e-02 -7.756537801060415793e-01 1.503511262626017475e-01 -5.355092556595859588e-01 7.419081411874717258e-01
2.532429632659617957e-01 1.768023875987627669e-01 7.632992470191521037e-03 1.181740919437009180e-01 -7.558478317553424253e-02 5.349720847403781343e-02 4.328571704663344150e-02 5.847116370364985327e-02 1.207322920419569290e-01 1.439070216791435708e-01
-5.196994057476469475e-01 -8.466377124501590634e-01 1.540697366469575835e-01 6.034961685711125456e-01 -2.750948052011418232e-01 5.897284758317447029e-01 -8.404232836216432023e-01 -6.942319183509915170e-02 -6.876847599734983163e-01 6.391937862607363074e-01
-1.364186566542066256e-02 2.768884400740359575e-02 5.380870825019053866e-02 -2.770912234384553807e-02 -2.048674625720723480e-02 -6.738855656782427248e-03 -8.769012957380606377e-02 5.297198293767841487e-02 -7.505278377874126383e-02 -6.242165919196404622e-02
2.016437499277393686e-01 -2.371707797434731146e-01 -4.394538698559078971e-01 -2.980933570696461810e-01 4.330197403384983823e-01 3.667237454294487997e-01 -2.063912035947906010e-01 -5.410222278235691240e-01 -5.201352429232093399e-01 4.952681426684014121e-01
2.825392637480196312e-01 -5.165646107295155387e-01 -2.122469176496586188e-02 -3.440390682476679451e-01 9.682351391961450948e-02 -2.974468825976432362e-01 -4.119840544446533581e-01 -6.543027997360437165e-02 1.025773832965182035e-02 1.809257935258900274e-01
-1.167702498723825894e-01 -2.964231125905259501e-01 -8.013077053655859316e-02 7.483575647565228472e-02 1.632387782698530854e-01 2.242487281640488661e-01 2.446308345442577692e-01 2.045993355247971990e-01 1.293706092817892006e-01 6.408686747170042053e-02
-8.563783835191164373e-01 4.482141015487686730e-01 8.860972084203971866e-02 7.387689819335938601e-01 -2.689642554828693410e-01 -3.179316000855618163e-01 -1.515581679250539715e-01 7.623353877991793093e-01 -5.121955505434647865e-02 1.403000238001305688e-01
-2.451938454704040982e-01 8.411906098358019890e-02 5.659478463165452666e-01 -4.033855374929357085e-01 1.996722452267104542e-01 8.072559594888758516e-01 1.952997577164169718e-01 -7.691078949811355064e-03 3.370152134392324639e-01 -4.150912683671277303e-01
2.575237657202120167e-03 1.438628668015260459e-01 -5.718791988772446017e-02 -1.550429570627999687e-01 1.745644240396026781e-01 -2.091520699285658869e-01 1.422747272644428289e-02 2.520316259620776836e-02 -8.726624733899747063e-03 -1.421313070763905451e-01
7.705500907956396028e-02 -1.444673637028469869e-02 1.660821595556020436e-01 -1.488758549189772747e-02 -3.807556131112064396e-02 -4.887071339588908159e-02 -2.291640666919659425e-02 2.884529570132579948e-02 -1.413084950746859858e-01 4.073957405619570149e-02
-2.860145529618413063e-01 7.673238346251980424e-01 9.164759360753780282e-01 -6.225852460246054099e-01 -1.041742067150273343e-01 -2.617496264737338985e-01 -3.140530683302421577e-01 -2.219425540626171200e-01 6.825980672628862989e-01 -4.091440254686898315e-01
-3.395782400145481716e-01 -4.367591093460186369e-01 -4.448452776862703018e-01 2.751717597219930367e-01 -2.321957236626485954e-01 7.257972738002056445e-01 -2.102690232881297416e-01 -5.145265616876777415e-01 7.543898346237118413e-02 4.401835299028513671e-01
-5.075949762332061521e-01 4.419658338945337550e-01 5.394293970291694773e-01 -3.209843315110664785e-01 -1.562191807569468516e-01 3.177461525797767306e-01 -3.198836820420091209e-01 2.312807802837374693e-01 -5.809655422809764103e-01 -7.123550003891531146e-01
-2.353915890479603978e-01 -4.536762643762243252e-01 -6.260515013392106143e-01 -3.929848209424037231e-01 3.806352278254583887e-01 -5.372936958217091608e-01 4.810742038775078777e-02 -3.177211050571675521e-01 -3.671132014056862625e-01 1.482126250522855238e-01
6.016341325874402512e-02 -4.549431951207544983e-02 -2.480507153322159541e-01 1.762950843074408969e-01 2.711796920367167546e-02 -9.464098591243569336e-02 6.788651487539010265e-02 -1.024715286344003023e-02 1.022775882723013091e-01 -2.354251416511432271e-01
-2.617975910415279994e-01 1.656711877883563222e-01 1.989619270808786755e-01 -1.498454210750716498e-01 -5.798984288494287709e-01 5.643965793325473879e-01 -1.293938198365766346e-01 4.422438445410200036e-01 -1.787427279448665363e-01 -5.520667665228261578e-01
8.308760363705013086e-02 3.980488251320724036e-02 8.561333800410629233e-03 9.464398483588669364e-02 1.155944040787586780e-01 2.388873819481566671e-02 2.965139231131439304e-02 -6.713935745518402089e-03 -2.540961620906028937e-02 1.182517305323030517e-02
-5.665451375263319544e-01 -2.822734602530120873e-01 -4.573124958117251726e-01 6.324578983503136298e-01 -4.816866003137449948e-01 6.948466296189679259e-01 -3.439280111962700892e-01 -4.619615961249484148e-01 4.827384501948026596e-01 5.606486411153472904e-01
-5.397781533884251637e-01 -7.966977864159464906e-02 3.621724296063713600e-01 -3.977863518386936560e-03 8.202242157847503545e-01 -2.675101580863671336e-01 -2.275651503824436261e-01 5.785382676462382801e-01 -2.557267177949638093e-01 4.229595423138763910e-01
-9.425932728406329064e-02 -5.179776914111696579e-02 5.747756974988590256e-02 4.000831657652834800e-02 -1.857274776096345947e-02 3.953515905527240325e-03 5.116536226299858020e-02 -5.925296504077235717e-03 1.369357334408212792e-02 1.010331481716516960e-01
-1.069539102610376907e-01 2.419085277846800830e-01 -1.299579871431100035e-02 8.495952021405107912e-02 1.881209632568475731e-01 4.039358660075233198e-02 -1.745941331392415752e-01 -1.459084955916948589e-01 -5.692927851815571261e-02 -9.046327335164884575e-02
8.904029843518970755e-03 -7.714214957287919561e-02 1.074814872532601009e-02 -1.813352273015707838e-01 1.098981542771153980e-01 8.893922586732770641e-02 -8.727504466763502666e-02 -2.724958036475353951e-01 -2.845499047403903248e-01 -5.712383816815899129e-01
5.236107023776570557e-01 -1.193882664252043230e-01 -5.309052891120784601e-01 -5.664677810202149999e-01 1.272741710645944879e-01 8.717228003344575094e-02 -5.192670061150257421e-01 -6.685248399716994805e-02 -6.272283716648870966e-01 5.158043831878760255e-01
4.620544688758508878e-01 -6.368958039568800578e-01 3.785129040970419689e-01 5.752258814420280197e-01 6.311692098436725296e-01 -3.042696758494147224e-01 4.016582572009761432e-01 1.691596168795751476e-01 -1.217974697396155895e-02 4.824152260641444978e-01
4.255745393616482963e-01 -4.500531100207620372e-01 -3.943369856956624453e-01 1.700744880633188183e-01 -1.393748886704851142e-01 -4.167613523956942845e-01 5.100053352871785073e-01 4.274627212334939919e-01 -1.286132875829701649e-01 1.133106507955468911e-01
2.114310188892468412e-01 7.911784404801357473e-01 5.095929518009598702e-01 6.021518144680336748e-01 7.222559834000243928e-01 -8.032919861344011148e-01 1.672283940427627957e-01 7.937457166768666639e-01 3.089167143498918744e-01 -8.708890402138584896e-01
2.904367079228401538e-01 -1.197060803408613178e-01 5.413311100835022094e-02 1.372859685748983594e-01 -2.041215855870209539e-01 3.856184690150581407e-01 -3.894220320583731410e-02 2.326699861081207577e-01 1.453688524989681097e-01 3.417876336143371163e-01
4.345704797737766634e-01 -5.472408547145388713e-01 5.585202159626100338e-01 -3.539163206482585644e-01 -1.771756425890846365e-01 -1.573288142474026652e-01 5.526573956297076151e-01 -4.479945819524976391e-01 3.277409097521771786e-01 -2.356006625176901570e-01
6.766387347234890104e-01 -2.550036001543870556e-01 -7.074584532560286299e-01 8.932583712407800025e-01 8.626010642852723065e-02 9.341072077569158028e-01 6.929450204352914922e-01 -2.708447988666320971e-01 -9.290677505436950590e-02 7.890342439403916774e-01
-2.180089567938643391e-01 5.787829284546255025e-03 5.783286118246641627e-02 -5.278718201780826513e-01 -4.309899284730239755e-01 -2.342252517293629543e-01 2.230188601386126901e-01 -4.095292384106192229e-01 -2.991470352746725681e-01 1.453633407228016317e-01
4.348245568559483930e-03 4.102100145881847765e-02 1.756395035100873775e-02 5.959559774132983795e-02 -6.126402030664321319e-03 5.974679088547225209e-02 -2.358905833933101076e-03 3.776505189699164156e-02 1.106029352147483609e-02 1.893480935534166271e-02
-1.254521137437999978e-01 -6.036652346899387123e-01 2.777025499975051548e-01 3.259550849622461915e-02 4.894212196385026026e-01 -4.553957579620881990e-01 2.444531010093882184e-01 -3.970575252265334809e-01 7.158173533829204072e-01 4.420152965303127957e-01
-4.828210277612099977e-01 6.691988296650293044e-01 -1.042629132023410177e-01 -1.641837833424683590e-01 4.577074548164244971e-01 5.145228357076172543e-01 2.674133846706470141e-01 4.609059514663246815e-01 -4.648971229920463855e-01 -3.976924960669833142e-01
-6.789480255769290984e-02 -4.254738714890959894e-01 5.857746360343483311e-02 -5.580813490919662306e-02 1.645853061816170138e-01 1.714063092200598937e-01 1.158565813267014299e-01 4.170116183989726610e-01 -2.836229014335769349e-01 3.325965605992329266e-01
-6.776418003235453735e-01 3.952183162466048616e-01 4.483025420226087188e-01 7.205403453273159231e-01 1.307447108566799909e-01 5.894486352791026285e-01 -1.913988454679910189e-01 -8.640892215165232870e-02 7.057830227442075666e-01 9.198157648499481753e-02
-1.491702906095904446e-01 6.244331419932400706e-01 -5.616262091441379667e-01 1.917453684739287012e-01 3.066632463831120425e-01 4.224949824875253723e-01 4.003261317897189864e-01 1.156248213630832605e-01 -4.278435832933022431e-02 -1.580627038677039908e-01
9.276957309906205471e-03 -8.313223473362045535e-03 1.498385965025276177e-02 5.027811693381795122e-02 6.356518091694077222e-02 3.224937012170729644e-02 5.473043267839394245e-03 7.263761475233736220e-02 2.673757208735988433e-02 3.756828752281926587e-02
-4.907603000845932040e-01 5.985038075869753005e-01 -4.899991071085774696e-01 -5.550913118218587898e-03 5.721948149796477479e-01 -7.475725900079789321e-01 -7.993041510462449706e-01 2.623287271712571034e-01 -3.388897738254676995e-01 -7.029601007923232947e-01
-2.160439615823468162e-01 -1.724294976554738013e-01 8.263074468396168493e-02 1.394411225095007478e-01 1.450869474113829494e-01 -4.203625493476871311e-01 1.127996182843888362e-01 5.756600839173434681e-01 2.099459986904095299e-01 -8.312913026459951837e-02
-5.441767593523728630e-01 1.974955799350205377e-01 -8.115726488581551656e-01 -3.335714886219215969e-01 -6.752486134443209664e-01 7.846004084973638715e-02 -8.326690161626371101e-01 -5.073413113654811069e-01 7.996871749667735507e-01 6.879394187568088626e-01
4.441539879580107264e-02 3.404760037012307533e-02 8.090514322151076687e-02 -7.033439142802555555e-02 1.980022824100800480e-02 -6.826126731973180921e-03 1.484702015113702200e-02 1.015194778994503791e-02 -3.220572103596991767e-03 4.985695263792038617e-03
7.625355644186360138e-02 -2.078298179611995922e-01 2.930996741355694213e-01 4.340043840097193573e-01 -4.840318679246554123e-01 1.826145895844901446e-01 2.290667610417452538e-01 3.625701449475506738e-02 -4.973683584700208660e-01 -5.595940321438280796e-01
2.531327591867971738e-01 -1.274742513045074299e-01 2.557578759082036468e-01 -3.869527234600302068e-02 -2.182529776644737962e-01 -2.559660668823484087e-01 2.256455381714477515e-01 -2.862223798421529852e-01 -1.362033929962105094e-01 3.220780545779110549e-01
6.966122392064442170e-01 -4.805879817379673513e-01 4.769100679481265703e-01 8.245887702159165888e-01 6.135099364608955774e-01 -3.284234066272583713e-02 5.270936904135169465e-01 6.936980471316883667e-01 5.924962288441644187e-01 1.054253804199473538e-01
9.415585888524616309e-02 1.158860498446023651e-01 4.682551562384910104e-01 -1.441375982380651011e-01 1.880158885334252128e-01 -1.975242946541080902e-01 8.893746359399772039e-02 2.662626995418747033e-01 -3.730972769877343165e-01 -3.568424021580591798e-01
-3.571422260338630861e-01 1.337682242976270808e-01 3.853266667097614007e-01 -5.817862180510278147e-01 5.705462492994195500e-01 -1.227246555156488866e-01 7.213126976512447275e-01 -5.609666798044937730e-01 7.490560608967748724e-02 -4.131794311865850250e-02
1.592906423127502802e-01 -2.204209658511346037e-01 -4.201539812396732354e-01 1.201395465086448587e-02 5.095784305612190146e-02 3.118609201464314033e-03 3.866088701972443809e-01 3.979159591161107179e-01 -2.827938145381881860e-02 -5.143923620144527087e-01
3.054122905080340344e-01 -6.157142222251187347e-01 -4.741363296323833909e-01 3.026077341028107076e-02 1.551892422033302743e-01 2.923853231757131410e-01 -2.637162840759179061e-01 2.007843628860670193e-01 -2.679381981943696478e-01 -4.035676783057012273e-01
-3.707343813539799859e-02 3.739051325115237412e-01 3.200932823201089739e-01 1.836176570027887589e-01 -5.728143638547538580e-02 2.224499691376183030e-01 -3.247566805613273933e-01 1.853070809091971194e-01 -3.485843555750372234e-04 -4.190241098075141446e-01
2.507341055208177072e-01 -1.878612905645113129e-01 -1.570353600726413501e-01 4.523449529785026901e-01 3.877424062325273701e-01 4.657977518624938362e-01 6.935861339280116056e-01 -9.313302807358291024e-02 -2.936171106325072278e-01 3.399079148681740103e-01
-5.129143689776567427e-01 -2.170959875568574671e-01 -5.324628949044248050e-02 -1.093584787596199592e-02 2.640765131309851244e-01 -2.476362081041746932e-01 5.564471764051249006e-03 -1.835392109714369668e-01 -2.872107441302092501e-01 2.399991914859112840e-01
-1.825404120401335484e-01 -8.041135707982199898e-02 -2.691538881148654028e-01 2.710097002821655887e-01 1.839871527193649436e-01 3.321216225509315834e-01 -1.302052128038796441e-01 6.084243612524045663e-02 -1.555866146139323232e-04 -4.418492238058426697e-02
2.147160615994142263e-01 2.399870722688271507e-01 1.741010331863283578e-01 -2.161065150316133221e-01 -3.659875372882335220e-01 -2.440338186116711439e-01 2.303076934711759116e-01 -3.186232240821362804e-01 3.545801868059553219e-01 6.582549415384097991e-02
-2.952280870292617809e-05 5.339949986495992063e-01 -4.411132672063904914e-01 4.750696050988252872e-01 6.463844574558066380e-01 1.769792424499665451e-01 3.233869411166166996e-01 2.758117799412202475e-01 -4.689462044187838741e-01 -6.462168339074484402e-01
2.848802880418829231e-01 -3.755022708647927088e-01 -4.019113975753308976e-01 -2.349333815747095544e-01 4.760775808567651035e-01 -5.464727496052947109e-02 2.097741822138021739e-02 5.230195588448794952e-01 2.645062608036842233e-01 -2.472884139994169506e-01
-7.057451850284192363e-02 2.975158451251490033e-01 -2.512961855359409080e-01 1.815401230294546864e-01 -5.126812109334368817e-01 -1.678507160709542534e-01 3.097205035499918102e-01 -2.779177216639385217e-01 6.690913069576679417e-01 4.519302349526352347e-01
-2.421172576582441421e-02 9.899664447484726737e-02 2.279246487605192939e-01 2.113778244392947869e-01 7.891923375087289694e-02 3.744104835279677967e-01 1.730572721602478825e-01 -1.026176807791049639e-01 9.193152570235305077e-02 2.654411247014932806e-01
