6.295509109263738301e-01 -7.961599383460065127e-01 -1.149480601087174564e-01 -6.200127789329439310e-01 3.225304789609603207e-01 -4.556592496025104744e-01 3.512015215653209177e-01 5.923475657893803037e-01 8.039857461714862152e-01 7.081150762764394369e-01
1.494387635210845389e-01 1.206026143627801500e-01 -3.880341613705400872e-01 4.040454508908513098e-01 3.956999867727987730e-01 -1.078996662920600341e-01 -2.521826330849216702e-01 -4.314594438785664954e-01 5.163269729970982880e-01 -2.684094169082726355e-01
2.788557883214258792e-01 4.416638039681954897e-01 -2.008537256112136876e-02 6.558596205346044483e-01 -5.671300017969503893e-01 -2.936119314040473438e-01 5.551005729540725575e-01 2.507931028192769141e-01 6.815593520107962044e-01 -2.658458208853598514e-01
1.569005366277480829e-01 -2.038178108883682560e-01 -5.445785412407638804e-02 -5.868987972596128450e-02 -1.633784969165214263e-01 -1.714431667941291870e-01 2.210707837684022237e-01 -1.896279522264157913e-01 1.579620611922496753e-01 -1.028590663622084150e-01
-1.880251610437432041e-04 -3.196720586958377418e-03 6.153761436122807266e-02 -7.775652477236162131e-03 8.556205826581469998e-02 1.267109594281659764e-02 2.003610678106954035e-02 5.878712725112814758e-02 5.136808805992642071e-03 2.972868190677930428e-02
-4.455883343667239593e-01 -7.470706012189803902e-01 -4.071297799731922462e-02 -7.938235974538346840e-01 7.016346114593011718e-01 -6.937914003316923983e-01 5.531062057715059321e-01 7.118142669585572069e-01 6.744042802668971381e-01 2.297472873903219914e-01
-6.362978060060651801e-03 1.575999143901780641e-01 5.350097578511331387e-02 8.014919451819061888e-03 -1.275006009943747964e-02 1.190216940671701661e-02 3.871726580713971688e-02 3.121628685154421903e-03 5.733541601928435899e-02 7.826934709449377735e-04
-5.348922356577283654e-01 6.802692946451697198e-01 8.123975055791182731e-02 6.854479852571824239e-01 2.257660068351649285e-01 -3.245282198077499292e-01 -3.838411838189184633e-01 3.202304539913979897e-01 -6.046992229335715896e-01 5.597934422916323038e-01
-6.964709591103590558e-02 5.906720570168291218e-01 5.498464351166452158e-01 -5.604465528385398354e-01 -2.787211123644033339e-01 3.701891137295890144e-01 -4.185204835560764058e-01 7.198022342770349358e-01 5.171637526015632202e-01 -1.898340722592378738e-01
1.068434796209335319e-02 -1.895560447612145501e-04 -7.593332842357455870e-03 2.348243554451817997e-02 7.895764061025617453e-02 2.821641935825352707e-02 9.629728148182040148e-03 4.434217408362464002e-02 2.361259229502890925e-02 1.731692173053223788e-02
-2.174356770260478869e-02 8.883923459671430600e-02 7.484581044621009538e-02 -8.667984153873345421e-02 2.315832015693884693e-01 3.349137465774733747e-03 -3.403891637995231506e-02 -7.014768862164059114e-03 2.461003172567331407e-02 4.996593164810438775e-02
3.422913088947748261e-01 -3.188953457794299617e-01 5.947128547097634277e-01 1.864179664539973857e-01 -3.493982179144533573e-02 -2.090273276636240296e-01 5.402988508642663223e-01 5.067911678387089225e-01 -4.532915802825628893e-01 4.087262810985418104e-01
-4.227383267989862081e-01 -4.381258892704632119e-02 4.424706645279817829e-01 5.812624591611613711e-01 4.663043339384665420e-01 -4.616928302967454600e-01 2.076172374225519757e-01 -1.354583817601967000e-01 3.163073064871802509e-01 -1.281416286587078457e-01
4.165902515638316150e-01 2.005415395142911839e-01 -4.647531405432019924e-01 6.367088040715357389e-01 1.752117108856832972e-01 5.403225770135008932e-02 7.425382192616054589e-01 -1.613706011776120108e-01 4.117430574899662576e-01 2.863388492095619298e-01
3.105281388466759607e-01 -5.497806047266132756e-01 3.582411167521081241e-01 -2.364631333316447037e-01 2.908097599246338150e-01 -1.808942992341911193e-01 -4.550217909022452045e-01 -1.670053020324266113e-01 -2.009325315805924050e-01 -6.839262400785667273e-01
-2.621584339882433116e-03 1.446351043491553995e-02 4.914055953658617859e-02 1.379446026533130178e-02 1.012322166448891697e-02 3.541623217092747244e-02 2.005666784928986958e-03 2.351413779308916558e-03 2.459026322753131086e-02 3.115251169378659146e-02
-4.206656032891862851e-01 1.030145318620814265e-01 -5.541789105777300550e-01 -4.771397595227842015e-01 -1.119915929972257508e-02 2.069120592610068921e-01 -4.156383133688062309e-02 3.634747407517445184e-01 9.825430748491083277e-02 2.430056573773131112e-01
8.297679586270789720e-01 -5.337675844416616133e-01 -7.693725101864503646e-01 4.700895515915097245e-01 5.959310066263324712e-01 3.149313398426541455e-01 1.115673978848573944e-01 6.657055765733024266e-01 8.042211814907415102e-01 -4.411911844353839651e-01
1.509654601847336755e-03 4.188002003066777779e-02 -5.896598420300035448e-01 -4.770156513613312832e-01 -5.782831657370097744e-01 2.854074569047960752e-01 -3.640690213687386434e-01 6.687776653955259665e-01 6.716091677655033898e-02 1.282364529474548827e-02
-4.666266167573498991e-02 2.509579668848967438e-01 -1.352004823079245854e-01 5.979894908259413694e-02 1.863042228841934600e-01 -8.916168368984901671e-02 -2.121800934651829618e-01 1.483130629662318956e-01 1.515121578044135442e-01 3.667749141513171329e-02
1.253281034687264966e-04 -5.530734323230603044e-02 -2.425242127081952970e-01 3.684125267117409064e-01 -4.122404206998857568e-01 -2.481680684121054595e-02 1.808128308940404882e-01 1.872945541635934741e-01 -3.123676011264173158e-01 1.788739113647199175e-01
2.790921007968383827e-01 -9.384228764342997242e-02 -2.372540455968820960e-01 4.053745860269874490e-01 2.692422510686092174e-01 1.655111407629376585e-01 2.131469184508921755e-01 -8.776288046573524348e-02 -1.272835823158124657e-01 -2.132065980735268207e-01
6.017604661892242413e-02 4.261798987977225561e-01 -2.138507509808417473e-01 1.753848820930545005e-01 2.599938614835223816e-01 1.335550482076042489e-01 1.039280217071074375e-01 -6.314888850304671564e-02 2.496471629300405504e-01 -7.123748289930628697e-02
5.222934453625617257e-01 1.115425881498293276e-01 8.166515158666719509e-01 -8.842812356445783895e-01 -3.956356636231089796e-01 8.722542028662227942e-02 7.580240025743623100e-01 -7.725520038660542710e-01 -2.096167392728746914e-01 -8.077965317359163677e-01
-6.272249275794147261e-01 1.830400225072168485e-01 1.273106611356723122e-02 -6.610115314082284921e-02 3.364940400323394032e-01 -1.359108391176614417e-01 -6.831351542543093736e-01 4.629261306657428965e-01 -6.516775112156033556e-01 -6.005832777095403419e-01
1.155304249971130480e-02 -4.565440221578603852e-02 -1.606418143739564430e-02 2.497191885700253688e-01 -4.911187930808323387e-01 4.257517098020606738e-01 -2.080022942655438412e-01 -2.465720309580055059e-02 2.216045317701821338e-01 -1.163297882801041516e-01
1.709378264532389613e-01 -6.255174269953009958e-01 -8.095943410794110839e-01 -8.169656654736337509e-02 -3.101248962506505391e-01 -7.991320196786875218e-01 -6.673788402999423219e-01 -7.254233023339001774e-01 8.640038694938358965e-01 -5.172412485120384540e-01
3.687464327672390074e-01 4.738002831302658979e-01 -4.054028718660537822e-02 -2.684857929541831223e-01 4.394517895465157031e-01 -2.794661213797943189e-01 5.134430074571539881e-01 3.518299877835827649e-01 1.546689104610612098e-01 1.385297056854914444e-01
-3.189542247300340971e-01 2.891173430655757937e-01 -3.561054726120900515e-02 3.117736696161183679e-02 -6.903064286643086911e-01 -2.391708843132436257e-01 3.290952110070681780e-01 -6.531544442354989544e-01 3.858725650760516657e-01 8.176276089806869740e-04
-1.728211805365691411e-01 4.771114882565105075e-01 6.136203179741852587e-01 -6.988376970515795816e-02 -2.194325891921534988e-01 -5.395549211286739810e-01 -2.593245332442357109e-01 -4.116109662708650752e-01 5.202246613467107483e-01 3.606916563164324629e-01
-3.793744586288653742e-01 -5.422822246109697542e-01 8.691032441387515073e-01 6.493543968285457879e-01 5.108765575238575218e-01 -1.408787098416108829e-01 -6.766638109409035540e-01 -8.313708976043833465e-02 -5.786249866787687157e-01 -6.625380479163599512e-01
-6.655570952029626897e-02 -1.095585553622008684e-01 -6.915635724526645323e-01 3.336914543522582766e-01 -3.807211209282743702e-01 -5.811628733426904558e-01 7.979640709696173007e-01 -1.515794291555457307e-01 -1.317904915278272915e-01 3.537269012226429421e-01
-1.485029722239481209e-01 6.071754760387707561e-01 -4.886571136847485675e-01 -6.690364690271403125e-01 2.551089970104742366e-01 1.318065075471689662e-01 -4.265160307729894823e-02 2.523591383675847788e-01 3.150479326252976775e-01 2.494115724779780718e-01
3.101304451099667348e-01 6.357936322677208985e-01 -2.220994559631304655e-01 3.538940600043246620e-01 -6.174820324133086791e-01 -5.801004318711162622e-01 1.080910556592311611e-01 1.933962763467189372e-01 -1.163349207609073038e-01 -4.413990785122506866e-01
-3.400098759823032973e-02 3.159211264423947285e-01 3.517816871522479460e-01 3.135796125158549219e-01 5.177821389345298453e-01 -2.790642390013864937e-01 -3.704645468382673501e-01 -5.357537461173335347e-02 -5.644764074472434778e-01 -6.163273429112256507e-02
-3.532303068091456888e-01 5.902972613776936717e-01 2.741253483178357486e-01 4.292602284515779076e-01 4.028542281210849008e-01 -4.505641048294245499e-01 3.568478307791645987e-01 -2.642264160034197285e-01 7.184825829577359269e-01 -4.221760766678649968e-01
9.004905883227655450e-02 2.480003601218545503e-02 3.312119134116414676e-02 3.146334238732260719e-03 -5.910754478493603949e-03 -4.940635515006079094e-03 4.595353295179140617e-03 1.435079709224149624e-01 -8.610630979962943451e-03 5.737008123208601346e-03
1.681194339846182606e-01 -2.338030090130777811e-02 8.181918027759421327e-03 -2.025718077145234053e-01 -2.894510141413394466e-01 -5.534613917739475419e-03 -7.017023009973985537e-02 1.281742921252444212e-01 -1.250658820054846021e-01 -3.229582296926185592e-01
3.831242995272837737e-01 -5.492479567110607475e-01 -2.862164968279393706e-01 -7.036242682983674390e-01 -6.877437996557679567e-02 -6.968959192436992023e-01 -2.025309889089945137e-01 -6.333940943695803849e-01 -2.107792925270929318e-02 3.089293805494941481e-01
2.492693671142751782e-02 -9.666253562136080391e-02 3.419927558865857361e-03 -1.636701278624922914e-02 1.642173688589231018e-01 1.601687317885269399e-02 7.231808277827224407e-02 7.885005433260704188e-02 -2.870079494974462145e-02 7.827051043581256806e-02
1.139514519640740936e-01 2.504005619562442719e-01 -3.763713236208390822e-02 1.047223139774555306e-01 -4.524070889947107849e-02 1.796038971943316742e-01 -2.997630904303184018e-01 1.888665318645874891e-01 -2.017079840578092555e-03 7.165998495002492974e-02
-3.863190338312049166e-01 -4.130075351228675029e-02 5.802992060604116320e-01 -5.052330552342737535e-02 -2.538817939227435150e-01 7.131521524142929724e-01 -3.185792186189450037e-01 -5.206906238457599256e-01 -4.080756501220785259e-01 5.412840824802929163e-01
5.804017524071581891e-01 -7.618250612648415354e-02 -2.596725856242447228e-01 6.618980485818091175e-01 -2.619560919924222575e-01 2.613632624011994615e-02 -7.756431860646741949e-01 1.503497630331019075e-01 -5.355086238395226905e-01 7.419018003417772178e-01
2.525892477833213690e-01 1.760788927250797886e-01 7.507422566865409354e-03 1.177257128261576663e-01 -7.493514677522102041e-02 5.535064965837815237e-02 4.329431035520445170e-02 5.776802582608669273e-02 1.202204438243946460e-01 1.436449871231308684e-01
-5.197273139957500065e-01 -8.465593898867544986e-01 1.542379658139697851e-01 6.035215982268502533e-01 -2.751563846255135615e-01 5.897249266617837771e-01 -8.404181516484890979e-01 -6.949512949405282913e-02 -6.877092734947082286e-01 6.392126843730826513e-01
-1.504362987771216964e-02 2.419637517016541908e-02 4.707416989112929440e-02 -2.596299371332938186e-02 -1.625056465429130029e-02 1.795651816162876536e-03 -8.374423562204344473e-02 5.166730735382467354e-02 -7.344433044340109573e-02 -5.977434102003789662e-02
2.015524160220054650e-01 -2.369309824429743638e-01 -4.394895720409495721e-01 -2.981883711945836346e-01 4.328036492174667238e-01 3.664747181107612661e-01 -2.064981770113374360e-01 -5.405193668544128194e-01 -5.198835525498860521e-01 4.951061334945574544e-01
2.816132479129862531e-01 -5.148967542389488727e-01 -2.105466133928989708e-02 -3.429326846512352756e-01 9.669592345563557401e-02 -2.963952403999631779e-01 -4.088099904917025795e-01 -6.507542271185950966e-02 1.019364811591774722e-02 1.803721645153125719e-01
-1.159967728981693286e-01 -2.946226881822187615e-01 -7.967288234100798616e-02 7.426481707080290207e-02 1.645572275340030921e-01 2.226643900965031564e-01 2.431641810878171495e-01 2.030857709354908502e-01 1.283307096629343058e-01 6.492163330225980689e-02
-8.563151849492967038e-01 4.482557722617533380e-01 8.854152606589295316e-02 7.388641941795046630e-01 -2.689574637769939769e-01 -3.179605098347844661e-01 -1.515514348096980435e-01 7.622792141307171976e-01 -5.125066082661756950e-02 1.402481279394233449e-01
-2.445096420628348199e-01 8.407637699189894620e-02 5.657428665617482144e-01 -4.032362173269976036e-01 1.995630409814907469e-01 8.069680202466268382e-01 1.952430062159684898e-01 -7.681024809143127338e-03 3.368874609633724648e-01 -4.149646585348329975e-01
-4.117245240270308649e-05 1.410354447701062386e-01 -5.770409570347138917e-02 -1.478973592751926247e-01 1.709876214678794359e-01 -1.997319971406044947e-01 1.980430935932840988e-02 2.492944188417055632e-02 -7.078381717111378868e-03 -1.399946591932010320e-01
7.690578539256508195e-02 -1.322950999934934847e-02 1.662953071264741400e-01 -1.556669651310894215e-02 -3.710304400181669432e-02 -4.843236062197236319e-02 -2.077578927033395945e-02 2.927063193913139946e-02 -1.396708007877644209e-01 3.918843305718449493e-02
-2.859059230006511521e-01 7.671316678007561451e-01 9.165728538574627882e-01 -6.221866297302793836e-01 -1.042590640245101147e-01 -2.604310643059861152e-01 -3.146329757503447122e-01 -2.226068895788061996e-01 6.825631871775793558e-01 -4.074767583690202533e-01
-3.394784847099100999e-01 -4.366977708790524826e-01 -4.448325791329121870e-01 2.751206183315349496e-01 -2.321331546094703158e-01 7.260417534448149190e-01 -2.101715577529346957e-01 -5.144127113566108189e-01 7.541211863778778113e-02 4.398934206810686254e-01
-5.075905705999422812e-01 4.419611099951303301e-01 5.394245530390299193e-01 -3.209837120327186932e-01 -1.561822230160482272e-01 3.177925833229802710e-01 -3.198813951358878138e-01 2.312742669370795867e-01 -5.809624465810389049e-01 -7.122813502268828811e-01
-2.352069960735959919e-01 -4.533931638464018810e-01 -6.255321175298583780e-01 -3.918691730317681587e-01 3.801908908101747087e-01 -5.369574689203596707e-01 4.795132455766539653e-02 -3.175502902984976838e-01 -3.668744662746105667e-01 1.478826040698731914e-01
6.281637174132033430e-02 -4.493185624017261709e-02 -2.461546007799156888e-01 1.756931132802634632e-01 2.670323225700938635e-02 -9.337852211456097729e-02 6.752360944218736838e-02 -9.273731638869511448e-03 1.007479088977108472e-01 -2.325873976526227904e-01
-2.610112540439567530e-01 1.656152985988374737e-01 1.989191176926357885e-01 -1.502090801260884678e-01 -5.797287220221225557e-01 5.632002140376602961e-01 -1.282781548000178906e-01 4.411677874953592315e-01 -1.790026600438653359e-01 -5.507396518313512068e-01
8.196788540360404329e-02 3.866749863744055327e-02 7.977710645108635618e-03 9.053444535948847183e-02 1.131557328443611316e-01 2.145975320312690574e-02 2.924343383525590881e-02 -4.138872427268422069e-03 -2.283433715396783817e-02 1.005884977170807236e-02
-5.664521651296635651e-01 -2.822701339161427514e-01 -4.573536979771910538e-01 6.320872710750399248e-01 -4.819438470111389594e-01 6.947564263526766482e-01 -3.440574551532601388e-01 -4.614690094028342515e-01 4.825475455926336865e-01 5.604609238195975562e-01
-5.397855700886792230e-01 -7.967465632825021515e-02 3.621645679841017373e-01 -3.985964542834992061e-03 8.202174124448777803e-01 -2.675108261557102018e-01 -2.275692510849952610e-01 5.785775295230016768e-01 -2.557264189995952508e-01 4.229512283296353314e-01
-8.888902046105444377e-02 -4.963824233584224199e-02 5.489656371310013688e-02 3.948209779154015359e-02 -1.587867518716381057e-02 9.006026748926853134e-03 4.851585005505692355e-02 -7.059655929636579272e-03 1.257697449806243796e-02 1.033354466029768326e-01
-1.063953150792995156e-01 2.426219914954244605e-01 -1.332415345813067926e-02 8.441773485598982885e-02 1.873156327636770757e-01 4.106794737745061985e-02 -1.728228623277305032e-01 -1.451886004702050981e-01 -5.661339379897058904e-02 -9.005684780918012111e-02
8.919468585294023158e-03 -7.738452292040617908e-02 1.100993423215097973e-02 -1.807418902410785344e-01 1.086936888660733763e-01 8.757598160878607430e-02 -8.658295135016205735e-02 -2.719486731771674215e-01 -2.844142447524719564e-01 -5.690742633282748209e-01
5.236107023776570557e-01 -1.193882664252043230e-01 -5.309052891120784601e-01 -5.664677810202149999e-01 1.272741710645944879e-01 8.717228003344575094e-02 -5.192670061150257421e-01 -6.685248399716994805e-02 -6.272283716648870966e-01 5.158043831878760255e-01
4.620227156838237481e-01 -6.368268921851335529e-01 3.784458400954581192e-01 5.751649248742364273e-01 6.309643640906900108e-01 -3.044356845181623861e-01 4.015794219630932638e-01 1.693953277844909011e-01 -1.230043467620971914e-02 4.825055034723345626e-01
4.247646255690166739e-01 -4.496096260693904778e-01 -3.923764203552760899e-01 1.695899004871598004e-01 -1.394187039962891672e-01 -4.162033790023152990e-01 5.090719179448742748e-01 4.267507351844453400e-01 -1.283987456971083518e-01 1.132527467221293993e-01
2.116506681140196411e-01 7.910190493876892992e-01 5.094173374123043274e-01 6.020746005685428948e-01 7.221956343506950038e-01 -8.032096930890902930e-01 1.673581444093699688e-01 7.935502815479263949e-01 3.089885550960597138e-01 -8.706887490531102225e-01
2.894092335047736553e-01 -1.194393759848175057e-01 5.396697263378914811e-02 1.375533449500101479e-01 -2.041581407178355567e-01 3.835140354956744768e-01 -3.824331642430802564e-02 2.325510752417781768e-01 1.450898883377765014e-01 3.435654890785576066e-01
4.345455051489831022e-01 -5.464753443045908821e-01 5.584074922068399394e-01 -3.540164440856443107e-01 -1.768167676643629393e-01 -1.581803365177129606e-01 5.533048875403028255e-01 -4.483660788753661697e-01 3.274996225857793042e-01 -2.348392659033023411e-01
6.766387347234890104e-01 -2.550036001543870556e-01 -7.074584532560286299e-01 8.932583712407800025e-01 8.626010642852723065e-02 9.341072077569158028e-01 6.929450204352914922e-01 -2.708447988666320971e-01 -9.290677505436950590e-02 7.890342439403916774e-01
-2.179729125864071915e-01 5.870275874568830002e-03 5.767974497725390781e-02 -5.273661985124030727e-01 -4.305429980878365259e-01 -2.341555316959460786e-01 2.226650284744483288e-01 -4.094556482432378797e-01 -2.991033288918893418e-01 1.451287999142530649e-01
3.655682834064523986e-03 3.841936027353136385e-02 1.891095148732589715e-02 5.790388774824526547e-02 -6.158762400165242006e-03 6.698140172057795438e-02 -1.065319485543799404e-04 4.048534311616661802e-02 1.047173676747640940e-02 1.838956002640748655e-02
-1.254843999680662348e-01 -6.035013787252359041e-01 2.773852111650800256e-01 3.247104714105494144e-02 4.893573416669076415e-01 -4.555412103165081827e-01 2.443882618709816712e-01 -3.970147403903285244e-01 7.157067879084972883e-01 4.416867694409247203e-01
-4.826844176491315030e-01 6.698007963368350914e-01 -1.043051875397163625e-01 -1.641519317217852436e-01 4.573809582883449076e-01 5.143950489560730199e-01 2.675448449031267995e-01 4.606664188609863042e-01 -4.647543956228939455e-01 -3.975876135575813208e-01
-6.771930178575703840e-02 -4.245862044787427902e-01 5.827466090584486336e-02 -5.584266420661378877e-02 1.640639665047504969e-01 1.718479209659480589e-01 1.155922936620088909e-01 4.164586742893384153e-01 -2.829158705328103096e-01 3.316791499771314378e-01
-6.775939204867760246e-01 3.952408352080671872e-01 4.482568154950686834e-01 7.204604563168450770e-01 1.307266957033453025e-01 5.893676295383912800e-01 -1.913824451746157507e-01 -8.624099095143401839e-02 7.057265463645795434e-01 9.196313926714611009e-02
-1.491453338319652100e-01 6.243314013855385536e-01 -5.615973826291940085e-01 1.917025347791491696e-01 3.066082300650510017e-01 4.228618257299036065e-01 4.002657203416083442e-01 1.156054732921569794e-01 -4.280230280314385738e-02 -1.580730839681074029e-01
1.077147935787978010e-02 -6.856927701734740269e-03 1.603558821866638007e-02 4.932618805368142040e-02 6.405801681485680243e-02 3.376912856053807671e-02 5.054501588480050586e-03 7.219360467030720707e-02 2.698302705329679377e-02 3.817856532107676698e-02
-4.907615864012490614e-01 5.985812657076140519e-01 -4.900035653023251392e-01 -5.555957423486992258e-03 5.722241948946109602e-01 -7.475734457644083175e-01 -7.993017176120323919e-01 2.623171290170517311e-01 -3.388896382809826746e-01 -7.029595158426241719e-01
-2.154992459591623111e-01 -1.701428130163734065e-01 8.241050172277160357e-02 1.392140046073958026e-01 1.446687617950419003e-01 -4.192611401469350518e-01 1.124932529165362238e-01 5.748266789987539482e-01 2.093997346960661532e-01 -8.291352545689262277e-02
-5.441660888458846879e-01 1.974389950133454419e-01 -8.115695943042865457e-01 -3.335198523937688564e-01 -6.753028441369430812e-01 7.848508646025698088e-02 -8.326704570504580571e-01 -5.073468897571574709e-01 7.997804906781946777e-01 6.878887012737858742e-01
4.599749333553515562e-02 3.403862669708604405e-02 7.983367280998598936e-02 -6.708324254449493651e-02 1.822716020574337292e-02 -2.383381242482044814e-03 1.728073144008106243e-02 1.126847833465120449e-02 -4.160599440133290125e-03 5.740700767460978071e-03
7.617674310703102802e-02 -2.075293573697748195e-01 2.926663263587109265e-01 4.344400192345805323e-01 -4.843887506794088416e-01 1.827003583526742581e-01 2.288671357487359614e-01 3.653109167135228097e-02 -4.971221460040239348e-01 -5.590996234920467822e-01
2.498273193809143755e-01 -1.280348484219058225e-01 2.516931055227006331e-01 -3.512310644672655274e-02 -2.173933092494424735e-01 -2.497013490031773641e-01 2.256956351884402412e-01 -2.835169030528352230e-01 -1.345463991469574017e-01 3.195010028547465297e-01
6.966116343639476849e-01 -4.805282062678747357e-01 4.769001411361780685e-01 8.245816668480679956e-01 6.134979437397415358e-01 -3.284403666711089437e-02 5.271008821328849736e-01 6.937010072069060840e-01 5.925005887395240478e-01 1.054271106993008300e-01
9.441780612617210744e-02 1.157111774806396376e-01 4.687218756568160560e-01 -1.439833192028350251e-01 1.877696789460874538e-01 -1.973601634906796964e-01 8.885881206980238145e-02 2.660355806318347449e-01 -3.729988944009580143e-01 -3.567363648387919528e-01
-3.570633282136969067e-01 1.337647054859412710e-01 3.853078146484310018e-01 -5.817608229513306917e-01 5.705142396995207532e-01 -1.225740751019588209e-01 7.212766527057901111e-01 -5.609407934199118761e-01 7.490146513639470149e-02 -4.132262785240320424e-02
1.595067638656702813e-01 -2.204251841613690810e-01 -4.197251932385817064e-01 1.271586727176838606e-02 5.101921608913351919e-02 5.542380715383800338e-03 3.862893056075251130e-01 3.958752483953983936e-01 -2.815362946561902890e-02 -5.104957450697508170e-01
3.052679290407390167e-01 -6.154341521112716151e-01 -4.737494476947939903e-01 3.027030059785647265e-02 1.550061389066666184e-01 2.922678558651535807e-01 -2.636736012458542611e-01 2.006353310689914238e-01 -2.672057614046561835e-01 -4.034583895799229714e-01
-3.696246591024848760e-02 3.739493990624797592e-01 3.196560230837050542e-01 1.832609357806908312e-01 -5.668797673001547271e-02 2.227923223557103372e-01 -3.245325017634685394e-01 1.851007713467985039e-01 -4.141111168752026513e-04 -4.186312333457355428e-01
2.507074213396763285e-01 -1.879056007758367064e-01 -1.569000913397554098e-01 4.524058679347391920e-01 3.876066711070627613e-01 4.661932499297659627e-01 6.932648607779695604e-01 -9.337144231053108590e-02 -2.933335120142162578e-01 3.404211079873303847e-01
-5.124985895608895614e-01 -2.168190638066533615e-01 -5.333984557065540866e-02 -1.059804769737340661e-02 2.635586870090259604e-01 -2.470541712668378187e-01 5.616737331706579857e-03 -1.835310643405223541e-01 -2.870423597608345867e-01 2.398107578878856949e-01
-1.788332329467869353e-01 -7.803207072173129477e-02 -2.651476004165402856e-01 2.662403250821037126e-01 1.827189654148966280e-01 3.243531444053707191e-01 -1.253798496801340201e-01 5.852949692012803656e-02 -6.132278939269852121e-04 -4.137426540731864444e-02
2.142580043570439241e-01 2.402249347223344156e-01 1.737293194349565639e-01 -2.158326818160356542e-01 -3.654031327395983464e-01 -2.435895028451224853e-01 2.310371075280649444e-01 -3.182260382249656461e-01 3.540654696167224169e-01 6.569140122029726303e-02
-2.423036554189689901e-05 5.341971316206678422e-01 -4.411052851941117958e-01 4.750369953501850651e-01 6.463225931562819326e-01 1.769521934469107938e-01 3.234290065412488979e-01 2.757953486941512877e-01 -4.689282459698152494e-01 -6.461945580432205682e-01
2.840572920357877784e-01 -3.742401301758684351e-01 -3.996668289939049878e-01 -2.343153204322653560e-01 4.745930648512531325e-01 -5.288037503349925922e-02 2.098751002691575177e-02 5.214162195147097334e-01 2.637605820926148259e-01 -2.464452512407263041e-01
-6.983695582399632173e-02 2.973971383760366516e-01 -2.512653537918989044e-01 1.814776547787463334e-01 -5.126649540812392436e-01 -1.677777682727145114e-01 3.095463944936939771e-01 -2.780953336823088762e-01 6.687375321956701146e-01 4.515795797319301919e-01
-2.359357229121563856e-02 9.858718801174935764e-02 2.264594803161571468e-01 2.106713849107554326e-01 7.996981276554548934e-02 3.726997767859411281e-01 1.726603833012534950e-01 -1.034400956116432319e-01 9.105467024893688921e-02 2.644798331605403008e-01
