6.280903393805326029e-01 -7.906642365161826724e-01 -1.144180818852633258e-01 -6.185936170705892412e-01 3.209609857687470980e-01 -4.557901782928402423e-01 3.528991003120237058e-01 5.918580335776641999e-01 8.054953348818295611e-01 7.069513885704883371e-01
1.488959247714482792e-01 1.206466866633496837e-01 -3.855202509933608468e-01 4.049583303315877347e-01 3.947800446069285041e-01 -1.069047374001625555e-01 -2.524362856516465525e-01 -4.294079159686672864e-01 5.158464086922827097e-01 -2.689291651856100529e-01
2.778322973665340312e-01 4.412732874317866205e-01 -2.004998280272836386e-02 6.552933675981252870e-01 -5.666240584352425502e-01 -2.937971465678941296e-01 5.538070696209860255e-01 2.539096582246763156e-01 6.821826088172771030e-01 -2.664749446862208493e-01
1.864543609439954508e-01 -1.418736182729562478e-01 -1.843222452532764302e-02 -2.717900046742695655e-02 -1.175205748336085182e-01 -8.214749570482987595e-02 1.395057729698748195e-01 -1.124343176017446183e-01 1.004852503568158389e-01 -6.118603512915551240e-02
-7.437256978477517488e-03 -2.832758304424971667e-03 8.679457633836108743e-02 -6.453500709521685363e-03 7.850397086578818351e-02 2.939801332598020525e-02 1.107835010119159573e-02 6.247299244305408450e-02 1.496074160631990189e-02 3.909182821546790948e-02
-4.455953769493271599e-01 -7.467088634821118509e-01 -4.072241679041687518e-02 -7.939376491965663973e-01 7.014861950310248284e-01 -6.939198270478450503e-01 5.530551026849600538e-01 7.123405585771513948e-01 6.743069054972919973e-01 2.296975259851153361e-01
-4.731689768947963323e-03 1.615826754422631517e-01 9.870850050285485955e-02 1.721809757737437913e-02 -1.429322983421022451e-02 6.351808110630824400e-03 3.635158085071552719e-02 1.824662293591803805e-02 8.082661646517468046e-02 8.000248548335328266e-03
-5.348079160911147767e-01 6.800712638532899756e-01 8.288524094187189883e-02 6.851909198340244700e-01 2.255249559653182134e-01 -3.245041766334126332e-01 -3.837659470260067485e-01 3.200900921530176468e-01 -6.045736966907430121e-01 5.596106378272296400e-01
-6.975821925315056626e-02 5.904847633686238773e-01 5.493147413932570888e-01 -5.611997102379754354e-01 -2.799507034651671500e-01 3.677277737716556638e-01 -4.133352706069808313e-01 7.202177327310596011e-01 5.175574246902664433e-01 -1.894590345464414183e-01
5.791328171108397517e-03 -4.277684282180414799e-03 -1.103035948228571310e-02 3.616910769518221630e-02 1.096705862064062953e-01 6.398113656924292458e-02 1.580088219034735467e-02 4.542877354342187562e-02 4.252023240832084744e-02 8.086433116871596244e-03
-4.214307892611398459e-03 1.206134836510073666e-01 4.444285183626677654e-02 -3.430041368995509488e-02 1.889334789329336906e-01 2.828621484593792784e-02 -2.288809853537118744e-02 1.222332317066597909e-02 2.701027221637681414e-02 3.971425536426376884e-02
3.422647379282752200e-01 -3.188770102255160110e-01 5.955142408386264741e-01 1.864058308689369725e-01 -3.493784627232751627e-02 -2.090144218303805201e-01 5.402649715127538776e-01 5.067657218508954120e-01 -4.532631414811573167e-01 4.087002537854319550e-01
-4.213455412972667014e-01 -4.420908996198866237e-02 4.404892992647453931e-01 5.789686142866222740e-01 4.677079262442700447e-01 -4.544699678119384356e-01 2.075111429593745893e-01 -1.357704115880220275e-01 3.156889840765544908e-01 -1.272920807880389416e-01
4.145924422797399034e-01 2.025119239378495029e-01 -4.652217296527897950e-01 6.349655980685218193e-01 1.742874280267625864e-01 5.296105222418934916e-02 7.443994922216263799e-01 -1.598687390779376105e-01 4.120502134090401891e-01 2.895988884756411919e-01
3.109395641726520609e-01 -5.498511751722668928e-01 3.644203351891635023e-01 -2.359865439971272350e-01 2.923777757775910535e-01 -1.800659483836010988e-01 -4.541814767809372877e-01 -1.671607584406417935e-01 -2.016352387570531368e-01 -6.815720619227335630e-01
-1.984748571385252635e-03 1.185952205188122582e-02 6.412985377715217650e-02 1.720286294077543257e-02 1.824345185712413983e-02 5.677648433796251420e-02 6.434820530290485951e-03 4.723560880701327858e-04 1.864025617639376159e-02 4.281558765408396278e-02
-3.758360741547750461e-01 9.348219323445536300e-02 -5.173333586871484702e-01 -4.407558815507865435e-01 -1.492744583372040620e-02 1.840167661158465529e-01 -4.613953049681795288e-02 3.490840666170856310e-01 8.957012499970840036e-02 2.419244105372327092e-01
8.297674729483166534e-01 -5.337672720174745367e-01 -7.693720598582776127e-01 4.700892764392709533e-01 5.960069643456800126e-01 3.149311555074293389e-01 1.115673325823651613e-01 6.657051869233320263e-01 8.042207107649873565e-01 -4.411909261979020669e-01
1.315613974469119745e-03 4.145712394327395744e-02 -5.876043646761478501e-01 -4.763393686301711782e-01 -5.774699711552133685e-01 2.848238986597723121e-01 -3.635256466439936718e-01 6.725881134175628606e-01 6.689348207269753266e-02 1.283045435465533096e-02
-2.934794950159639107e-02 2.159798306676218860e-01 -1.254832960310527656e-01 6.033164563593145652e-02 1.894052795994573268e-01 -8.341251772542274123e-02 -1.750794715881441310e-01 1.134979101691704351e-01 1.272435877709023611e-01 6.297106829820485474e-02
-7.375446549411988038e-03 -5.482178026056225978e-02 -2.292067718759551453e-01 3.529777232499297090e-01 -3.954505573095070114e-01 -2.666692512537545412e-02 1.672410642152418192e-01 2.114478302541488164e-01 -2.942071169252887253e-01 1.614936165233710474e-01
2.701590347543850190e-01 -9.013072071872302304e-02 -1.976643771521812420e-01 3.948600100920395817e-01 2.580744149393038867e-01 1.607486007906406555e-01 2.016237430252410534e-01 -9.033081955265455376e-02 -1.224665288588888262e-01 -2.121611732003239326e-01
5.468154858878584990e-02 3.987950948052260136e-01 -1.767847769998696916e-01 1.639794984345893936e-01 2.431103661804048799e-01 1.243262972333192273e-01 9.752607367533799865e-02 -3.225644163219527905e-02 2.340738378965280253e-01 -6.729998314737768716e-02
5.222535805726727931e-01 1.115903660472432196e-01 8.166426111979446789e-01 -8.842737866252422529e-01 -3.956960231554718654e-01 8.720077584565623374e-02 7.579944986796902651e-01 -7.725794821700137094e-01 -2.090809955969011591e-01 -8.073618068282395477e-01
-6.267189586700510073e-01 1.823565981949670789e-01 1.326302942359676960e-02 -6.646774635653175667e-02 3.358665006473864900e-01 -1.313494550497776581e-01 -6.816559312314807162e-01 4.604595115201957634e-01 -6.511462681496338334e-01 -5.961088350540597602e-01
1.071594787374666700e-02 -1.843709071599383340e-02 -1.667759096930351848e-02 2.404862764896755767e-01 -4.792371090615893392e-01 4.080088684484313166e-01 -2.014938345439171719e-01 -2.459049009048985476e-02 2.134150906299298323e-01 -1.154066034770588611e-01
1.707652824645461420e-01 -6.254368098607192561e-01 -8.071125517522808046e-01 -8.183779085564700517e-02 -3.100831280703956749e-01 -7.991827841371709207e-01 -6.671420074928239297e-01 -7.252860354567499668e-01 8.635605256863284618e-01 -5.173971082117637676e-01
3.677503885973004705e-01 4.725446769326432928e-01 -4.058166411119250305e-02 -2.680058666233672837e-01 4.402917353217732921e-01 -2.731142785017721120e-01 5.120786102254566430e-01 3.508281637694961042e-01 1.541457950524421638e-01 1.383290675922547730e-01
-3.188324777506366670e-01 2.925588058132282954e-01 -3.613504998136323615e-02 3.173833840711860060e-02 -6.890893247254216147e-01 -2.334825062264801465e-01 3.331736236466573686e-01 -6.512593807760661546e-01 3.843938108081532135e-01 -5.942524089449293946e-05
-1.699473254925755739e-01 4.722833290455597521e-01 6.102718684697464591e-01 -7.407075428278686591e-02 -2.024258090905152740e-01 -5.375543990466344901e-01 -2.577092468304520989e-01 -4.015094863585777496e-01 5.155139148178768949e-01 3.533751572723731194e-01
-3.802339184990971011e-01 -5.362047765020935275e-01 8.693396095408448820e-01 6.504506911855783002e-01 5.090296322921321615e-01 -1.410436884357472165e-01 -6.745775316958069201e-01 -8.365607484206569189e-02 -5.760756263953041856e-01 -6.630669666800663720e-01
-6.687015292303279124e-02 -1.096941901991270313e-01 -6.901744547927516349e-01 3.332053869804910140e-01 -3.807904753300275780e-01 -5.752106379940781222e-01 7.954124717786074106e-01 -1.531258368785216872e-01 -1.317057764052555757e-01 3.563780881110401033e-01
-1.494286213104786543e-01 6.055437376625156798e-01 -4.883574093446913511e-01 -6.682417895040809741e-01 2.552207357534845844e-01 1.322303852117667766e-01 -4.434854743143044897e-02 2.602814183809573079e-01 3.158387623384481535e-01 2.461830595791212883e-01
3.088647502917138965e-01 6.332771554163796335e-01 -2.220463878780966904e-01 3.519539292912684525e-01 -6.075905667911435382e-01 -5.776017541128698474e-01 1.101223202543922808e-01 1.916080039503672561e-01 -1.172004353828840495e-01 -4.398304268687572294e-01
-3.441908753071006022e-02 3.201292876775995166e-01 3.504275771419118612e-01 3.130420502653804560e-01 5.172459442579706579e-01 -2.777735465792991465e-01 -3.696337490112666102e-01 -5.279795529524510672e-02 -5.640614163881974008e-01 -6.216734577386686528e-02
-3.544068943251671433e-01 5.873758411711190730e-01 2.764277534296708527e-01 4.279847845117845662e-01 3.978072466076016389e-01 -4.541988022730911734e-01 3.549725924221461271e-01 -2.559621402211841867e-01 7.149556144345515785e-01 -4.213167627685574512e-01
1.017023077523022817e-01 5.635598545213513916e-02 2.864329531026323442e-02 1.116502842650600111e-02 -8.073513471768614669e-03 -1.842597648562734058e-02 -1.266081189232683840e-03 2.148044130441318922e-01 -1.208327959303364535e-02 -2.796574025283349654e-03
1.116659750236475568e-01 -3.169221709835731010e-02 -7.828866324403872118e-03 -1.405281312829901597e-01 -1.692225624343518253e-01 -1.148704500376644677e-02 -4.078196986593293077e-02 6.423852437344240718e-02 -1.011798156864902598e-01 -2.402920543887532567e-01
3.823458133721726604e-01 -5.486868162317566355e-01 -2.848998083053987940e-01 -7.030274570490889774e-01 -6.899383302104879212e-02 -6.919670399528371485e-01 -2.040921182919570309e-01 -6.344625536604047156e-01 -2.098144971511610446e-02 3.151131617698239018e-01
3.568657477768815561e-02 -6.284153989890177427e-02 -9.241977833114017188e-03 3.359044020737823183e-03 1.862331540758785098e-01 -1.387871538702998425e-02 6.454993205741692275e-02 4.596247543807698011e-02 -7.606119287757260455e-03 5.109698488211365797e-02
1.145445156354818056e-01 2.430596076045018761e-01 -2.885438284068884973e-02 1.307927002270405925e-01 -3.941320973826219209e-02 1.462547290732430505e-01 -2.550149931043681484e-01 1.698777682389077948e-01 -6.727756240380183307e-03 7.151007691042302050e-02
-3.783499466831838909e-01 -4.030887063096260520e-02 5.790831536186272777e-01 -5.131359565707634129e-02 -2.524264368516922485e-01 7.094365798609594265e-01 -3.177418493196552673e-01 -5.152326134782978517e-01 -4.078225696145711954e-01 5.450870432171530666e-01
5.803696360985686198e-01 -7.534614507282129392e-02 -2.596635808271581802e-01 6.618549325219131862e-01 -2.619431198393538107e-01 2.617168918442901865e-02 -7.756047923998605764e-01 1.503442766653218243e-01 -5.354938643332433079e-01 7.418637232649585300e-01
2.361777677355699767e-01 1.588866264210400947e-01 1.359044839972756852e-02 1.100006314783387035e-01 -6.724685281416679927e-02 1.022674538129852012e-01 4.966767398016427859e-02 4.571998636369920682e-02 1.077139982122562456e-01 1.287049804472555070e-01
-5.198698705842837997e-01 -8.461850242208631689e-01 1.559591343537551633e-01 6.036461165393449679e-01 -2.753915149006474494e-01 5.896292545872406921e-01 -8.403253282270071178e-01 -6.978400320779452881e-02 -6.876899303105041827e-01 6.391898458235457658e-01
4.676437319631818711e-03 2.170141333824709138e-04 1.185985647406740708e-02 -1.451628422042874206e-02 7.724887775370516130e-02 7.355008830095031980e-02 -5.937735508656597286e-03 3.939199385617233456e-02 -3.746169680670633634e-02 -1.576384027363276347e-02
1.980195226259831298e-01 -2.350411164007962517e-01 -4.371244463715411310e-01 -2.993804589803167326e-01 4.346480259528470169e-01 3.660134877385942676e-01 -2.097147839009325387e-01 -5.267042143341686966e-01 -5.148977315181285652e-01 4.885060906657220925e-01
2.758696142503804238e-01 -5.038714535045251131e-01 -2.063167350379949486e-02 -3.353616399971439122e-01 9.801804386145573922e-02 -2.891394846985517741e-01 -3.810310305379374096e-01 -6.190247318544848942e-02 8.997776337036196559e-03 1.760873063670130023e-01
-1.046427678761353564e-01 -2.692203181134676937e-01 -7.425974207962672546e-02 6.381583148396897942e-02 1.927533991714127926e-01 2.017785163776190382e-01 2.199290615107826197e-01 1.817079121281252596e-01 1.130977929988489922e-01 9.407695851275399423e-02
-8.559815924262031972e-01 4.488713051762538431e-01 8.837078499553460698e-02 7.403469583028001733e-01 -2.688914297337964832e-01 -3.179597689709502961e-01 -1.515053631686103797e-01 7.619819193867656271e-01 -5.128062354898730441e-02 1.400923706782872813e-01
-2.410572495503515156e-01 8.390344131836541264e-02 5.650980441848241220e-01 -4.027689090991213861e-01 1.992173126022391272e-01 8.061638761908740403e-01 1.950645145673908232e-01 -7.680382387441169779e-03 3.365384057180310085e-01 -4.146348247426017708e-01
1.068004257785333012e-02 1.062793707500223617e-01 -2.267739786900532101e-02 -7.960137775651125736e-02 9.613100844004046630e-02 -1.442603318714080762e-01 1.070057299456548400e-01 9.156699087874293694e-03 -2.207735270699529365e-03 -9.062150294770833503e-02
5.676670038649962724e-02 2.426888039065498714e-02 2.051926450897504361e-01 -1.689648338443947365e-02 -2.051400528919910746e-02 -3.961701484961437092e-02 1.002510193843186674e-02 3.247116973901596065e-02 -9.975277688700619205e-02 1.835155296431400032e-02
-2.850255599330097644e-01 7.617920763449391730e-01 9.133073964688654955e-01 -6.195371387012010844e-01 -1.047631746379307643e-01 -2.447151258147518826e-01 -3.179395246938390152e-01 -2.268614668506875875e-01 6.787026421213978589e-01 -3.960709356071944742e-01
-3.372895651750296153e-01 -4.367269879425216272e-01 -4.450588194641813544e-01 2.738832632687187019e-01 -2.331742316514918700e-01 7.290546111371042359e-01 -2.079477003455672268e-01 -5.147383803061558183e-01 7.483187252961238933e-02 4.376615330108727386e-01
-5.075727252253819932e-01 4.419325873535320248e-01 5.393659569692798028e-01 -3.210431469712439201e-01 -1.554523173944586667e-01 3.177172178715683692e-01 -3.198844792448561902e-01 2.311346295938616902e-01 -5.810001711156131954e-01 -7.117514338271846430e-01
-2.340673195608817814e-01 -4.525093056208944753e-01 -6.236937812681886406e-01 -3.824772760080031864e-01 3.782062391207877128e-01 -5.358715453496403214e-01 4.713126327947140398e-02 -3.165794986401876954e-01 -3.662129871783810220e-01 1.457542849350825231e-01
1.055203420589913010e-01 -3.843939672696251864e-02 -2.276398387067131712e-01 1.566166326058636704e-01 3.468270699907154142e-02 -9.302830041431210673e-02 6.469388774296098987e-02 1.669133696859886537e-02 8.863027140958421035e-02 -2.044800271775497336e-01
-2.530572286758711598e-01 1.633125529421063094e-01 1.977555524850717061e-01 -1.451275613684348542e-01 -5.744851756686470967e-01 5.607080816199194739e-01 -1.211867904245756133e-01 4.362271906832291268e-01 -1.755149670116986638e-01 -5.467343634562309429e-01
6.982106190400083623e-02 2.866226374996404952e-02 1.670214206495139117e-02 5.758263536491872725e-02 1.053916980125794850e-01 -1.830367040051361985e-02 7.957859627914827408e-04 3.183171199958891723e-02 5.591854557278744253e-03 5.944037382137557814e-03
-5.652783531385168203e-01 -2.821384458336549383e-01 -4.560187615332290112e-01 6.325808864332286285e-01 -4.841468575160340904e-01 6.903935468539568188e-01 -3.439648700664763581e-01 -4.544763439497935265e-01 4.821688271702687656e-01 5.617117018559247832e-01
-5.399113955105805385e-01 -7.971692774821328986e-02 3.621228316886828114e-01 -4.025682940111146094e-03 8.202561573791317118e-01 -2.675281765311454119e-01 -2.277250603224660885e-01 5.789975284789027343e-01 -2.556253811750043847e-01 4.227247053156690249e-01
-3.739826010890794084e-02 -2.430608115497102928e-02 3.194037243077618715e-02 6.000561556075118680e-02 1.771746932189418450e-02 7.546159958792564293e-02 2.149834396118645644e-02 -1.446515245469035156e-02 1.784836106063282437e-03 1.185775981546259572e-01
-8.706739194827688155e-02 2.300929299588071464e-01 -1.958549365786552837e-02 6.505791857897882946e-02 1.504824284744654128e-01 5.451872982372743537e-02 -1.213176335583601717e-01 -1.330563372742255557e-01 -3.954850901724044770e-02 -5.318998409877998684e-02
6.300829309837609540e-03 -6.872134466310766965e-02 1.589242493846783344e-02 -1.640799428669506288e-01 8.384260718607418339e-02 5.879945739117250353e-02 -8.148134185872434043e-02 -2.092317364244281330e-01 -2.666089397233556979e-01 -5.178953560288662716e-01
5.177048530411705318e-01 -1.005113718706990567e-01 -5.260310941488832714e-01 -5.593389912814215048e-01 1.223504718160332849e-01 8.617313525676112418e-02 -5.120685190070782822e-01 -6.816828892355225600e-02 -6.182419760552295696e-01 5.103527342984995885e-01
4.609897374477250898e-01 -6.362089258802431369e-01 3.782740237437354214e-01 5.747219284530316052e-01 6.291682469987737170e-01 -3.057014791255939778e-01 4.008912482467432148e-01 1.720300582609829432e-01 -1.275026401258357207e-02 4.826318258411282369e-01
4.188956502293038620e-01 -4.461396656012432960e-01 -3.764350331406249306e-01 1.653960925056056630e-01 -1.396373918791014856e-01 -4.134185709783901874e-01 5.023495768402569395e-01 4.220784682437072610e-01 -1.273740976442673534e-01 1.118138498096710870e-01
2.125820415414404752e-01 7.906207600467018981e-01 5.095673300195071587e-01 6.025118618485811872e-01 7.222737893186251812e-01 -8.031504300759133574e-01 1.674390876923820826e-01 7.928688551108132865e-01 3.089495359496274851e-01 -8.702827180595354983e-01
2.610601829732510093e-01 -1.124111061889784963e-01 5.046147421120245752e-02 1.320757439745960660e-01 -2.064005412988507426e-01 3.407957649395859656e-01 -2.996065259746949136e-02 2.480607423094466080e-01 1.366110288014819041e-01 3.490083745466166509e-01
4.322678200118619252e-01 -5.373663607879050064e-01 5.566447690078839550e-01 -3.542155504530351551e-01 -1.776555697259329103e-01 -1.609405263766666705e-01 5.567905099629477661e-01 -4.452501966241667053e-01 3.266757774008309245e-01 -2.321000792077746733e-01
6.766387347234890104e-01 -2.550036001543870556e-01 -7.074584532560286299e-01 8.932583712407800025e-01 8.626010642852723065e-02 9.341072077569158028e-01 6.929450204352914922e-01 -2.708447988666320971e-01 -9.290677505436950590e-02 7.890342439403916774e-01
-2.192512079739523667e-01 7.405855110187171270e-03 6.530398805131669426e-02 -5.206039960912469677e-01 -4.261911760944664396e-01 -2.380743210546426569e-01 2.158605748135748459e-01 -4.028187556933568447e-01 -2.951169311132429973e-01 1.425321859384373613e-01
8.535561895341271875e-05 4.743180475315439404e-02 1.523800137804820834e-02 9.846576832577315364e-02 2.259002878708559012e-03 8.179420561040590121e-02 -3.326315331896012562e-04 4.996363775512319833e-02 9.724515932992026934e-03 1.287667321191503754e-02
-1.265408946766208020e-01 -6.034137142350862737e-01 2.757934432096870725e-01 3.312162628992847829e-02 4.916443206510691666e-01 -4.561448204399348172e-01 2.473774740630834135e-01 -3.983870588651376998e-01 7.145885937248043218e-01 4.417642051846907836e-01
-4.830430305906893151e-01 6.762405372668713888e-01 -1.035348512926773240e-01 -1.625754354915648903e-01 4.553014485724732885e-01 5.135642837758213064e-01 2.686465503467854732e-01 4.593736808194640586e-01 -4.624546746092126348e-01 -3.979681193467084488e-01
-6.354755627253586003e-02 -4.107970965029975052e-01 5.359123220449988484e-02 -5.856471554889687570e-02 1.498177742349233454e-01 1.824227164241365440e-01 1.125746266937873996e-01 4.063711771880900714e-01 -2.676791801822422934e-01 3.241253500837429358e-01
-6.774086798605100102e-01 3.952154602687478757e-01 4.481628712030876205e-01 7.199214380439752370e-01 1.306621114822169860e-01 5.890212759565870426e-01 -1.913523184005083699e-01 -8.453247227855667512e-02 7.054182270544337996e-01 9.197277200002330899e-02
-1.490411384752119706e-01 6.238614851770806213e-01 -5.614684193786051436e-01 1.914820744186774559e-01 3.062886118400302005e-01 4.264715548934071565e-01 3.999843463420659218e-01 1.154913141646475294e-01 -4.287757290706284419e-02 -1.581537519943925496e-01
1.046137635162406286e-02 -5.035772952945113436e-03 3.242106604591135643e-02 5.519563991871852260e-02 8.240629081764208608e-02 1.611686097298050888e-02 9.329680842825059661e-03 9.981188530876369813e-02 4.497874289232315498e-02 4.445061187684866411e-02
-4.907777896030417475e-01 5.994628619414745785e-01 -4.901165814357664741e-01 -5.618898093633160028e-03 5.723055545230597563e-01 -7.475798067472330111e-01 -7.993271979559334328e-01 2.622095954357685499e-01 -3.389501622284527560e-01 -7.029650544585288596e-01
-2.113501148221305637e-01 -1.540974053447609904e-01 8.020749865928331057e-02 1.385317983821210408e-01 1.404388959632039413e-01 -4.120266117509858161e-01 1.103219764592865554e-01 5.764500236320768689e-01 2.046119490325662982e-01 -8.217534733688386384e-02
-5.440208853874304307e-01 1.966252612394464583e-01 -8.092725026784233222e-01 -3.328270061655026479e-01 -6.751767531456376314e-01 7.879384853175191994e-02 -8.323205660185735155e-01 -5.071759388981276206e-01 8.004890766337376951e-01 6.868865484717706638e-01
4.171672509212252106e-02 2.441347584276653757e-02 7.857159271587889349e-02 -3.997746898450927483e-02 2.011223825839798807e-02 3.796145397201083210e-02 4.227650791252321461e-02 4.604630392337494965e-02 7.416267345619236614e-04 2.059128785413836746e-02
7.431039224228865037e-02 -2.028532724657564901e-01 2.923602910761015083e-01 4.332840435472597451e-01 -4.830499504587459358e-01 1.866965283826955702e-01 2.238165301911143878e-01 3.783409827892499078e-02 -4.937214696822742610e-01 -5.551525544721818139e-01
2.026119648461498779e-01 -1.078485899012855687e-01 2.039428428212133049e-01 -2.598218668740357243e-02 -1.896681990674230767e-01 -2.201226140142678867e-01 2.267449226619515090e-01 -2.298337271199839271e-01 -1.013686744429916076e-01 2.676774262166811691e-01
6.965859648391934389e-01 -4.799506730105284613e-01 4.768045794935635850e-01 8.245667380333437935e-01 6.134300886455722468e-01 -3.286278903508429994e-02 5.271073516349531474e-01 6.936987051722162123e-01 5.925119139567693871e-01 1.054213138669101713e-01
9.715362393152988940e-02 1.149660736426618701e-01 4.741156267563881310e-01 -1.431356331987254094e-01 1.858361726809487635e-01 -1.967506134614716018e-01 8.827476108762727369e-02 2.645425635001885656e-01 -3.720167023180764310e-01 -3.558969140066875481e-01
-3.568843529205442677e-01 1.337308958428547745e-01 3.852047566775717580e-01 -5.816048523000207915e-01 5.703597573320466907e-01 -1.207333032964705705e-01 7.210827805427112436e-01 -5.607879822594825647e-01 7.488308026994075495e-02 -4.131639283548992070e-02
1.539634257141561102e-01 -2.130429127354004359e-01 -4.065080744020473369e-01 1.207433750321391767e-02 5.076879559230595279e-02 3.457367521255758774e-02 3.717029754824846544e-01 3.746665361487347967e-01 -2.816649317644001616e-02 -4.778327757942411602e-01
3.043726519330366420e-01 -6.138766067295814421e-01 -4.679969565837867607e-01 3.029288724809882372e-02 1.540835634961297551e-01 2.915343919088830837e-01 -2.633606275926271834e-01 1.998544464692962874e-01 -2.632715262730682126e-01 -4.027204249687646453e-01
-3.649318388195697122e-02 3.797225666443087011e-01 3.163465438799114016e-01 1.805705349017042716e-01 -4.905062360166651675e-02 2.229193040791077884e-01 -3.216908695396799023e-01 1.829272075349461235e-01 -6.711777124384155687e-04 -4.136687714797285809e-01
2.500763305541902626e-01 -1.879778914688144120e-01 -1.561885645935723876e-01 4.514107810910110152e-01 3.865228219284953526e-01 4.694355714273993341e-01 6.904886585808590604e-01 -9.486141494298365451e-02 -2.885977870171868576e-01 3.426607613300999833e-01
-5.089026566600834967e-01 -2.091745627373056693e-01 -5.613582418646057698e-02 -7.046879380345190923e-03 2.662283594650822760e-01 -2.235298900669576982e-01 3.118795451054641281e-03 -1.824991857660230588e-01 -2.858088145664772206e-01 2.361490598884449787e-01
-1.302471415008522315e-01 -5.533911390374082057e-02 -1.985378511059246454e-01 1.787023610684659591e-01 1.549204571717743562e-01 2.188046320635242958e-01 -4.435322067614337616e-02 5.547890814129826514e-02 1.768665238957624949e-03 -3.054862834211610756e-02
2.091880289255482472e-01 2.434987435088668550e-01 1.702115987567378308e-01 -2.130926421056968112e-01 -3.638807363616304857e-01 -2.433993341296145918e-01 2.402017222161668408e-01 -3.065779339510615875e-01 3.482678028603902742e-01 6.454649987970226266e-02
-1.975686701225782399e-05 5.352977248335314409e-01 -4.410903857938330286e-01 4.749478406349668669e-01 6.461660775148465596e-01 1.768735099066131855e-01 3.234138585839810842e-01 2.757326420299380798e-01 -4.688935719229909704e-01 -6.461543921168183546e-01
2.796561307514881523e-01 -3.682851408466839005e-01 -3.846631745152309101e-01 -2.307928723352777045e-01 4.672593707402350471e-01 -4.032019486357299454e-02 2.078901528637532373e-02 5.132765404924082286e-01 2.600138636416030602e-01 -2.422643510623325169e-01
-6.536512242315595245e-02 2.960906812117488074e-01 -2.507726948708051684e-01 1.818316720490902594e-01 -5.113660802730424226e-01 -1.680199076782135648e-01 3.094493318269784243e-01 -2.796876756932532571e-01 6.665846658705332217e-01 4.493251951502478803e-01
-1.746789843723878851e-03 9.145702300858045419e-02 2.077365676351621004e-01 2.012104415729158435e-01 9.078989064305825751e-02 3.473463667665596111e-01 1.666782910903176207e-01 -1.097208432904625552e-01 8.455196165387754426e-02 2.472820879362613578e-01
