6.290562572277993425e-01 -7.946662213176300948e-01 -1.147800290568972703e-01 -6.196689987040603365e-01 3.220296186939278771e-01 -4.557158244658594537e-01 3.517295843611282780e-01 5.922578893821948132e-01 8.044506998766940420e-01 7.077084133738225091e-01
1.493237607593958238e-01 1.205646505299444171e-01 -3.875267657165165081e-01 4.042391353969470580e-01 3.954437052723039359e-01 -1.076408887378757784e-01 -2.522597521560774880e-01 -4.312317937926604672e-01 5.162022564182674467e-01 -2.685005471758450390e-01
2.786269545600350561e-01 4.415577171693459979e-01 -2.019420786699573783e-02 6.560012093140228373e-01 -5.672417355241224923e-01 -2.936017186316906558e-01 5.548526060994666276e-01 2.513885965739620088e-01 6.814174737942307880e-01 -2.657551213248663391e-01
1.608379374439014575e-01 -1.896797062352373331e-01 -4.983677439171478596e-02 -5.375664743289857578e-02 -1.514292417418354464e-01 -1.571643141053758463e-01 2.047516124010182181e-01 -1.697859676898215986e-01 1.474222222702286089e-01 -9.097281814147785417e-02
-3.619738546631781021e-03 1.036176272447960413e-04 7.017924177796107388e-02 -5.554148057941795530e-03 9.030854915425434726e-02 9.406430533526178445e-03 1.685111957935985297e-02 6.356290076010269463e-02 7.927255624828171213e-03 2.978603645666817387e-02
-4.455893602665547126e-01 -7.469456267025414986e-01 -4.071305861357681771e-02 -7.938346079476755746e-01 7.016025604248500303e-01 -6.938051592328255968e-01 5.530930419662065667e-01 7.118871249134066659e-01 6.743802938183547369e-01 2.297375715119970574e-01
-6.138628205447732751e-03 1.587032355392656024e-01 5.998331296985157102e-02 6.152662588322893589e-03 -1.236634805527716229e-02 1.092784051756856556e-02 3.742800116734703447e-02 4.359556937688656431e-03 5.525577522548117543e-02 4.329060964979947537e-03
-5.348481517235124105e-01 6.801705995785326531e-01 8.178860393518645744e-02 6.853243805424874546e-01 2.256571638080274167e-01 -3.245137722414286330e-01 -3.838042292451476212e-01 3.201659899795609165e-01 -6.046332622193277828e-01 5.597002841880461821e-01
-6.999678510084533789e-02 5.908493380682445784e-01 5.497099853920410784e-01 -5.606925117484687915e-01 -2.789369517043083779e-01 3.701072188020848031e-01 -4.179982515622157613e-01 7.204284822729070115e-01 5.172319471670407953e-01 -1.900733912559394168e-01
8.508290910993664136e-03 -3.343637216786554851e-03 -5.545647012560172423e-03 2.339058764290118803e-02 8.918149813501076439e-02 3.157725514804813477e-02 1.151822630085914088e-02 4.280526669376615023e-02 2.431547873425403752e-02 1.761203319853899690e-02
-1.790209463115733507e-02 9.311160414890702619e-02 6.685741323645533196e-02 -7.432949881719150276e-02 2.223593068031131381e-01 7.441035518451944927e-03 -2.986541807842670385e-02 -6.315263848722438463e-03 2.774709279486929636e-02 4.898898026470083905e-02
3.422799386663442633e-01 -3.188911722625929479e-01 5.948322686104298151e-01 1.864141095663766623e-01 -3.493939793976802433e-02 -2.090237046256172015e-01 5.402889658814686857e-01 5.067882284434436224e-01 -4.532832719051434478e-01 4.087184050724856910e-01
-4.222252521053634355e-01 -4.389117735967741629e-02 4.417820335452504188e-01 5.805075160851681515e-01 4.666115036574866037e-01 -4.596795177640117247e-01 2.075701713451050812e-01 -1.355083204152190135e-01 3.160560018885883449e-01 -1.278673072982834391e-01
4.157135549912158168e-01 2.011411486040173557e-01 -4.649567430422283931e-01 6.360144477758540305e-01 1.749087338690167304e-01 5.375908119793526563e-02 7.430972460369326127e-01 -1.605886092842052082e-01 4.119387017454330668e-01 2.870626693394964235e-01
3.104503108420005320e-01 -5.497072625734727991e-01 3.597345598522214138e-01 -2.362416643276757655e-01 2.910150112659002919e-01 -1.804962009804507717e-01 -4.546005133064950354e-01 -1.668759963207495367e-01 -2.011178118145938165e-01 -6.830116596373848603e-01
-7.265507888108168645e-03 1.405632961751442783e-02 5.023100718080764776e-02 2.495646930452534787e-02 1.746175402145671435e-02 4.384938012358838288e-02 7.322062433929448638e-03 2.798382878995180328e-03 2.351383850739761916e-02 3.566370220676712277e-02
-4.120259253368078745e-01 1.010248469281474909e-01 -5.475201856604325901e-01 -4.700367592764453373e-01 -1.255357344421408408e-02 2.016927221929886160e-01 -4.110957813683557144e-02 3.630220623584211603e-01 9.791182558838230909e-02 2.458069274594704146e-01
8.297676246885236084e-01 -5.337673696279003899e-01 -7.693722005539297415e-01 4.700893624048533281e-01 5.959650505577505086e-01 3.149312130991284153e-01 1.115673529847678314e-01 6.657053086613445858e-01 8.042208578334385516e-01 -4.411910068788211237e-01
1.426510815945036554e-03 4.171828352120755812e-02 -5.889550517306156863e-01 -4.767242450520133845e-01 -5.779275058354398364e-01 2.851536138893966954e-01 -3.638345323233514450e-01 6.697630432642586173e-01 6.705143885767407552e-02 1.281538556010758043e-02
-4.542374443938587691e-02 2.465198572308762714e-01 -1.348661731496791083e-01 6.201747258523611361e-02 1.899722199658234190e-01 -8.876998474834857378e-02 -2.059358649972408972e-01 1.426364454009507177e-01 1.486653702594796789e-01 4.328131563062693338e-02
-9.810540218594058625e-04 -5.414372080827125483e-02 -2.393902254235215632e-01 3.671910863781165935e-01 -4.109765235775103553e-01 -2.540711470352418136e-02 1.795030102413264217e-01 1.892015385364107238e-01 -3.097195647287956932e-01 1.779688154515119691e-01
2.770306885989798906e-01 -9.277950539417176290e-02 -2.307503202584433588e-01 4.033739563290651975e-01 2.666440538826187479e-01 1.647870566481582921e-01 2.102824234148721605e-01 -8.891801506465928095e-02 -1.260659464716233080e-01 -2.132319185909285486e-01
5.906924281816817307e-02 4.211010054613270603e-01 -2.077945742009028596e-01 1.732042373605577334e-01 2.567201496748611755e-01 1.315909356381265438e-01 1.027595451106285973e-01 -5.780661644397757509e-02 2.466209835271182260e-01 -7.065742690982529384e-02
5.222872643918324842e-01 1.115486814225602752e-01 8.166463419227333320e-01 -8.842803670174066433e-01 -3.956410930308886797e-01 8.721942324719610118e-02 7.580188790922990361e-01 -7.725548292870587641e-01 -2.095828542796096816e-01 -8.076628798869374126e-01
-6.269076776628830228e-01 1.826595597608216270e-01 1.259727937844104008e-02 -6.585725369955812425e-02 3.363941878377748051e-01 -1.346718976063898121e-01 -6.825360286950388211e-01 4.622435852094478603e-01 -6.517052307336186345e-01 -5.989050557297542765e-01
1.122871299994287336e-02 -3.839116262180340688e-02 -1.608803031983848872e-02 2.468607360695444231e-01 -4.874193737569230134e-01 4.202703238282254894e-01 -2.058539129376383559e-01 -2.458927546721863602e-02 2.190725978063607082e-01 -1.160624523579022044e-01
1.708812999315741654e-01 -6.254913650040829776e-01 -8.090161669171164194e-01 -8.174011837276688730e-02 -3.101099162830386891e-01 -7.991386953295366302e-01 -6.673033912779280374e-01 -7.253873629093251507e-01 8.638837282445891441e-01 -5.172907205034189548e-01
3.683820009561866726e-01 4.733158134635645498e-01 -4.053347533448906775e-02 -2.683097001512576019e-01 4.396343555920402268e-01 -2.779291282149844999e-01 5.130353601868864466e-01 3.515316470676116967e-01 1.545453240668459849e-01 1.384962627862405260e-01
-3.187874433070840285e-01 2.900652222449227047e-01 -3.568007719016642182e-02 3.121211170339718149e-02 -6.898178414367481803e-01 -2.383241992362443440e-01 3.298593681843368097e-01 -6.526079016458513626e-01 3.854754928001766778e-01 6.906010810812195349e-04
-1.722063252530125488e-01 4.763382295300436220e-01 6.131713577547489580e-01 -7.035610596385356852e-02 -2.169270570425261280e-01 -5.392541517041712362e-01 -2.588648188599321220e-01 -4.101355915258759754e-01 5.189620630286412295e-01 3.597573707214067329e-01
-3.798274864584114674e-01 -5.408531575589419216e-01 8.693735296590051620e-01 6.499001932689035810e-01 5.103148288219971906e-01 -1.409320491274502485e-01 -6.759728592058215080e-01 -8.330989644761437052e-02 -5.777945717516395074e-01 -6.629180876037173986e-01
-6.652140374070021622e-02 -1.095701258585422555e-01 -6.914545562578300331e-01 3.337359856611957776e-01 -3.807006016619740585e-01 -5.804367097168819933e-01 7.978418447475000841e-01 -1.516995444425323081e-01 -1.317383226490266568e-01 3.540086354487640419e-01
-1.488183442412186475e-01 6.067623991877379996e-01 -4.887466320802562603e-01 -6.684418374351014380e-01 2.550364492017002660e-01 1.319529915231989758e-01 -4.299104359256437913e-02 2.541138424572698673e-01 3.151828215566789271e-01 2.486689736822340069e-01
3.096794612190447715e-01 6.347791934685621529e-01 -2.221151362566676224e-01 3.532443771281951195e-01 -6.145026316246244846e-01 -5.790542122979728257e-01 1.083127334909587264e-01 1.929021695920221380e-01 -1.166221458403893241e-01 -4.408199435938487953e-01
-3.418446122866195674e-02 3.169445787709275764e-01 3.513890382183688654e-01 3.133677833114698608e-01 5.176430897703114820e-01 -2.786256114384600413e-01 -3.703165450872240583e-01 -5.316757797751540254e-02 -5.642517283201563538e-01 -6.174371136881319500e-02
-3.525166071256793376e-01 5.896296604246511475e-01 2.752567884765145800e-01 4.293674357980598599e-01 4.016724189270863832e-01 -4.512664616803929163e-01 3.564684657301454562e-01 -2.620239771898041359e-01 7.176692669931512558e-01 -4.215666438384860215e-01
9.597716015374803400e-02 2.831255128998826781e-02 3.334167683920561537e-02 1.362274459442792312e-03 -6.711608926086710773e-03 -3.570720970905267092e-03 5.082857669163816892e-03 1.561612024198129334e-01 -7.941495326229237872e-03 5.253288098574903503e-03
1.549868548667421297e-01 -2.460037600075679412e-02 -5.138314846497027150e-04 -1.853753428988127172e-01 -2.573243941857267791e-01 -8.404681420160948352e-03 -6.355738421563360274e-02 1.140734415303704952e-01 -1.195765404004806992e-01 -3.021011857092794628e-01
3.829995631031258840e-01 -5.491810174892479690e-01 -2.860226199170309846e-01 -7.032187725648789689e-01 -6.880372530810996423e-02 -6.956007781692934433e-01 -2.028723323505617904e-01 -6.338032900144515702e-01 -2.112665252298639648e-02 3.108168933962839331e-01
2.857412704528874275e-02 -8.774566354119105183e-02 2.290301334423995670e-03 -1.068331355657013530e-02 1.666814745837152389e-01 9.894688908747161296e-03 7.279770784572646425e-02 7.222212280027634490e-02 -2.442871189510885041e-02 7.433775651340979174e-02
1.120617495031412947e-01 2.510572860211234825e-01 -3.599823493505070054e-02 1.088259546076477402e-01 -4.337610874737944655e-02 1.728510786517886977e-01 -2.908943649721549285e-01 1.852063593905994843e-01 -3.204774581854264500e-03 7.233820933558353372e-02
-3.847805149595635021e-01 -4.033468517275148879e-02 5.799590445664354332e-01 -5.053180751174443652e-02 -2.531753001299038575e-01 7.123493271633890567e-01 -3.189285144342005607e-01 -5.184713785729557767e-01 -4.080414068261382643e-01 5.431046746230873135e-01
5.803884787658630806e-01 -7.597583586644272857e-02 -2.596686625365279832e-01 6.618787906943547350e-01 -2.619545953696370000e-01 2.616942782646113422e-02 -7.756292611637695122e-01 1.503501651287758867e-01 -5.355062757596633638e-01 7.418877285957415912e-01
2.508181938804781574e-01 1.727015054475757039e-01 8.896348611203074366e-03 1.163593859544702902e-01 -7.380421540213480402e-02 6.216960191016460135e-02 4.371278511216684926e-02 5.465138221485955211e-02 1.182927600972430576e-01 1.413024099146719115e-01
-5.197670686970294884e-01 -8.463945024999396383e-01 1.547026909867869338e-01 6.035590006613279490e-01 -2.752429858440073041e-01 5.897010011604557622e-01 -8.403733789717344749e-01 -6.959412636753234405e-02 -6.877026751079365896e-01 6.392077586291154967e-01
-5.811717779227482117e-03 1.788039149974616354e-02 3.905442385181167458e-02 -2.493967003604560806e-02 3.811906946564875415e-03 1.785444785026370218e-02 -6.714520084594778615e-02 4.882998684707640091e-02 -6.568037456956035691e-02 -4.708167530558711456e-02
2.006930327681611947e-01 -2.359538435588207639e-01 -4.386482348317162772e-01 -2.977136286425975942e-01 4.327154783346154887e-01 3.657723164166022944e-01 -2.069220816922826278e-01 -5.369365596755787395e-01 -5.185911539571389506e-01 4.936602339986794763e-01
2.808264114189881755e-01 -5.134274420661034677e-01 -2.099370946042919059e-02 -3.420004905080772928e-01 9.723758952250292908e-02 -2.955323760010256096e-01 -4.060183038394080679e-01 -6.464015583564053369e-02 9.985808081795449417e-03 1.797791392977945990e-01
-1.138222274772358877e-01 -2.911217212525931131e-01 -7.889015986256017743e-02 7.190972607807732953e-02 1.683288697191003547e-01 2.196181348471227257e-01 2.402686915939932777e-01 1.997223129877952474e-01 1.254478993399946729e-01 7.030775217999057913e-02
-8.561330602502262854e-01 4.484950220759766348e-01 8.852269468339103720e-02 7.393499093361587393e-01 -2.689002607774278464e-01 -3.178928846621988380e-01 -1.515192022159714269e-01 7.621170893956648040e-01 -5.123976062147785060e-02 1.402182993803307576e-01
-2.434780778790519573e-01 8.401122554865352032e-02 5.654466993010573983e-01 -4.030189701592106211e-01 1.994346759549916470e-01 8.066047740534015853e-01 1.951533135550752307e-01 -7.684061297039623643e-03 3.367345879311333667e-01 -4.147929489278349147e-01
-3.834248953964306157e-03 1.331023261465996144e-01 -5.322471901555545643e-02 -1.343144884280540186e-01 1.572571650969403489e-01 -1.826577008782293010e-01 3.628826120906382402e-02 2.531375419869296914e-02 -5.667786515533216989e-03 -1.305443786431763897e-01
7.367626849673530876e-02 -2.592051970099159153e-03 1.735854861587647624e-01 -1.744964266259857108e-02 -3.485537466205639728e-02 -4.572003057497661671e-02 -1.498901018378769566e-02 2.609345198818098163e-02 -1.307025658059444984e-01 3.488074695451339607e-02
-2.857699252540871204e-01 7.661565697322998414e-01 9.160037596719448061e-01 -6.210585656822763534e-01 -1.043056668289908256e-01 -2.567187889144998403e-01 -3.155613588836320149e-01 -2.244461527708812021e-01 6.818385780004241337e-01 -4.029286042142373181e-01
-3.390555427305577685e-01 -4.367242413638451892e-01 -4.449288722731378209e-01 2.747275508472036831e-01 -2.322370260146625065e-01 7.263350525547164205e-01 -2.093415872330291472e-01 -5.143536095098503180e-01 7.527198664721880539e-02 4.392162418620750297e-01
-5.075842471315394899e-01 4.419531339498127265e-01 5.394125029948773076e-01 -3.209893461080295385e-01 -1.560789885717438208e-01 3.177922956368844920e-01 -3.198787930520738398e-01 2.312451803030982356e-01 -5.809653856267160688e-01 -7.120745023865059364e-01
-2.348888409883661266e-01 -4.530358045906386910e-01 -6.250147543790306459e-01 -3.905263200728916750e-01 3.798091380232610503e-01 -5.366938073347597982e-01 4.784653061908934746e-02 -3.172547975610836013e-01 -3.666914814924669419e-01 1.473259695240115574e-01
7.159977202905058735e-02 -4.228053037593007546e-02 -2.428092994916924152e-01 1.726040598065872456e-01 2.781671211927872270e-02 -9.281301316749157593e-02 6.595184379404558928e-02 -2.708603880394942244e-03 9.852349031452957429e-02 -2.255277432347602418e-01
-2.602859545338836456e-01 1.645398205858088492e-01 1.970860653988855959e-01 -1.478657273057810417e-01 -5.770566627583127994e-01 5.641692465491330299e-01 -1.277355278904958313e-01 4.405953918393045732e-01 -1.778279559564398815e-01 -5.498907757079369851e-01
7.664199081539412040e-02 3.900684644431706705e-02 9.830152464812098520e-03 7.823901124657772765e-02 1.081570640334829358e-01 8.657327674282802588e-03 2.588779421871122491e-02 2.222061698695881101e-03 -1.529820509397136589e-02 1.069684927714540344e-02
-5.659988947188426822e-01 -2.821589978874171067e-01 -4.569288432978395043e-01 6.322423774815784103e-01 -4.824248959273009785e-01 6.938532918789184212e-01 -3.440323716891548478e-01 -4.603319451641269544e-01 4.824248652657882053e-01 5.606673915085215176e-01
-5.398052928280762108e-01 -7.967172992053134228e-02 3.621658267984585455e-01 -3.982369765123159634e-03 8.202153773191460662e-01 -2.675121199192116994e-01 -2.275936811919510305e-01 5.786560079549616376e-01 -2.557179328185895661e-01 4.229319573124719067e-01
-7.503154106310976068e-02 -4.270885191883802556e-02 4.853451076701398997e-02 4.610782821428151962e-02 -8.232379898175648178e-03 2.227122643679761357e-02 4.083768371506198841e-02 -9.775621778862837036e-03 9.292483956303053058e-03 1.081597651695384299e-01
-1.043087763171588883e-01 2.422115087768766106e-01 -1.534964174791702239e-02 8.139206682946575899e-02 1.823192656457006122e-01 4.288222334921656248e-02 -1.655653283973123335e-01 -1.428394675589878815e-01 -5.429824371888192919e-02 -8.674696775843533658e-02
1.132853870326638000e-02 -7.469499707808492650e-02 1.411312769108106525e-02 -1.762238054787400032e-01 1.026270462011645707e-01 7.999162293095363196e-02 -8.586015450715006603e-02 -2.584229428845859489e-01 -2.809964158482309293e-01 -5.577252228832476622e-01
5.221167569449152168e-01 -1.150541369483797094e-01 -5.298796961731981892e-01 -5.647033879719014493e-01 1.257343666339365007e-01 8.697896583682947214e-02 -5.171580780905019603e-01 -6.726429616914636478e-02 -6.246885000238583396e-01 5.145042940862994962e-01
4.618506385145658144e-01 -6.366557404945022425e-01 3.784672779786809049e-01 5.749940626427193502e-01 6.303275101921267387e-01 -3.049586211371188016e-01 4.014274357574337260e-01 1.702690950807549120e-01 -1.242051231537592317e-02 4.827562462364110019e-01
4.230265413423860421e-01 -4.486191985732960186e-01 -3.885024649132053920e-01 1.684787747785941592e-01 -1.394036833709614287e-01 -4.152990293436655267e-01 5.070922859896078716e-01 4.254287915395621456e-01 -1.281575342925783123e-01 1.127711456045348976e-01
2.120280479704025334e-01 7.908378585171892405e-01 5.093495328054725713e-01 6.022241699732782116e-01 7.223028456147646548e-01 -8.030477894912908532e-01 1.672833351020065751e-01 7.932765224586101338e-01 3.090015464135276169e-01 -8.704612388094559172e-01
2.846750712452565391e-01 -1.174808261067767090e-01 5.373853870618782586e-02 1.361199955615618740e-01 -2.052655123162011874e-01 3.751542367065655581e-01 -3.660787836663594030e-02 2.356777535917248256e-01 1.440139992784321699e-01 3.456177784574432921e-01
4.335479497742164012e-01 -5.443484507600265809e-01 5.576921953198800130e-01 -3.539245451519094643e-01 -1.763720851568732484e-01 -1.587711604654077346e-01 5.540638373662848393e-01 -4.474916819332449558e-01 3.273275221443627259e-01 -2.339904614917801551e-01
6.766387347234890104e-01 -2.550036001543870556e-01 -7.074584532560286299e-01 8.932583712407800025e-01 8.626010642852723065e-02 9.341072077569158028e-01 6.929450204352914922e-01 -2.708447988666320971e-01 -9.290677505436950590e-02 7.890342439403916774e-01
-2.178466670242774350e-01 6.308306908396658745e-03 5.911817759808517259e-02 -5.255029224562348666e-01 -4.299163247935595122e-01 -2.347083587031704166e-01 2.210043959270398262e-01 -4.092434670413103159e-01 -2.982003131539587293e-01 1.443418900656821269e-01
4.428863123947422535e-03 3.635013251076395918e-02 6.393056767736033860e-03 7.797637561813741680e-02 2.134163961584755950e-03 6.319771494413344015e-02 5.055941793836876003e-03 4.018072450485571379e-02 1.064488187731383109e-02 1.695902757258673649e-02
-1.259362879171459504e-01 -6.032210816218964711e-01 2.771115644375952147e-01 3.296285346841408559e-02 4.901348834745168359e-01 -4.555444425350781978e-01 2.452625507319830256e-01 -3.972469966714620160e-01 7.157698688271304510e-01 4.423785792931129168e-01
-4.828231733192379638e-01 6.711093544435483560e-01 -1.040947609252157735e-01 -1.637270056505871207e-01 4.568029858038998303e-01 5.141899742187421296e-01 2.679961382002473136e-01 4.603369318624505047e-01 -4.641062594652652362e-01 -3.977382286227518771e-01
-6.721847863698827974e-02 -4.219440354106856472e-01 5.771295459415488882e-02 -5.617215533739346872e-02 1.615496109802758429e-01 1.722652596578425621e-01 1.149130898238719112e-01 4.142925960716583034e-01 -2.799199449904733461e-01 3.308352211098666285e-01
-6.774863917345501640e-01 3.952660674108364747e-01 4.482060513170984528e-01 7.202363795999752183e-01 1.306994867854527065e-01 5.892241917602539791e-01 -1.913622605336564308e-01 -8.566302744979863160e-02 7.055714477412028396e-01 9.196806983387342815e-02
-1.490972953108618271e-01 6.241158177979362343e-01 -5.615267537677216536e-01 1.915993379146305742e-01 3.064494162647212194e-01 4.238635669884492918e-01 4.001334045769456282e-01 1.155474728612230634e-01 -4.283677005710160440e-02 -1.581027397825948699e-01
1.297834097781894180e-02 -6.254141596205773507e-03 2.052420965233046554e-02 4.741959399410776432e-02 6.431826232876584892e-02 3.215048422430093200e-02 6.871318764685998073e-03 7.208653549120017101e-02 3.389771488407334471e-02 4.057673994993916955e-02
-4.907626941854129621e-01 5.987734346161432963e-01 -4.900412777452632374e-01 -5.573499228465761055e-03 5.722828027058474154e-01 -7.475708670496621355e-01 -7.993071004075033015e-01 2.622838448841067760e-01 -3.389085209025946566e-01 -7.029553094479502606e-01
-2.142950679975776374e-01 -1.662563545182948466e-01 8.155429837994114528e-02 1.390896743397188884e-01 1.433909341124907089e-01 -4.172631980015737430e-01 1.118577522941700958e-01 5.743707531350135120e-01 2.079392517842880428e-01 -8.281626620026395769e-02
-5.440747963479676264e-01 1.972426611311123290e-01 -8.111253118437125043e-01 -3.334947257237934060e-01 -6.753345278199018864e-01 7.856240265879620155e-02 -8.326396419932123871e-01 -5.072635750336775828e-01 7.998053864478968933e-01 6.877443128341552692e-01
4.593737222624222349e-02 3.338416086815923500e-02 7.817226477372701821e-02 -5.929913914707517220e-02 1.590371384473657917e-02 4.539223603751997398e-03 1.955153758764013872e-02 2.070320625413670998e-02 -4.785114652166039088e-03 8.757369471565294716e-03
7.566511336799219833e-02 -2.066435622073252154e-01 2.922576493260596320e-01 4.352061192839146164e-01 -4.842853904245340568e-01 1.837622839207130598e-01 2.277572949349079001e-01 3.661087708046229655e-02 -4.965622937423230243e-01 -5.572311134285433676e-01
2.370937570241420933e-01 -1.243949346245674797e-01 2.404676373799074507e-01 -3.279409305555205240e-02 -2.111324581276461387e-01 -2.414385907058636538e-01 2.254360196325221333e-01 -2.703531814957325641e-01 -1.274057391929340477e-01 3.087137697450053064e-01
6.966051265543291571e-01 -4.804171784316790261e-01 4.768735485775293381e-01 8.245778962627600128e-01 6.134775465287861662e-01 -3.284607499125755115e-02 5.271049867491720553e-01 6.937017329658422549e-01 5.925052974397195804e-01 1.054262177904504855e-01
9.540506527533411385e-02 1.156554739201223064e-01 4.697530502631727112e-01 -1.437867327395604966e-01 1.873902537793937229e-01 -1.971961090094811464e-01 8.867810798497435809e-02 2.658407667260919705e-01 -3.727580176070353080e-01 -3.564292082966949438e-01
-3.569537169716925362e-01 1.337500174085660687e-01 3.852613386473486834e-01 -5.816897230590539758e-01 5.704433988979494830e-01 -1.220730244178744178e-01 7.211885618169833201e-01 -5.608704015181305014e-01 7.489387524891873149e-02 -4.132128991904933379e-02
1.582560609745347902e-01 -2.189854677462939880e-01 -4.182929655900395893e-01 1.453589673892492946e-02 5.141936303838271632e-02 1.359313984688305214e-02 3.820530168796794634e-01 3.901847946884868801e-01 -2.904291602754174167e-02 -4.997050124791010961e-01
3.049248530068847662e-01 -6.148025528318024069e-01 -4.720910179923495931e-01 3.028303930434661853e-02 1.546487906558490777e-01 2.919779194734694605e-01 -2.635280944653991542e-01 2.003173117435453343e-01 -2.659313313210136531e-01 -4.031577148280796052e-01
-3.686675871089382245e-02 3.745018363294578823e-01 3.189023389141040776e-01 1.826050504720514722e-01 -5.544422719413706624e-02 2.230991261454781660e-01 -3.239092826661372215e-01 1.845579172427789516e-01 -4.659109237518016034e-04 -4.173447068785994807e-01
2.504854369150385507e-01 -1.877544931787984428e-01 -1.567046226528313879e-01 4.523324949288515251e-01 3.873279963565367523e-01 4.665006968281918409e-01 6.926396822422666855e-01 -9.362621045050319168e-02 -2.923397115499337673e-01 3.409099722024099277e-01
-5.120362005709897524e-01 -2.158173915786598673e-01 -5.448487545927335057e-02 -8.526153084144505456e-03 2.652659560426128826e-01 -2.437300449748887321e-01 5.553805303742240761e-03 -1.840617789276684790e-01 -2.861673822795488542e-01 2.402123676161730670e-01
-1.751657972628259674e-01 -7.092849901384820632e-02 -2.544070265487795024e-01 2.488253771459427721e-01 1.765764891535427650e-01 3.096322011032781596e-01 -1.125614386055107108e-01 6.384417328606888098e-02 -1.409740824295246898e-03 -4.420364330254659274e-02
2.136131458020513463e-01 2.408017984658267774e-01 1.729580320409762895e-01 -2.154041089519070917e-01 -3.649197351593995720e-01 -2.430664004874951156e-01 2.320789413931519940e-01 -3.162334787367088729e-01 3.525841746642517371e-01 6.523635687257106630e-02
-1.974676171271227382e-05 5.344847597664738048e-01 -4.411008307906178483e-01 4.750151106014983138e-01 6.462493551018426707e-01 1.769290031496178195e-01 3.234300436743940965e-01 2.757768055011668995e-01 -4.689120627149730991e-01 -6.461756218971441701e-01
2.828827909369692750e-01 -3.725121422834022922e-01 -3.957487617692603821e-01 -2.333931472440717858e-01 4.725364192259210450e-01 -5.076764276707666779e-02 2.098726843434924050e-02 5.191795288916475348e-01 2.627352710105205769e-01 -2.451218547523437707e-01
-6.822552500725292957e-02 2.970606457672713141e-01 -2.511350614286250726e-01 1.814112442060870911e-01 -5.122456355499003244e-01 -1.678662969000120353e-01 3.094060031520068366e-01 -2.785225685762277026e-01 6.679707846028350993e-01 4.507555244227816615e-01
-2.047696344478913688e-02 9.719640663026292426e-02 2.217166312608988277e-01 2.100979332590282578e-01 8.309566432721726681e-02 3.678434745809348594e-01 1.714391766837321529e-01 -1.050642415952551117e-01 9.043954183347131803e-02 2.630758160396470813e-01
