6.289048087584926394e-01 -7.944209342746639813e-01 -1.148111896835192353e-01 -6.195570443104140290e-01 3.220094034509471959e-01 -4.556272589941445239e-01 3.518009146274994059e-01 5.923054792190974860e-01 8.045670733282622722e-01 7.076097948792648973e-01
1.493160456005636072e-01 1.205633654184637416e-01 -3.875583265734459104e-01 4.042969259095949841e-01 3.954075879441031338e-01 -1.076020902387434947e-01 -2.522718210054823440e-01 -4.311745178529322597e-01 5.161696568550404596e-01 -2.685154030988924911e-01
2.786019145280889120e-01 4.414868531213541059e-01 -2.016895801394758686e-02 6.560330396715096102e-01 -5.672697240241830752e-01 -2.935917031500965835e-01 5.548688422239627105e-01 2.516139330608909153e-01 6.813846826358630482e-01 -2.657881188404294659e-01
1.616277104140331211e-01 -1.877992093667266160e-01 -4.889888612392952194e-02 -5.307565289437859296e-02 -1.506544788248599387e-01 -1.554587725756431393e-01 2.024327630988572435e-01 -1.675511620858911865e-01 1.459149679523087939e-01 -8.721879622036722568e-02
-3.532088853419788899e-03 4.420555878203235125e-05 6.960928487961207112e-02 -5.757083238408885160e-03 9.101015015083482873e-02 1.061610760675234938e-02 1.682410443624590690e-02 6.451989175294563228e-02 7.807898781768978294e-03 3.051303914949335741e-02
-4.455893602665547126e-01 -7.469456267025414986e-01 -4.071305861357681771e-02 -7.938346079476755746e-01 7.016025604248500303e-01 -6.938051592328255968e-01 5.530930419662065667e-01 7.118871249134066659e-01 6.743802938183547369e-01 2.297375715119970574e-01
-5.679304225638522226e-03 1.603270959460143807e-01 6.067065723296874435e-02 7.278189522126274520e-03 -1.247241088104213656e-02 1.134801197009575706e-02 3.794435606162417651e-02 5.449790414255389036e-03 5.700767974406827782e-02 3.996641946086582770e-03
-5.348481517235124105e-01 6.801705995785326531e-01 8.178860393518645744e-02 6.853243805424874546e-01 2.256571638080274167e-01 -3.245137722414286330e-01 -3.838042292451476212e-01 3.201659899795609165e-01 -6.046332622193277828e-01 5.597002841880461821e-01
-6.999448284100366624e-02 5.908364640048288097e-01 5.497092893784777390e-01 -5.606895228018996535e-01 -2.789489510332999744e-01 3.701078757405462660e-01 -4.179897398186042667e-01 7.204649820005600835e-01 5.172245657489586979e-01 -1.900762612725805101e-01
1.107400286154158926e-02 -2.203688075084635212e-03 -7.460754183206064899e-03 2.188900616567046251e-02 8.792093452309501789e-02 3.754833685106703789e-02 7.482421348444479384e-03 3.713822868511140046e-02 2.790294515353212296e-02 1.753789060422647136e-02
-1.723589697717013702e-02 9.341500389604276422e-02 6.724419373354352525e-02 -7.400591098348228980e-02 2.221535062283982731e-01 9.937074381695953224e-03 -3.061980577945782114e-02 -4.888401622395785635e-03 2.686415226048993049e-02 5.014901688202215435e-02
3.422777171511759975e-01 -3.188891025486068620e-01 5.948853743624347157e-01 1.864128996743403544e-01 -3.493917117099274577e-02 -2.090223479894901537e-01 5.402854592192388727e-01 5.067849392125848285e-01 -4.532803299399555952e-01 4.087157523486948385e-01
-4.222252521053634355e-01 -4.389117735967741629e-02 4.417820335452504188e-01 5.805075160851681515e-01 4.666115036574866037e-01 -4.596795177640117247e-01 2.075701713451050812e-01 -1.355083204152190135e-01 3.160560018885883449e-01 -1.278673072982834391e-01
4.154018115194474947e-01 2.011414459187843562e-01 -4.652150486426654408e-01 6.361404587166904490e-01 1.750557501186350562e-01 5.406657412607220742e-02 7.428983738411302218e-01 -1.603453205901014256e-01 4.119990494549640725e-01 2.871087434587497600e-01
3.105074596706461354e-01 -5.497021062726635821e-01 3.597129311734212909e-01 -2.362322670819206882e-01 2.911007288526193948e-01 -1.804917545854830552e-01 -4.545970195615239851e-01 -1.668784318939820488e-01 -2.011174843513355293e-01 -6.829970200334873898e-01
-3.270219818164922521e-03 1.613262905951467693e-02 5.537465267136909564e-02 2.063192045177438330e-02 1.263474398719870509e-02 4.498409034822041519e-02 7.331421855599363352e-03 2.124670110502272641e-03 1.838388156535277623e-02 2.772065102629472227e-02
-4.120259253368078745e-01 1.010248469281474909e-01 -5.475201856604325901e-01 -4.700367592764453373e-01 -1.255357344421408408e-02 2.016927221929886160e-01 -4.110957813683557144e-02 3.630220623584211603e-01 9.791182558838230909e-02 2.458069274594704146e-01
8.297675979291061488e-01 -5.337673524142813042e-01 -7.693721757422219421e-01 4.700893472448047783e-01 5.959690468887467452e-01 3.149312029428201765e-01 1.115673493867998245e-01 6.657052871928205162e-01 8.042208318978862902e-01 -4.411909926507240343e-01
1.426510815945036554e-03 4.171828352120755812e-02 -5.889550517306156863e-01 -4.767242450520133845e-01 -5.779275058354398364e-01 2.851536138893966954e-01 -3.638345323233514450e-01 6.697630432642586173e-01 6.705143885767407552e-02 1.281538556010758043e-02
-4.411812313270177532e-02 2.454224068112313417e-01 -1.349150657046626900e-01 6.144730568268032267e-02 1.892902477676241535e-01 -8.790428708009244418e-02 -2.048797489105023406e-01 1.426608357685285322e-01 1.472526464466417939e-01 4.183002788521288096e-02
-9.781274353235103886e-04 -5.413792092387063881e-02 -2.390116456361539576e-01 3.670955862571018691e-01 -4.108880509066458186e-01 -2.541826785902492891e-02 1.794578555682197762e-01 1.891564168046990235e-01 -3.096563647394590668e-01 1.779135685289497115e-01
2.769606834127163464e-01 -9.275606017014476068e-02 -2.303365537812499808e-01 4.032720244128234488e-01 2.665766733813735301e-01 1.647454152377686720e-01 2.102292854022803081e-01 -8.889554563270476994e-02 -1.260340898202578497e-01 -2.131780352458963468e-01
5.906194551651280933e-02 4.210489834458479574e-01 -2.077689036553203028e-01 1.731828400392496359e-01 2.566884349569503176e-01 1.315746791447867103e-01 1.027468503923138904e-01 -5.755094133057440248e-02 2.465905164409414319e-01 -7.064869802599754722e-02
5.222869455994262333e-01 1.115486133357525139e-01 8.166458434601626681e-01 -8.842798272725473918e-01 -3.956408515404586934e-01 8.721937001042065485e-02 7.580184164146138714e-01 -7.725543577369563542e-01 -2.095827263549464026e-01 -8.076449172550963507e-01
-6.269122956697464888e-01 1.827253024178561169e-01 1.279610280205234832e-02 -6.591679501067979063e-02 3.363425170375540230e-01 -1.345005196752463439e-01 -6.825037618354681257e-01 4.620828801768655514e-01 -6.516443078455913529e-01 -5.987551931076082745e-01
1.120320180336763227e-02 -3.719285299705711589e-02 -1.620111704887798251e-02 2.463699714886745107e-01 -4.867183879033067373e-01 4.192694331461899737e-01 -2.054866933122887207e-01 -2.445931173415142115e-02 2.186720224140684121e-01 -1.160952895541780550e-01
1.708812999315741654e-01 -6.254913650040829776e-01 -8.090161669171164194e-01 -8.174011837276688730e-02 -3.101099162830386891e-01 -7.991386953295366302e-01 -6.673033912779280374e-01 -7.253873629093251507e-01 8.638837282445891441e-01 -5.172907205034189548e-01
3.683172813056204142e-01 4.732482825739116050e-01 -4.054388978899026857e-02 -2.682657333581685011e-01 4.396538568051372997e-01 -2.776224397060944593e-01 5.129616855997066738e-01 3.514782212062132483e-01 1.545218126210677889e-01 1.384831918405868556e-01
-3.187815080088473585e-01 2.902419548232105240e-01 -3.569512439161922485e-02 3.127374701895355158e-02 -6.898110516482844901e-01 -2.380596310718468001e-01 3.299716153457249446e-01 -6.525086895817184818e-01 3.854033082267255828e-01 6.390138966568505640e-04
-1.721808364553408521e-01 4.759752711373554934e-01 6.129059395769208551e-01 -7.027358819566183190e-02 -2.164050351034481068e-01 -5.389960665985911170e-01 -2.586986666465976858e-01 -4.095723097428536907e-01 5.186475047394658588e-01 3.593783396281510223e-01
-3.799361311312505207e-01 -5.405375179283583575e-01 8.694162703316823393e-01 6.499950629334740881e-01 5.102319711793527057e-01 -1.409139001078151821e-01 -6.758341692722280580e-01 -8.332533572654975129e-02 -5.776703731684670329e-01 -6.630139055635672074e-01
-6.655980263698185739e-02 -1.095006642290549809e-01 -6.912420391564954025e-01 3.336734812544738804e-01 -3.807510314480706537e-01 -5.802048396210455206e-01 7.976972309846932507e-01 -1.518749759311624759e-01 -1.316932676995015150e-01 3.541643647247533222e-01
-1.487995139084362095e-01 6.066528412752331123e-01 -4.887002269098931762e-01 -6.683728484715988349e-01 2.549736186196339682e-01 1.320245232224915855e-01 -4.297030492293094778e-02 2.544445172824683077e-01 3.151001048691432493e-01 2.485542637853712655e-01
3.096572734146630923e-01 6.347337130336802025e-01 -2.220992222300348096e-01 3.532190680001444649e-01 -6.144586039576657166e-01 -5.790127244268099549e-01 1.084942449615061560e-01 1.928883486056807706e-01 -1.166137901381793934e-01 -4.407883598826219940e-01
-3.418246816600245541e-02 3.170972348252359407e-01 3.513188330942101922e-01 3.133342972985848074e-01 5.175950278003799143e-01 -2.786359802104910743e-01 -3.702788507722472588e-01 -5.316489325713259079e-02 -5.642341034634834607e-01 -6.177134260537408411e-02
-3.525216187161902548e-01 5.895759454946347677e-01 2.753058319154836897e-01 4.293447316364047972e-01 4.016904282968463691e-01 -4.512472400513375392e-01 3.564717665237673860e-01 -2.619938779837254761e-01 7.176734484788286350e-01 -4.216196725553100211e-01
9.683975994107327234e-02 3.091722863514631547e-02 3.407442642243292685e-02 2.378816120523951673e-03 -5.531557664353707778e-03 -2.651783287582741913e-03 4.524007661885950590e-03 1.526701163074231371e-01 -7.869974760944791620e-03 5.840113710720673361e-03
1.549866262921009430e-01 -2.460033972011788084e-02 -5.138307268509375702e-04 -1.853750695072239607e-01 -2.573240146836643372e-01 -8.377513913277123692e-03 -6.355729048119203306e-02 1.140732732948385869e-01 -1.195763640489775903e-01 -3.021007401703968975e-01
3.829547313345226245e-01 -5.491064714885486309e-01 -2.858564110049580109e-01 -7.032327860830324129e-01 -6.883763704744931544e-02 -6.954206518698752282e-01 -2.029675874619367715e-01 -6.339027667743382111e-01 -2.109314539715513928e-02 3.111170439657607312e-01
2.793355626432600727e-02 -8.696545408740835592e-02 1.671719048387449108e-03 -1.134224922673571397e-02 1.670294009996796669e-01 9.726840204811555354e-03 7.253959535695936323e-02 7.274957451687757981e-02 -2.405079904204034114e-02 7.239065543208983433e-02
1.115997843407139922e-01 2.503297939113769410e-01 -3.590280548241987085e-02 1.100914841666067456e-01 -4.308723472947108973e-02 1.721764400915233029e-01 -2.896347895626683044e-01 1.844517009121867390e-01 -3.243184644524025814e-03 7.222374517343500833e-02
-3.847805149595635021e-01 -4.033468517275148879e-02 5.799590445664354332e-01 -5.053180751174443652e-02 -2.531753001299038575e-01 7.123493271633890567e-01 -3.189285144342005607e-01 -5.184713785729557767e-01 -4.080414068261382643e-01 5.431046746230873135e-01
5.803883837922712008e-01 -7.597581026262169301e-02 -2.596685787387861821e-01 6.618785597504396323e-01 -2.619555231974667886e-01 2.617166842765165577e-02 -7.756293472146312817e-01 1.503497549107533082e-01 -5.355065086136716612e-01 7.418875199266743437e-01
2.509622689748781110e-01 1.727284371868858526e-01 8.815033211340096361e-03 1.164229644386727963e-01 -7.355481628962813601e-02 6.213095565595806030e-02 4.363947902327783984e-02 5.452937243873863526e-02 1.182775141693185178e-01 1.414790923025144032e-01
-5.197755899333263985e-01 -8.463714776873855206e-01 1.547496399534427358e-01 6.035672820052780940e-01 -2.752484926088579753e-01 5.896987029830610405e-01 -8.403612148332614273e-01 -6.959657276609190757e-02 -6.876901940894826204e-01 6.391971179348640009e-01
-5.294656293459695795e-03 1.752636234367212220e-02 3.795285902304037368e-02 -2.503025067415888538e-02 5.910190101787064949e-03 2.010777231181485117e-02 -6.644897851605355288e-02 4.676598945425062409e-02 -6.524724890205926831e-02 -4.631561254282560991e-02
2.006315299547849207e-01 -2.360257028493255860e-01 -4.385967490967521143e-01 -2.976722246226876090e-01 4.327051388458214021e-01 3.656915395980967487e-01 -2.068355313157053399e-01 -5.363494663395872442e-01 -5.187034912747972015e-01 4.934270934882647452e-01
2.805029779180733263e-01 -5.128080934350918163e-01 -2.094567144169528702e-02 -3.415552434483299371e-01 9.731991475060049190e-02 -2.950948369710733044e-01 -4.047139413642718009e-01 -6.444864532096400422e-02 9.917055946280685028e-03 1.795387747261521505e-01
-1.137889590915519000e-01 -2.910366311087936309e-01 -7.886710155204254558e-02 7.188870803481267613e-02 1.682796699284822561e-01 2.195539440385677610e-01 2.401984649635986735e-01 1.996639374043486514e-01 1.254112329595258590e-01 7.066948742765137570e-02
-8.561330602502262854e-01 4.484950220759766348e-01 8.852269468339103720e-02 7.393499093361587393e-01 -2.689002607774278464e-01 -3.178928846621988380e-01 -1.515192022159714269e-01 7.621170893956648040e-01 -5.123976062147785060e-02 1.402182993803307576e-01
-2.434780778790519573e-01 8.401122554865352032e-02 5.654466993010573983e-01 -4.030189701592106211e-01 1.994346759549916470e-01 8.066047740534015853e-01 1.951533135550752307e-01 -7.684061297039623643e-03 3.367345879311333667e-01 -4.147929489278349147e-01
-6.341197103329289375e-03 1.323161976647164451e-01 -5.510321899137622659e-02 -1.308993378599621338e-01 1.573282111574530739e-01 -1.782124330952686853e-01 3.684943143366282980e-02 2.723790973267476573e-02 -4.818998183144007456e-03 -1.303032550465192396e-01
7.355217432477888229e-02 -1.839017329028675698e-03 1.736319059555542499e-01 -1.766672135852658324e-02 -3.442066471269610711e-02 -4.544390452641986627e-02 -1.383834725697965368e-02 2.694505498556877890e-02 -1.300427596405672459e-01 3.412845584621952699e-02
-2.857699252540871204e-01 7.661565697322998414e-01 9.160037596719448061e-01 -6.210585656822763534e-01 -1.043056668289908256e-01 -2.567187889144998403e-01 -3.155613588836320149e-01 -2.244461527708812021e-01 6.818385780004241337e-01 -4.029286042142373181e-01
-3.390402922050266832e-01 -4.367538236243656002e-01 -4.449358046135811207e-01 2.746821137432166604e-01 -2.322719790293464037e-01 7.263968325863956466e-01 -2.092279644741836808e-01 -5.143723400829881554e-01 7.525889544250365104e-02 4.391473627887611531e-01
-5.075838424393113169e-01 4.419522536472402785e-01 5.394101773289294854e-01 -3.209921983050663674e-01 -1.560538542649656246e-01 3.177877876262618639e-01 -3.198787909743762148e-01 2.312384107221411578e-01 -5.809666782081523984e-01 -7.120543134931459628e-01
-2.348073067363351529e-01 -4.530776046243299437e-01 -6.249464918917291278e-01 -3.900572218807387137e-01 3.796907822549419609e-01 -5.365886424400436727e-01 4.778908975354154848e-02 -3.171695053322945990e-01 -3.666566944556645113e-01 1.472448720746188100e-01
7.279017469626297698e-02 -4.138241468648675564e-02 -2.419570038975814852e-01 1.725784007919357321e-01 2.762272843193164587e-02 -9.177028345050371183e-02 6.481371640457217476e-02 -1.559648630495287774e-03 9.769542143731080319e-02 -2.237067016949998155e-01
-2.607187245455802604e-01 1.645765889094620293e-01 1.963789801927198486e-01 -1.473877462847386632e-01 -5.763779883303481455e-01 5.649110778132026001e-01 -1.281370095620912308e-01 4.409750973578075994e-01 -1.776535711268636686e-01 -5.498941574644001795e-01
7.598468294723317862e-02 3.873066829602035688e-02 9.642364999874789358e-03 7.520767153611954137e-02 1.067065262101777184e-01 8.204984192275745908e-03 2.460226942005535461e-02 5.385629273474421344e-03 -1.515883431056872996e-02 8.779307464858707166e-03
-5.660672176297399938e-01 -2.821159145217411734e-01 -4.569458901626229919e-01 6.320978568266958364e-01 -4.825792759276363864e-01 6.938280646191399281e-01 -3.441171842208861076e-01 -4.601027997709186135e-01 4.823732477412646102e-01 5.605338195243804167e-01
-5.398052928280762108e-01 -7.967172992053134228e-02 3.621658267984585455e-01 -3.982369765123159634e-03 8.202153773191460662e-01 -2.675121199192116994e-01 -2.275936811919510305e-01 5.786560079549616376e-01 -2.557179328185895661e-01 4.229319573124719067e-01
-7.342969781207384083e-02 -4.193779256074612466e-02 4.786962627567950546e-02 4.613052547702649331e-02 -7.586384501823428134e-03 2.358474691969607295e-02 3.987287298863716190e-02 -1.023281848513414236e-02 8.892543883855606041e-03 1.087080940331678625e-01
-1.043764973297781617e-01 2.430789611392772664e-01 -1.617691258988193312e-02 8.125625678999402746e-02 1.817288302678221890e-01 4.350046843580133993e-02 -1.657014607837015985e-01 -1.429941937266901719e-01 -5.360953718628251596e-02 -8.751579948365058315e-02
1.139842478834072158e-02 -7.427910364520511066e-02 1.439608275560696170e-02 -1.761128382193839770e-01 1.025005746429704934e-01 8.064924937456495468e-02 -8.632439340528133553e-02 -2.579078514998919824e-01 -2.813012902789668312e-01 -5.569388362528641112e-01
5.218427371414239291e-01 -1.142580416840060648e-01 -5.297718971396880860e-01 -5.644641110136889850e-01 1.255253859783563575e-01 8.702474066097876104e-02 -5.168082791785405528e-01 -6.730323657983901253e-02 -6.243752506903614830e-01 5.142626253708174611e-01
4.617631991005100578e-01 -6.365919169130964672e-01 3.784500921580691846e-01 5.748719436344444933e-01 6.301990516609327075e-01 -3.049803710501063359e-01 4.013562234187384448e-01 1.704472232992044478e-01 -1.246217880480098884e-02 4.826457150447487909e-01
4.228340941074076875e-01 -4.484432657361968055e-01 -3.879131438842802759e-01 1.682579480209955569e-01 -1.393646460462461822e-01 -4.152249569562573850e-01 5.068016173889110521e-01 4.251696332517480026e-01 -1.281385679796738786e-01 1.126063347725291125e-01
2.120280479704025334e-01 7.908378585171892405e-01 5.093495328054725713e-01 6.022241699732782116e-01 7.223028456147646548e-01 -8.030477894912908532e-01 1.672833351020065751e-01 7.932765224586101338e-01 3.090015464135276169e-01 -8.704612388094559172e-01
2.844027952515876256e-01 -1.173676992233950028e-01 5.368539777893983900e-02 1.360137417499449053e-01 -2.050719526257392678e-01 3.747924088448482682e-01 -3.623669805812024941e-02 2.354499142089501174e-01 1.438791068103053017e-01 3.458920030605892038e-01
4.331940703900213907e-01 -5.443323086451772319e-01 5.573598029145118149e-01 -3.537209983911957512e-01 -1.761467334184287081e-01 -1.583832295972408266e-01 5.538815014955822402e-01 -4.471827730040046078e-01 3.274370792632765870e-01 -2.341209154482803423e-01
6.766387347234890104e-01 -2.550036001543870556e-01 -7.074584532560286299e-01 8.932583712407800025e-01 8.626010642852723065e-02 9.341072077569158028e-01 6.929450204352914922e-01 -2.708447988666320971e-01 -9.290677505436950590e-02 7.890342439403916774e-01
-2.177539963039966109e-01 6.336121029560251063e-03 5.935627516681234173e-02 -5.251653701142454667e-01 -4.296606573069590151e-01 -2.347156272541282840e-01 2.208338769473662810e-01 -4.091825540988490162e-01 -2.981113032367156412e-01 1.441302044687529649e-01
3.640169217414968364e-03 3.988678047840448632e-02 8.074508887465348811e-03 7.720580152131417684e-02 3.735528686990090361e-03 6.840130806076134828e-02 3.095716842744559560e-03 3.476719836546543485e-02 1.199765057226580972e-02 1.689275930119251909e-02
-1.257485294763566741e-01 -6.033559746300898308e-01 2.770996488735767982e-01 3.288298663742596217e-02 4.900201584243903952e-01 -4.554095094098416507e-01 2.454813365494157018e-01 -3.972799693622479644e-01 7.155573447321508240e-01 4.421575210611456419e-01
-4.828237004090887852e-01 6.711105713257471406e-01 -1.040944949679707826e-01 -1.637259755526616900e-01 4.567980128744972834e-01 5.141905766575126657e-01 2.680055735534358496e-01 4.603349186125818560e-01 -4.641055302429208940e-01 -3.977391833986232417e-01
-6.687998382243726114e-02 -4.217938932099884464e-01 5.744830131314872246e-02 -5.652375531541804776e-02 1.608391180914257035e-01 1.724558209085001181e-01 1.149345332149652038e-01 4.137615152857158640e-01 -2.794189181704486158e-01 3.301905740360018271e-01
-6.774863917345501640e-01 3.952660674108364747e-01 4.482060513170984528e-01 7.202363795999752183e-01 1.306994867854527065e-01 5.892241917602539791e-01 -1.913622605336564308e-01 -8.566302744979863160e-02 7.055714477412028396e-01 9.196806983387342815e-02
-1.490901442764792084e-01 6.240856062219255485e-01 -5.615207829873913870e-01 1.915834081835579017e-01 3.064263779253261766e-01 4.240318988512932208e-01 4.001148897244851677e-01 1.155393757662469961e-01 -4.284181720033258117e-02 -1.581066794738094916e-01
1.358592032881762376e-02 -5.646328462618035830e-03 2.102809233053941004e-02 4.637112564106703888e-02 6.549767893009625364e-02 3.142540782092931306e-02 5.851414779532559257e-03 7.383027599315500344e-02 3.449920233888414262e-02 3.832584485577354705e-02
-4.907617087852979565e-01 5.988034817870427906e-01 -4.900441185068954431e-01 -5.576177724874994100e-03 5.722879595296600508e-01 -7.475738472426844972e-01 -7.993074853926974699e-01 2.622844776408262413e-01 -3.389082927872850703e-01 -7.029574023888808254e-01
-2.140855625424323283e-01 -1.657101241901220157e-01 8.148878280395545348e-02 1.390546724006652968e-01 1.432120571985535384e-01 -4.169784178062661550e-01 1.117840914699995691e-01 5.743378092719293448e-01 2.077188754572396046e-01 -8.280209781195854712e-02
-5.440780343444416856e-01 1.972079558307455460e-01 -8.110936248010238714e-01 -3.335093949181789363e-01 -6.753228919379088424e-01 7.857482178341765322e-02 -8.326375093452863529e-01 -5.072441278895140071e-01 7.998080881123386110e-01 6.877100508972062709e-01
4.598803960393111484e-02 3.387203825083979353e-02 7.903744380645257028e-02 -5.904674513797456697e-02 1.564370026145332077e-02 4.889201205758962956e-03 2.059973257726300730e-02 2.144380267712637372e-02 -4.840519278552351916e-03 8.856896979581800611e-03
7.565761205089965857e-02 -2.066344808143301126e-01 2.922470383689721452e-01 4.353331169575966886e-01 -4.842921144725517157e-01 1.837414653731247738e-01 2.277458323389646988e-01 3.659571215055609783e-02 -4.965526864534364759e-01 -5.572190398899201647e-01
2.339232093585933148e-01 -1.242503109283638607e-01 2.374896001956178504e-01 -3.097043579877577918e-02 -2.091134413095911415e-01 -2.379629621064224543e-01 2.238023992663148720e-01 -2.675855422146308782e-01 -1.264241729216839805e-01 3.075449803051116260e-01
6.966051265543291571e-01 -4.804171784316790261e-01 4.768735485775293381e-01 8.245778962627600128e-01 6.134775465287861662e-01 -3.284607499125755115e-02 5.271049867491720553e-01 6.937017329658422549e-01 5.925052974397195804e-01 1.054262177904504855e-01
9.539215531060439568e-02 1.156608580884666559e-01 4.700419022755090714e-01 -1.437520654041176682e-01 1.873508451312464740e-01 -1.971296332372987070e-01 8.862834474558950459e-02 2.658246406911273230e-01 -3.727086683764214148e-01 -3.563108501170703657e-01
-3.569465404465312353e-01 1.337473283754516407e-01 3.852535929997786823e-01 -5.816780282349489628e-01 5.704319301802680542e-01 -1.219703081981758502e-01 7.211740623801828898e-01 -5.608591252647751046e-01 7.489236951370827067e-02 -4.132045915790943935e-02
1.580664388894815753e-01 -2.185417018726085181e-01 -4.173116316127377656e-01 1.420747947014629545e-02 5.113715130095890932e-02 1.454090432927951718e-02 3.813210054927432258e-01 3.893018429730399355e-01 -2.886273742684490259e-02 -4.989577876032428860e-01
3.049248530068847662e-01 -6.148025528318024069e-01 -4.720910179923495931e-01 3.028303930434661853e-02 1.546487906558490777e-01 2.919779194734694605e-01 -2.635280944653991542e-01 2.003173117435453343e-01 -2.659313313210136531e-01 -4.031577148280796052e-01
-3.685293641425512606e-02 3.746695451035850777e-01 3.187833729984552722e-01 1.825371875687034073e-01 -5.512840948220767284e-02 2.230152133489723409e-01 -3.237926593218943272e-01 1.844910575805608910e-01 -4.675404338162866716e-04 -4.171963067497599931e-01
2.504854369150385507e-01 -1.877544931787984428e-01 -1.567046226528313879e-01 4.523324949288515251e-01 3.873279963565367523e-01 4.665006968281918409e-01 6.926396822422666855e-01 -9.362621045050319168e-02 -2.923397115499337673e-01 3.409099722024099277e-01
-5.117317723751744207e-01 -2.160433170568105965e-01 -5.449944190573355329e-02 -8.570396795582075136e-03 2.650856929070016244e-01 -2.435190065950745275e-01 5.793415962420101623e-03 -1.841220078828200435e-01 -2.864964015842967893e-01 2.398605759632619350e-01
-1.751658043008186838e-01 -7.092838721436468818e-02 -2.544070697547387572e-01 2.488247302948858597e-01 1.765944132313455317e-01 3.096316651393304920e-01 -1.125614270326119049e-01 6.384340488556380921e-02 -1.410077173779471964e-03 -4.420401647660503891e-02
2.133831640966425136e-01 2.407489165346757831e-01 1.728785338376708225e-01 -2.154991510944670730e-01 -3.649640054764522468e-01 -2.429901888023022760e-01 2.323364133624748196e-01 -3.157951891420072710e-01 3.523540831669463302e-01 6.502856795956167557e-02
-1.974676171271227382e-05 5.344847597664738048e-01 -4.411008307906178483e-01 4.750151106014983138e-01 6.462493551018426707e-01 1.769290031496178195e-01 3.234300436743940965e-01 2.757768055011668995e-01 -4.689120627149730991e-01 -6.461756218971441701e-01
2.828827909369692750e-01 -3.725121422834022922e-01 -3.957487617692603821e-01 -2.333931472440717858e-01 4.725364192259210450e-01 -5.076764276707666779e-02 2.098726843434924050e-02 5.191795288916475348e-01 2.627352710105205769e-01 -2.451218547523437707e-01
-6.822552500725292957e-02 2.970606457672713141e-01 -2.511350614286250726e-01 1.814112442060870911e-01 -5.122456355499003244e-01 -1.678662969000120353e-01 3.094060031520068366e-01 -2.785225685762277026e-01 6.679707846028350993e-01 4.507555244227816615e-01
-2.041751520742630596e-02 9.727703904430166915e-02 2.217040727157332802e-01 2.099688040217869145e-01 8.298322632515726938e-02 3.678703345607193254e-01 1.715807576932385226e-01 -1.051031506893148476e-01 9.051864041118463933e-02 2.628482083059398566e-01
