6.280841682187547903e-01 -7.903732393668769785e-01 -1.143442559695531796e-01 -6.186177733573633430e-01 3.208686326982276293e-01 -4.558926962663729654e-01 3.529993001278126097e-01 5.918321913814074131e-01 8.055418789129870083e-01 7.069009107007672155e-01
1.488857978219475242e-01 1.206545302358761063e-01 -3.853788230644413781e-01 4.049989149591531334e-01 3.947564202691043467e-01 -1.068256902229929861e-01 -2.524406805125318232e-01 -4.293643069756974961e-01 5.158349184365416118e-01 -2.689358785825828879e-01
2.778218194216832693e-01 4.412666495938323830e-01 -2.005876557664816595e-02 6.552714500951853926e-01 -5.665942772295228247e-01 -2.937993532679381570e-01 5.537832977423514658e-01 2.539405221031231785e-01 6.822006604632244731e-01 -2.664915093045219785e-01
1.860343832065156910e-01 -1.395504308841857277e-01 -1.792047966518819577e-02 -2.606947131484195143e-02 -1.156851412781487592e-01 -7.529747115993308537e-02 1.355827511663071361e-01 -1.092748961540899594e-01 9.817492833187717316e-02 -5.991480497741197980e-02
-6.716776773587467345e-03 -2.143886800619194434e-03 8.921500212350221004e-02 -6.002427291470028084e-03 7.338362327424148568e-02 2.949406905621972108e-02 1.029732052428186662e-02 5.329114159225403768e-02 1.444732796223448766e-02 4.081496946484732685e-02
-4.455950320273929233e-01 -7.467007578922756350e-01 -4.072318619614944540e-02 -7.939424743894495373e-01 7.014844717989557887e-01 -6.939242161929062291e-01 5.530544530716869911e-01 7.123692116505498939e-01 6.743053496175567263e-01 2.296965383765325885e-01
-4.682454975667505077e-03 1.626849273832915999e-01 1.041359534313092555e-01 1.680494854628879556e-02 -1.381748619108360415e-02 5.285691906699961987e-03 3.482591298369069888e-02 1.676438893308413586e-02 8.125011166772964921e-02 7.340164851713010599e-03
-5.348070400631388388e-01 6.800701498805254985e-01 8.292556021069361072e-02 6.851897974751428588e-01 2.255245865501231128e-01 -3.245036450879203449e-01 -3.837653184083373858e-01 3.200895678378998244e-01 -6.045727063847736726e-01 5.596097211718107367e-01
-6.979753740827250585e-02 5.906082782232712214e-01 5.492249759186724756e-01 -5.613312801633900673e-01 -2.798801900655930042e-01 3.674957733597274401e-01 -4.130516986261171808e-01 7.202818387359556374e-01 5.176255880839124579e-01 -1.896365982042267362e-01
6.080255700969078476e-03 -1.564856047532952286e-03 -1.047837224145621061e-02 3.321475411342384582e-02 1.138413160122794809e-01 6.728747417192836033e-02 1.550553181249094380e-02 4.345221223383491371e-02 4.102255866188146693e-02 7.544167999287621461e-03
-1.396768461391281356e-03 1.232032000703486979e-01 4.353472911921980881e-02 -3.319567337340508656e-02 1.863071318826739764e-01 3.027524433493374370e-02 -2.183374449435082632e-02 1.258808658357893004e-02 2.612847215953973193e-02 3.884209163134497156e-02
3.422647236881905530e-01 -3.188769969584886455e-01 5.955206613059349507e-01 1.864058231134350929e-01 -3.493784481872205805e-02 -2.090144131342376033e-01 5.402649490347767314e-01 5.067657007666702684e-01 -4.532631226229320576e-01 4.087002367812665460e-01
-4.213392684093162921e-01 -4.421932398630152444e-02 4.404719753072334210e-01 5.789524144179076792e-01 4.677524868362764598e-01 -4.544105045505936746e-01 2.075154554379590177e-01 -1.357825049135596984e-01 3.156905941860829734e-01 -1.272789431696518536e-01
4.146546625039669864e-01 2.025817582048981824e-01 -4.651338814432107172e-01 6.348629832687510133e-01 1.741975874270633440e-01 5.279101704488581986e-02 7.445333282598455282e-01 -1.599022820331858219e-01 4.120484564532963523e-01 2.896633106760682086e-01
3.110022589889188671e-01 -5.498817101117791095e-01 3.644866543198702624e-01 -2.359929050836908349e-01 2.924849798242984966e-01 -1.800495565601183401e-01 -4.541823167657747518e-01 -1.671710375643202795e-01 -2.016521464593518109e-01 -6.815532492525879782e-01
-4.920392084717027659e-03 1.265590694860624192e-02 6.288252860114230958e-02 2.428603416087802766e-02 2.240288372409844977e-02 5.423872700435580785e-02 7.422653122167722529e-03 2.046787354091076771e-03 1.738837352371325889e-02 4.702914301223851123e-02
-3.750517514189724011e-01 9.317718884654971334e-02 -5.166870877588325417e-01 -4.399969709918942762e-01 -1.496510347235466276e-02 1.837984498076071505e-01 -4.646600398617020677e-02 3.499505986061283158e-01 8.918789370007818018e-02 2.422415368719000872e-01
8.297674728723667403e-01 -5.337672719686180622e-01 -7.693720597878558332e-01 4.700892763962429277e-01 5.960073336764813989e-01 3.149311554786031753e-01 1.115673325721532327e-01 6.657051868623989899e-01 8.042207106913757952e-01 -4.411909261575191477e-01
1.313387526239386980e-03 4.144166020345039364e-02 -5.875309825415130360e-01 -4.763401607922510550e-01 -5.774725927192764230e-01 2.848161940498298295e-01 -3.635252924153899445e-01 6.726475067648203243e-01 6.688426933842317457e-02 1.283277802987046502e-02
-2.936661029872659687e-02 2.151270741698240174e-01 -1.249148981611612058e-01 6.117620441125719982e-02 1.896544312037804214e-01 -8.291395946736246358e-02 -1.734400633787972767e-01 1.114788474592641326e-01 1.266640516153232365e-01 6.533565662226448190e-02
-7.744059019336278424e-03 -5.489280147941872495e-02 -2.289400934980740654e-01 3.522195585944297713e-01 -3.944567177110621103e-01 -2.667431501754174289e-02 1.665631075706112407e-01 2.129144886441338702e-01 -2.934962940963743994e-01 1.607763916147600114e-01
2.700253887768870875e-01 -9.008758830085071556e-02 -1.969417522143942778e-01 3.946549274431851995e-01 2.577659791926358857e-01 1.605853671691422901e-01 2.014526590840741149e-01 -9.049527795014918052e-02 -1.224610778575910552e-01 -2.122392710566961271e-01
5.446771661544268922e-02 3.976193306958092921e-01 -1.744464426000479629e-01 1.635208117017979412e-01 2.424299385815977537e-01 1.239665854651277044e-01 9.725828398352026616e-02 -3.114563853911580388e-02 2.334177400735221730e-01 -6.710929944576103645e-02
5.222524312009696468e-01 1.115918031335837307e-01 8.166423547904028135e-01 -8.842735630619130704e-01 -3.957004094467456157e-01 8.720101975750137180e-02 7.579925541448927495e-01 -7.725803561194887203e-01 -2.090601856944392378e-01 -8.073520395985962494e-01
-6.267225587614457805e-01 1.823719558061602242e-01 1.328054329820722163e-02 -6.647379845973977464e-02 3.358613305158104634e-01 -1.312743877318648111e-01 -6.816160982564002380e-01 4.604611300843158839e-01 -6.511316873318570009e-01 -5.961074451458292511e-01
1.070039139145462573e-02 -1.763811723591850178e-02 -1.665087860366198241e-02 2.402841389491506274e-01 -4.790466508915385835e-01 4.076476672986772964e-01 -2.013719349922420965e-01 -2.462685800056232943e-02 2.132204098397322278e-01 -1.153404065058046823e-01
1.707652842258489678e-01 -6.254379425783039848e-01 -8.070400472398625569e-01 -8.184938184193540911e-02 -3.100915109597484620e-01 -7.992057288919559577e-01 -6.671388605146155726e-01 -7.252796860177750382e-01 8.635416731625316089e-01 -5.174186624953013292e-01
3.677472430225335875e-01 4.725407592302844906e-01 -4.058128710955866136e-02 -2.680035266800425697e-01 4.402884869268420820e-01 -2.730449405754057923e-01 5.120736812098386492e-01 3.508247628717434119e-01 1.541441660382522061e-01 1.383276233896722218e-01
-3.188215882256352773e-01 2.926600459549276723e-01 -3.615749949202010788e-02 3.169518268998594568e-02 -6.890754387202598918e-01 -2.333486646143258791e-01 3.331511302102600491e-01 -6.512579113799218389e-01 3.843652274892650489e-01 -7.304941018910888714e-05
-1.696278590371501638e-01 4.721509294591563211e-01 6.103799317266087598e-01 -7.450907336044854112e-02 -2.015188001075028101e-01 -5.377226231493608122e-01 -2.575897973420946951e-01 -4.010581116043123728e-01 5.152938512560467643e-01 3.531342832118642971e-01
-3.802500497128986634e-01 -5.360773993071992205e-01 8.693520619058539012e-01 6.504792938235617328e-01 5.089925041425131802e-01 -1.410525871665261610e-01 -6.745415902934118746e-01 -8.367017774111018547e-02 -5.760226307489755282e-01 -6.630785705964743482e-01
-6.689274767395798904e-02 -1.096936072201268597e-01 -6.901482733735565533e-01 3.332351012341766561e-01 -3.807809513810975210e-01 -5.748347984931755361e-01 7.953451241213649325e-01 -1.531266387500930248e-01 -1.317432486494658217e-01 3.564479903579856335e-01
-1.494167459382400309e-01 6.054992687678826258e-01 -4.883473674925355446e-01 -6.681977315629350489e-01 2.551930998308718501e-01 1.322507111354012665e-01 -4.435589251337776484e-02 2.606884653962107667e-01 3.157915767030025633e-01 2.461724566028495320e-01
3.088318517436162702e-01 6.332415618349520603e-01 -2.220424942330130047e-01 3.519352818222056811e-01 -6.073708898951538648e-01 -5.775561805554185746e-01 1.102151007858179904e-01 1.915950804653626660e-01 -1.171869013747104810e-01 -4.397823546582614318e-01
-3.442497383169878383e-02 3.201863071283449491e-01 3.504037456016400043e-01 3.130407210234300575e-01 5.172421903744284233e-01 -2.777679690044304595e-01 -3.696053391346590944e-01 -5.278280373615533427e-02 -5.640675840746650627e-01 -6.218188122683347002e-02
-3.544227170153340656e-01 5.871942038674116127e-01 2.765538408074691423e-01 4.281157246116131798e-01 3.975739300451371916e-01 -4.543929690203141747e-01 3.547959527572436822e-01 -2.550571973071289467e-01 7.147520949825422187e-01 -4.211539618404091523e-01
9.995815973403589239e-02 5.494753346931367799e-02 2.701667578213495791e-02 1.178648736805513325e-02 -7.584964327298112687e-03 -1.847549032536447561e-02 -2.152690600000997743e-03 2.263367502605092840e-01 -1.295828712224001908e-02 -2.816394831819169810e-03
1.073425592205856510e-01 -3.276096367575946633e-02 -8.474620429227459548e-03 -1.370367127405454633e-01 -1.627842642964686393e-01 -1.162772292946512298e-02 -3.835397593040874853e-02 5.949314055784188371e-02 -9.998727017467277933e-02 -2.351843088107336832e-01
3.822805132341123291e-01 -5.486618055759662216e-01 -2.848322152522289041e-01 -7.029264604618625789e-01 -6.899969749577596068e-02 -6.912950023018473722e-01 -2.042297309743600353e-01 -6.344928523322617142e-01 -2.105762873466699922e-02 3.154097661560654187e-01
3.550916142614415905e-02 -6.259697378623986508e-02 -9.177341166378406162e-03 6.275861777451398164e-03 1.874279198624320686e-01 -1.315220537927348429e-02 6.602830645982078750e-02 4.564268189118528968e-02 -6.557520183515957481e-03 5.323978615022855604e-02
1.152999562622146201e-01 2.431321591598407106e-01 -2.876621892875981176e-02 1.311684443473858375e-01 -3.974099122462507183e-02 1.453796763679894022e-01 -2.537654688136042336e-01 1.692218354225688559e-01 -6.809133655750481892e-03 7.113689293509430078e-02
-3.780465386270275285e-01 -4.042746722611111065e-02 5.790506100172947423e-01 -5.135924995307814683e-02 -2.525262993797957600e-01 7.093288372985738777e-01 -3.176581622392015691e-01 -5.152284154627247981e-01 -4.078218011908400498e-01 5.451157120613177032e-01
5.803692561732574084e-01 -7.532051516057980400e-02 -2.596634108445115552e-01 6.618544992541721683e-01 -2.619429483644606926e-01 2.617167205174918826e-02 -7.756042846684532144e-01 1.503441782459825904e-01 -5.354935137847990356e-01 7.418632376213473156e-01
2.347554258142678096e-01 1.584379718508533430e-01 1.382966665923459314e-02 1.095887172654567143e-01 -6.678252838620582499e-02 1.055530591023101095e-01 4.958599033644614518e-02 4.561703318191486639e-02 1.070105248921433688e-01 1.280699944277799429e-01
-5.198695916468868417e-01 -8.461775150612471652e-01 1.560628330574175271e-01 6.036449879120832085e-01 -2.753941011680496875e-01 5.896265662079671621e-01 -8.403211826068233137e-01 -6.978804164021031042e-02 -6.876886196028026976e-01 6.391886325947613301e-01
6.529720954940441968e-03 6.445740548529616627e-04 1.190630139804107861e-02 -1.726370346414559873e-02 7.695199213870010380e-02 7.921090342739268986e-02 -3.786536803605400174e-03 3.942653404345845131e-02 -3.658540143515550541e-02 -1.675768764684522696e-02
1.979675328418273039e-01 -2.349908121188622190e-01 -4.370470195941961733e-01 -2.994530968276067351e-01 4.347061399362110445e-01 3.661262229611202956e-01 -2.097651639988123984e-01 -5.265124747782236048e-01 -5.148341108520760878e-01 4.884493972363452285e-01
2.757564294954736317e-01 -5.036697080900935930e-01 -2.064420471605147786e-02 -3.352325702940121555e-01 9.806442763606272595e-02 -2.890341188666352701e-01 -3.802320782649544206e-01 -6.187738543591815576e-02 8.993614230197552462e-03 1.760012889859628171e-01
-1.042329006464159241e-01 -2.683840210925412806e-01 -7.406576623845019525e-02 6.358329590262902509e-02 1.937796028245608870e-01 2.010834286325391129e-01 2.191962466191665904e-01 1.811289290076114611e-01 1.126533333500634587e-01 9.598981671778811231e-02
-8.559815924262031972e-01 4.488713051762538431e-01 8.837078499553460698e-02 7.403469583028001733e-01 -2.688914297337964832e-01 -3.179597689709502961e-01 -1.515053631686103797e-01 7.619819193867656271e-01 -5.128062354898730441e-02 1.400923706782872813e-01
-2.410296649462850549e-01 8.390320582594391896e-02 5.650976919815581256e-01 -4.027686578349826685e-01 1.992169131101326485e-01 8.061634146468749096e-01 1.950644552804006171e-01 -7.680392695500145618e-03 3.365381878787115921e-01 -4.146346841745133238e-01
1.148550116210492536e-02 1.065446282349786500e-01 -2.086241469918400857e-02 -7.761801387469682845e-02 9.519195030775312594e-02 -1.428492442426786413e-01 1.086229896000751871e-01 8.369057510643165831e-03 -2.242627840549205401e-03 -8.954450083260941107e-02
5.551224698652499484e-02 2.620851084296590278e-02 2.075975970989489550e-01 -1.659532680633926671e-02 -1.956858911349793756e-02 -3.892787268725691335e-02 1.238500141350343774e-02 3.167532926022025019e-02 -9.822126392603289236e-02 1.789074094940363083e-02
-2.851138787916047135e-01 7.617745137065601302e-01 9.133646113066492545e-01 -6.193675818250075071e-01 -1.047588456613143815e-01 -2.438941438817421037e-01 -3.181253749400004827e-01 -2.269398400783453063e-01 6.785306669469992613e-01 -3.957240453663749546e-01
-3.371121298653864118e-01 -4.367342129429226394e-01 -4.450988696214141505e-01 2.738728546918163254e-01 -2.332137488818801230e-01 7.292917172473687426e-01 -2.079189465909620782e-01 -5.147426152353542506e-01 7.479871813864215346e-02 4.375746550446893979e-01
-5.075722261717652284e-01 4.419317874196070917e-01 5.393640205464977910e-01 -3.210466659635460296e-01 -1.554065045780916587e-01 3.177107369359772338e-01 -3.198852283225808169e-01 2.311282065409409892e-01 -5.810032205168286223e-01 -7.117391595746239696e-01
-2.340544860644753200e-01 -4.524992787184737852e-01 -6.236783908119069020e-01 -3.821344496509194166e-01 3.781633685142254953e-01 -5.358513197327072763e-01 4.711250690360787446e-02 -3.165665241989317757e-01 -3.662098275964105754e-01 1.457222216479121535e-01
1.079983083866482008e-01 -3.902637429768676669e-02 -2.271247459183489414e-01 1.558697728995209475e-01 3.457081880524116857e-02 -9.324887000269901915e-02 6.533535160707394651e-02 1.692472192684688417e-02 8.828315765009234206e-02 -2.041512954266238022e-01
-2.527137366348125580e-01 1.635071147239550160e-01 1.978281150500084407e-01 -1.453058157056765776e-01 -5.743654170482856980e-01 5.603276806837264035e-01 -1.207060629154617371e-01 4.360942408645545609e-01 -1.756131864450806712e-01 -5.465444898434630439e-01
6.941534798400100792e-02 2.845656321401048364e-02 1.579977533742304985e-02 5.606532394095713884e-02 1.083086680105452559e-01 -1.749797332987598417e-02 -1.172248300212093333e-03 3.147571307894253545e-02 5.662812168883340179e-03 4.013278421782849430e-03
-5.651313910983006839e-01 -2.821971315383298151e-01 -4.559585527564738450e-01 6.325955237637732598e-01 -4.841186782639205766e-01 6.902720380873214046e-01 -3.439838591469204787e-01 -4.542537151438517662e-01 4.820458765047144212e-01 5.617219818032295198e-01
-5.399113955105805385e-01 -7.971692774821328986e-02 3.621228316886828114e-01 -4.025682940111146094e-03 8.202561573791317118e-01 -2.675281765311454119e-01 -2.277250603224660885e-01 5.789975284789027343e-01 -2.556253811750043847e-01 4.227247053156690249e-01
-3.479478292839754960e-02 -2.316406661868935374e-02 3.091081620246213454e-02 6.092085313486601816e-02 1.777489889633086795e-02 7.761609021666378283e-02 2.011306321917857159e-02 -1.507468538206296373e-02 1.211227900172818497e-03 1.191937003730368649e-01
-8.610216414054348844e-02 2.296526251670064356e-01 -1.948107831615784533e-02 6.372561641652745024e-02 1.485936918199462220e-01 5.525399262137252465e-02 -1.190448867908045077e-01 -1.324345771840379216e-01 -3.880746445501818270e-02 -5.161446435245661823e-02
7.267425914053980175e-03 -6.891235025135129810e-02 1.622900690584975353e-02 -1.624896633830030246e-01 8.280957855517719068e-02 5.949082274402628379e-02 -8.200907061990378444e-02 -2.056199755639296078e-01 -2.660456716024265367e-01 -5.151495619341327492e-01
5.175842149130768233e-01 -9.993750633509176917e-02 -5.259328034791527218e-01 -5.591853930735446454e-01 1.222422425995680628e-01 8.615568163113490607e-02 -5.119331889314453488e-01 -6.820866651914794798e-02 -6.180682775338530721e-01 5.102408462456831106e-01
4.609890342664038632e-01 -6.361915148476278148e-01 3.782601816418257323e-01 5.747181153493052808e-01 6.291692783285381951e-01 -3.057022063380246957e-01 4.008864730803968213e-01 1.720248901595994306e-01 -1.276058276425635386e-02 4.826304728109660491e-01
4.186585090236653039e-01 -4.460570901101828523e-01 -3.755028277205771925e-01 1.651938513018828825e-01 -1.396624153292022885e-01 -4.133305977872319681e-01 5.020370097269043486e-01 4.218477706736838972e-01 -1.273455629138116330e-01 1.117304986846584802e-01
2.125820415414404752e-01 7.906207600467018981e-01 5.095673300195071587e-01 6.025118618485811872e-01 7.222737893186251812e-01 -8.031504300759133574e-01 1.674390876923820826e-01 7.928688551108132865e-01 3.089495359496274851e-01 -8.702827180595354983e-01
2.600161297290258244e-01 -1.126528966391282388e-01 5.017145348429722512e-02 1.312564239883788897e-01 -2.063835451717109526e-01 3.395180359187227048e-01 -2.996091682066848866e-02 2.485105845004145775e-01 1.352247718300864932e-01 3.488786789469059402e-01
4.324869995641446030e-01 -5.371425302325940621e-01 5.568731648349091179e-01 -3.544502564613919993e-01 -1.778216800271161524e-01 -1.614535602331819142e-01 5.571794096299410581e-01 -4.453445017946559559e-01 3.266035669816131359e-01 -2.319023227091119854e-01
6.766387347234890104e-01 -2.550036001543870556e-01 -7.074584532560286299e-01 8.932583712407800025e-01 8.626010642852723065e-02 9.341072077569158028e-01 6.929450204352914922e-01 -2.708447988666320971e-01 -9.290677505436950590e-02 7.890342439403916774e-01
-2.192304024804851703e-01 7.308724999649785642e-03 6.529373803513641161e-02 -5.203362183320929812e-01 -4.261791844532863416e-01 -2.380619557402896269e-01 2.156515372499776539e-01 -4.020001183675515066e-01 -2.950955156039585248e-01 1.428678109164587817e-01
2.306194285530079361e-04 4.938269451901798612e-02 1.676596830914556940e-02 9.679362047329249930e-02 4.356157869107707935e-03 7.884094563623791907e-02 -3.579607881549368175e-04 5.768893093759044216e-02 1.057304682544493550e-02 1.268715053418852275e-02
-1.265341831097681891e-01 -6.033730587111713062e-01 2.758041259002172452e-01 3.314381324944833812e-02 4.917178217557762188e-01 -4.561313958160057025e-01 2.474073534035322597e-01 -3.984502866252007669e-01 7.145865461795765095e-01 4.417634630813057628e-01
-4.830551184090318695e-01 6.764779155652214104e-01 -1.035179011157631862e-01 -1.625336736548754768e-01 4.552472927928474800e-01 5.135477946910619318e-01 2.686711551350504101e-01 4.593391387219990518e-01 -4.623994780635012347e-01 -3.979789336585143888e-01
-6.344079796914096903e-02 -4.106626719584056118e-01 5.350941908597890012e-02 -5.868057836481146289e-02 1.494610834103186070e-01 1.826992060254812589e-01 1.125710681457189888e-01 4.065176346192497236e-01 -2.673635599335372759e-01 3.241943881922072501e-01
-6.774086798605100102e-01 3.952154602687478757e-01 4.481628712030876205e-01 7.199214380439752370e-01 1.306621114822169860e-01 5.890212759565870426e-01 -1.913523184005083699e-01 -8.453247227855667512e-02 7.054182270544337996e-01 9.197277200002330899e-02
-1.490403776885527998e-01 6.238581107954328520e-01 -5.614728115910033734e-01 1.914793717527373262e-01 3.062855037293975013e-01 4.265706684460030540e-01 3.999824615292932872e-01 1.154907555865259811e-01 -4.287901637294665863e-02 -1.581576688201926928e-01
1.028142100049078168e-02 -5.219999318115506499e-03 3.281112406028229012e-02 5.770255934238197743e-02 8.200222300086862370e-02 1.607246919918301625e-02 1.021602676835327989e-02 9.866141657650413788e-02 4.469250294312721722e-02 4.379906651530805772e-02
-4.907781728612931604e-01 5.994968378445181267e-01 -4.901235648844434190e-01 -5.621485265178516148e-03 5.723063445561252793e-01 -7.475805141560771805e-01 -7.993291350904138115e-01 2.622058089852694618e-01 -3.389551056041611998e-01 -7.029656022447486885e-01
-2.112842626908319754e-01 -1.537973500850420006e-01 8.020896275982886126e-02 1.385252088939550319e-01 1.403570094456345341e-01 -4.119148192439814338e-01 1.102909143310316642e-01 5.766198982490096103e-01 2.045332047962512834e-01 -8.216354833627145804e-02
-5.440272433947507258e-01 1.965782420207663472e-01 -8.091810662367535656e-01 -3.327700065893882675e-01 -6.751420258810312269e-01 7.883281236410759341e-02 -8.322966167803276250e-01 -5.071729771622830452e-01 8.005582300821396657e-01 6.868443420929629673e-01
4.403441275660832654e-02 2.480714073300327449e-02 7.724119870924274489e-02 -4.017002310072438631e-02 2.259664527668508310e-02 3.914789992289251924e-02 4.163421408331915291e-02 4.893804213614511706e-02 1.526396036533968084e-03 2.328672207639728708e-02
7.422638367661214820e-02 -2.024568260853092105e-01 2.923585564450412733e-01 4.332607246227257458e-01 -4.829586186942345094e-01 1.869847388914921416e-01 2.236470082230286593e-01 3.799033235825790417e-02 -4.936782228324393951e-01 -5.549832346450185305e-01
2.006193679907291028e-01 -1.066345640384887272e-01 2.013864321452351058e-01 -2.597537455078779978e-02 -1.878603357319499068e-01 -2.199593538367279333e-01 2.280275981417826114e-01 -2.277136922731386737e-01 -9.987268597438181406e-02 2.639456114107948115e-01
6.965856179320013553e-01 -4.799436507620006842e-01 4.768037225397760426e-01 8.245669845586749425e-01 6.134297934467949354e-01 -3.286307841488208398e-02 5.271070953673581139e-01 6.936983768881062051e-01 5.925120311629923364e-01 1.054211590059964260e-01
9.724221092813944978e-02 1.149442791714661016e-01 4.744012485446860716e-01 -1.431196639783474112e-01 1.858010427263857012e-01 -1.967455814206497122e-01 8.825981149400301262e-02 2.645072708226010594e-01 -3.720028479655790865e-01 -3.558899342651150599e-01
-3.568842928989784391e-01 1.337308733517096615e-01 3.852046918930204789e-01 -5.816047544844856754e-01 5.703596614077355298e-01 -1.207203230599398075e-01 7.210826592694830062e-01 -5.607878879449726961e-01 7.488306767594581081e-02 -4.131638588681152413e-02
1.536724984307770436e-01 -2.126409114999256722e-01 -4.061605080912081833e-01 1.251018277550075032e-02 5.076055895785051147e-02 3.613366678197810905e-02 3.715431837776635438e-01 3.743098350568619392e-01 -2.839977941263307701e-02 -4.767752100419281325e-01
3.043622642240680354e-01 -6.138609956791630795e-01 -4.677920392967996333e-01 3.029402917432226852e-02 1.540783026824746327e-01 2.915245624798127877e-01 -2.633554314700877197e-01 1.998466775286398545e-01 -2.632350391289343117e-01 -4.027104640268064917e-01
-3.646988742001022743e-02 3.802296696357815864e-01 3.162044061582588994e-01 1.804354333727933579e-01 -4.855037520168684756e-02 2.227981199956276526e-01 -3.215685536842121661e-01 1.828299001088167786e-01 -6.829962390415801003e-04 -4.135098675906736521e-01
2.500708375329167010e-01 -1.879621084272031506e-01 -1.561737055138108787e-01 4.514063105505868312e-01 3.865171650709195439e-01 4.695111925860840918e-01 6.904742551312201826e-01 -9.485418400622336321e-02 -2.884915410094208710e-01 3.426562715804846726e-01
-5.088363886731456232e-01 -2.085354825041987048e-01 -5.612192385270587530e-02 -7.027406858315893984e-03 2.662726718023640804e-01 -2.219011011537408706e-01 2.753678039070350109e-03 -1.821357736045714215e-01 -2.858310991635127918e-01 2.357875855465017823e-01
-1.243570814165881888e-01 -5.266284366054233002e-02 -1.919022151089697925e-01 1.698186244061605510e-01 1.514771121765236539e-01 2.056883851823751441e-01 -3.357436960019843930e-02 5.365326286229909342e-02 6.953297657293426278e-04 -3.026460525099850321e-02
2.089866432243658867e-01 2.438820135583565918e-01 1.700828483501663213e-01 -2.129075706649892763e-01 -3.639224118713150768e-01 -2.433924938006230831e-01 2.403212273518771924e-01 -3.059338857531466727e-01 3.480001575265193603e-01 6.452789034977722549e-02
-1.975686592595504707e-05 5.353051090881923990e-01 -4.410903615411157497e-01 4.749478145206463831e-01 6.461660419863387572e-01 1.768735001814789043e-01 3.234138408015375110e-01 2.757326268691773219e-01 -4.688935461415556505e-01 -6.461543565889530383e-01
2.796057315894531770e-01 -3.682056557446968803e-01 -3.844297385495257235e-01 -2.307527749958219743e-01 4.671700803005637281e-01 -3.993609570730970865e-02 2.079213613268807506e-02 5.131764628292476704e-01 2.599687547603342641e-01 -2.422223081533925737e-01
-6.504741918462260408e-02 2.960340108274862603e-01 -2.507529452153968164e-01 1.817969481516386598e-01 -5.112874868503559656e-01 -1.680153661791512765e-01 3.094587322398354989e-01 -2.797520009877305647e-01 6.664942494474326296e-01 4.492450092748671020e-01
4.735531815923142490e-04 9.133127026708004470e-02 2.072894795388654232e-01 2.006698899380952306e-01 9.054905308309241230e-02 3.464530595422549153e-01 1.662385092999321690e-01 -1.095544014878521710e-01 8.432815081637677623e-02 2.466421558410110404e-01
