6.286124299609870958e-01 -7.935138470758513751e-01 -1.146281574558459387e-01 -6.192016888605010871e-01 3.217038110576911358e-01 -4.556214945870781796e-01 3.521216587523657848e-01 5.921503025775145534e-01 8.047814898479309642e-01 7.073784649141920955e-01
1.492105024109779687e-01 1.205722778317413341e-01 -3.871851471450888371e-01 4.044164981017385196e-01 3.952261951181528232e-01 -1.074396801642713978e-01 -2.523168149751654488e-01 -4.308991594331320618e-01 5.160766079358872771e-01 -2.686272663883728096e-01
2.784227405059030436e-01 4.414610860985268559e-01 -2.013332774120892010e-02 6.558315591399432876e-01 -5.671414277396555903e-01 -2.936342472011636007e-01 5.546368949323006170e-01 2.521000853468452485e-01 6.816036704641228461e-01 -2.658234772055206863e-01
1.643078756354723613e-01 -1.821383523501749202e-01 -4.710777678878669966e-02 -5.006363572811429324e-02 -1.459833200043260115e-01 -1.480139281529463113e-01 1.956167494930865502e-01 -1.586161180735515819e-01 1.409666228406863953e-01 -8.389218986092525365e-02
-4.606318190788617414e-03 -1.260382723098334460e-03 7.318247861211754635e-02 -8.088202541741678492e-03 8.457329572873456547e-02 1.137173141133051776e-02 1.467931918355469371e-02 6.442648149673964320e-02 7.550363175057494582e-03 3.752745204601998230e-02
-4.455897855458544887e-01 -7.468613405685874396e-01 -4.071497508764075623e-02 -7.938383650101289435e-01 7.015883714150780159e-01 -6.938106270226693795e-01 5.530868288040368119e-01 7.119173878270629308e-01 6.743694018430032022e-01 2.297342943047378239e-01
-5.248112383109811326e-03 1.734534843222997336e-01 5.804804256117752914e-02 4.000951288865155740e-03 -1.085021356839839871e-02 1.150229714032862359e-02 3.803690990637349778e-02 1.160422544918185937e-02 5.607950843087089465e-02 4.474657370573768660e-03
-5.348396583384684710e-01 6.801585995237586779e-01 8.187891429612956240e-02 6.853090637058001366e-01 2.256405812187949333e-01 -3.245148894267305684e-01 -3.837993258233861615e-01 3.201562552446387544e-01 -6.046269058841571287e-01 5.596867635778692840e-01
-7.003657037780589012e-02 5.909463133194780005e-01 5.496224872543971074e-01 -5.608769635154784439e-01 -2.789792562503782825e-01 3.698064596675042504e-01 -4.173492052865306889e-01 7.205843910095807159e-01 5.173756406527513230e-01 -1.902374384265407836e-01
8.281640622162843648e-03 -1.313466016386465865e-03 -7.408971649477999466e-03 2.602130781070670015e-02 8.387467529153297408e-02 4.132340541585782789e-02 9.528970058597711207e-03 3.959008505310356030e-02 3.199244936824462149e-02 1.363187007861755076e-02
-1.362157753494993954e-02 9.652830684460567134e-02 6.322244192619551340e-02 -6.872315020358621407e-02 2.171953916934785400e-01 1.048276247953766616e-02 -2.706962454329426768e-02 -3.651837086769907023e-03 2.801245720968422240e-02 4.918966122654196832e-02
3.422706171062109837e-01 -3.188824876658566954e-01 5.950993659511274458e-01 1.864090328144677455e-01 -3.493844640956680209e-02 -2.090180121300547755e-01 5.402742517965462010e-01 5.067744267086277121e-01 -4.532709273099769232e-01 4.087072741449609414e-01
-4.219729380407403196e-01 -4.394350795811242244e-02 4.414341173559755971e-01 5.800940639520775211e-01 4.667118335871745516e-01 -4.585241278134062903e-01 2.075497723657603044e-01 -1.355632729555570348e-01 3.159617570234419803e-01 -1.277313136219451473e-01
4.147924401285082441e-01 2.012206625343789801e-01 -4.657048153216497566e-01 6.360981572414782237e-01 1.753135850726830480e-01 5.433220488247917507e-02 7.429727538877212156e-01 -1.599954032245217150e-01 4.120946273217553912e-01 2.874769537349007864e-01
3.104741165672200154e-01 -5.495679083631498374e-01 3.605994561723485092e-01 -2.360995774632022592e-01 2.911451105349038837e-01 -1.802830351267246944e-01 -4.543852682548851774e-01 -1.668513839310832025e-01 -2.010551651583554755e-01 -6.825926040812645423e-01
-5.537824496326879120e-03 1.391903739757169300e-02 5.397912086426691347e-02 1.816622122129217878e-02 9.945018769406548803e-03 4.559498526506979704e-02 4.141016461291835427e-03 8.982052590632787605e-04 2.868627722379928774e-02 3.628419362313464736e-02
-4.046166350334841066e-01 9.850998282345939383e-02 -5.415626061317031503e-01 -4.643609069324484695e-01 -1.352760014321310530e-02 1.972452668547945709e-01 -4.107341322752272594e-02 3.584903319528671695e-01 9.743544855271941973e-02 2.450793794171951812e-01
8.297675304304952260e-01 -5.337673089942260862e-01 -7.693721131565615101e-01 4.700893090047265077e-01 5.959816795943757572e-01 3.149311773242990942e-01 1.115673403111970691e-01 6.657052330400887730e-01 8.042207664774129183e-01 -4.411909567614229477e-01
1.404297565968803604e-03 4.166521191880052238e-02 -5.886757594451468290e-01 -4.766361813596940999e-01 -5.778231361252239573e-01 2.850798209426953500e-01 -3.637646753894751006e-01 6.701573033856832451e-01 6.701850126494515725e-02 1.281689183994903954e-02
-4.474248068985874072e-02 2.387685488154340507e-01 -1.343533281220266051e-01 6.384416039727792980e-02 1.932393651015534564e-01 -8.789596143081394863e-02 -1.981357828307347690e-01 1.345360250304691307e-01 1.437661757564042408e-01 4.780882253282488920e-02
-1.777315557689038844e-03 -5.330697785306394432e-02 -2.358260310360022760e-01 3.625645960372624321e-01 -4.064535547958909589e-01 -2.542078056677149825e-02 1.773885199315145544e-01 1.943790199973269295e-01 -3.050897719215936443e-01 1.747154265295302045e-01
2.754596728655381854e-01 -9.215663353194016028e-02 -2.248369512045202689e-01 4.012555573405212073e-01 2.642421535951730571e-01 1.638247658909766091e-01 2.085045618616003793e-01 -8.949221926865011389e-02 -1.253648139270151785e-01 -2.128009717290269553e-01
5.801039907791852995e-02 4.157745899535266187e-01 -2.012046103159594035e-01 1.709747260815079051e-01 2.534567412098608363e-01 1.298380242037156240e-01 1.015038542854537901e-01 -5.227639307840219879e-02 2.436585771528500532e-01 -6.989049861543296382e-02
5.222825648779123586e-01 1.115551072315729836e-01 8.166473818640886950e-01 -8.842804276615365833e-01 -3.956467040287284243e-01 8.721550487833594489e-02 7.580177834715273733e-01 -7.725587995049958412e-01 -2.095378990020083099e-01 -8.076144246040073416e-01
-6.268353639092626439e-01 1.826717700868363825e-01 1.284965221001348537e-02 -6.591727572188633977e-02 3.363175032217627924e-01 -1.341749767063005472e-01 -6.822276886998833723e-01 4.617578104662731220e-01 -6.515645721715663807e-01 -5.980312032080576934e-01
1.107208524430068099e-02 -3.407833475715931620e-02 -1.618059772949243663e-02 2.453414088995043985e-01 -4.857621186211844022e-01 4.172211129279198571e-01 -2.048221023332719992e-01 -2.446205148422804510e-02 2.177954035272916811e-01 -1.161030626966385593e-01
1.708395665984243084e-01 -6.254825221241989697e-01 -8.086828998206659902e-01 -8.176948974426606620e-02 -3.101062160318673877e-01 -7.991541082252228145e-01 -6.672654681034891899e-01 -7.253781701606375476e-01 8.637873709057609650e-01 -5.173275962361386648e-01
3.680754389888336031e-01 4.728760439869033050e-01 -4.058138287821051737e-02 -2.681654414493162553e-01 4.399533123893548670e-01 -2.763908446714976597e-01 5.127220333161055521e-01 3.513112915567550010e-01 1.544134134667557723e-01 1.384711607080673368e-01
-3.188570790904343144e-01 2.905243345673678146e-01 -3.571976172833216806e-02 3.138722146026100279e-02 -6.897030122442339151e-01 -2.377216977474172488e-01 3.306023066766480834e-01 -6.523535263537910689e-01 3.853004266238978515e-01 5.402606905565539774e-04
-1.717687192825559650e-01 4.752409727753045265e-01 6.126594299950831601e-01 -7.149896046634493518e-02 -2.136585551487187595e-01 -5.386197571686311969e-01 -2.584692207543909381e-01 -4.079667111387180745e-01 5.184749103022764372e-01 3.581812629640934165e-01
-3.799620987991443877e-01 -5.400592910696574434e-01 8.693898249407696621e-01 6.500356820485231335e-01 5.100846083657468721e-01 -1.409252461683203617e-01 -6.756797598902590796e-01 -8.336490364268603348e-02 -5.774800889497381240e-01 -6.630093840525234095e-01
-6.655218490005260223e-02 -1.098660245673531016e-01 -6.913353872763774444e-01 3.337627874468935274e-01 -3.807069454317138502e-01 -5.786804822541122828e-01 7.970896387992191245e-01 -1.520557037381842225e-01 -1.320392498127181680e-01 3.548344580525610859e-01
-1.488507651753733230e-01 6.065509395796688796e-01 -4.887092146135241788e-01 -6.683667808266758881e-01 2.550614289661117806e-01 1.321682126787998013e-01 -4.309930062706906345e-02 2.548913454251239830e-01 3.152404214097899726e-01 2.483599638306273893e-01
3.092737173284330066e-01 6.339150508946643781e-01 -2.221264586836630139e-01 3.528373235141654685e-01 -6.121347771392531278e-01 -5.782971724199850172e-01 1.087408325664505349e-01 1.925909189555296830e-01 -1.167295520645375145e-01 -4.403992860852297131e-01
-3.420656832333246467e-02 3.173940923389159674e-01 3.511893273507807889e-01 3.132723370746837155e-01 5.175179811745067582e-01 -2.785425494142748648e-01 -3.701733930088349500e-01 -5.308783161121810590e-02 -5.641890039658803424e-01 -6.183836303859362865e-02
-3.528768556498106390e-01 5.891954933682235218e-01 2.752235941404602149e-01 4.288219110998098271e-01 4.009455599524765490e-01 -4.513839210373736810e-01 3.561081431683423837e-01 -2.610760637853962174e-01 7.172285808603678925e-01 -4.216301179775638341e-01
1.021856297351723952e-01 3.339347705261676291e-02 3.575505575913046075e-02 5.572643039948562207e-03 -7.520750893442415194e-03 -6.191820028631940358e-03 2.766988692461943861e-03 1.647211593001191854e-01 -8.142269002078466461e-03 5.129980704734357806e-03
1.434883903679010642e-01 -2.885815964514585469e-02 -5.335582463853670923e-03 -1.740533746749787780e-01 -2.365840659980167349e-01 -1.140217558685867501e-02 -5.676018874912575757e-02 9.823906692140742247e-02 -1.175352251865497549e-01 -2.878799970994093682e-01
3.828297318355264878e-01 -5.490283636751220886e-01 -2.856901865008682484e-01 -7.031137631190610415e-01 -6.882988448900224931e-02 -6.948318976793403934e-01 -2.032378507343220175e-01 -6.339161276667227840e-01 -2.116963843435088963e-02 3.118890118382720567e-01
2.784608831309996757e-02 -8.337758679594561850e-02 -4.516663934505139042e-04 -5.779044806190151637e-03 1.687183214884676596e-01 4.675079672353047756e-03 7.161495372170822993e-02 6.449939222489922686e-02 -2.076971733307369020e-02 7.470814218543772589e-02
1.129641956908186140e-01 2.507862012560261311e-01 -3.561701038286561177e-02 1.119264093541395000e-01 -4.246799434714364913e-02 1.680791089216977785e-01 -2.850994356854712475e-01 1.839384323695468504e-01 -3.357142320588526237e-03 7.266101880917985589e-02
-3.833306999700354378e-01 -4.029462120199793496e-02 5.796445559910891054e-01 -5.071445362674892321e-02 -2.530572959577218062e-01 7.115538386858155651e-01 -3.186912290472668774e-01 -5.174571222896675593e-01 -4.080949598269282830e-01 5.435393839056704701e-01
5.803840014708571138e-01 -7.587216491764289805e-02 -2.596679608593380761e-01 6.618719485053201623e-01 -2.619505634712335773e-01 2.617297820432622560e-02 -7.756231825186596929e-01 1.503484406774872884e-01 -5.355050487101985501e-01 7.418823437332012771e-01
2.486146410431457343e-01 1.698422448274996277e-01 9.292959283728646422e-03 1.153272461249361391e-01 -7.252135152525068795e-02 6.927769964778353329e-02 4.472289458523619199e-02 5.265397077906267681e-02 1.163646177516666769e-01 1.390766692693136408e-01
-5.197758973395286697e-01 -8.463468395439425196e-01 1.548636835450891980e-01 6.035697490364001494e-01 -2.752524793676114356e-01 5.896910240362410738e-01 -8.403562639409495327e-01 -6.960315013345376445e-02 -6.876820396600120677e-01 6.391887156531906866e-01
-2.045578846620390700e-03 1.400423257164277839e-02 3.401496538952300530e-02 -2.359056331309119375e-02 1.841462951162079961e-02 2.861646915212927647e-02 -5.349309628410797712e-02 4.471576435608887179e-02 -5.943016531302987987e-02 -3.959125704674422430e-02
2.002362376693019863e-01 -2.355050637662364776e-01 -4.379771637740042523e-01 -2.985833228780296889e-01 4.337089681235236083e-01 3.655571587251375543e-01 -2.073893569610703869e-01 -5.344065182333025410e-01 -5.176708401643700386e-01 4.921761160322019601e-01
2.793506649276241705e-01 -5.106098822863148756e-01 -2.081711305655069635e-02 -3.400323877518982019e-01 9.742146093637289728e-02 -2.936211678142515713e-01 -3.999790189527650530e-01 -6.384557126087826717e-02 9.720989384882219170e-03 1.787240361236915043e-01
-1.122156168770040152e-01 -2.878890990720415211e-01 -7.771154756143586195e-02 7.042826440879533523e-02 1.699204720815311320e-01 2.166401427452173400e-01 2.377211151106013443e-01 1.969796937762723354e-01 1.237741020850947338e-01 7.566289893038846692e-02
-8.560536750811634787e-01 4.487282048877863638e-01 8.848290796310133433e-02 7.396366249105218449e-01 -2.688844336846645255e-01 -3.178922758604922905e-01 -1.515109561224328993e-01 7.620485761515841672e-01 -5.124953555159897367e-02 1.401812613588793444e-01
-2.425855152411729165e-01 8.395494928668932599e-02 5.652521820554203824e-01 -4.028755070257888926e-01 1.993194197534794154e-01 8.063697539482725940e-01 1.951013149625207832e-01 -7.683676867179608030e-03 3.366317055999563657e-01 -4.146973558812913629e-01
-7.978051076985770082e-03 1.276036382941057590e-01 -5.479639511961791748e-02 -1.187857443417272008e-01 1.501445186982761637e-01 -1.643560018566345149e-01 4.729986945995801051e-02 2.726471226572460202e-02 -2.080253863717295391e-03 -1.265076951875808986e-01
7.080246180650337506e-02 2.764312280657749317e-03 1.790024291750107466e-01 -1.868737332554800540e-02 -3.137785863628200778e-02 -4.481327267924963692e-02 -8.983911042572565939e-03 2.764939252156736402e-02 -1.246251805491285364e-01 3.100193619704058254e-02
-2.856218804504961351e-01 7.651625636114498530e-01 9.156298505003626076e-01 -6.204786575274586768e-01 -1.042295065334531007e-01 -2.531974631477356685e-01 -3.169165128242191765e-01 -2.251261761545487738e-01 6.809160760295176473e-01 -4.006473229289803095e-01
-3.386660599723591014e-01 -4.366873109166033440e-01 -4.448727692400649136e-01 2.745217065577661986e-01 -2.324991089053922988e-01 7.266680209705098648e-01 -2.090830852180171617e-01 -5.144293209335367711e-01 7.515014960696508872e-02 4.388808394860377882e-01
-5.075809827285009401e-01 4.419470113297823688e-01 5.393981903889093488e-01 -3.210006831629248492e-01 -1.559519178522564276e-01 3.177978651200609739e-01 -3.198792025138850192e-01 2.312211337800163524e-01 -5.809719597142921632e-01 -7.120166801467372464e-01
-2.345440285923433565e-01 -4.527512438086195301e-01 -6.244352980783596241e-01 -3.885631995608170852e-01 3.794793516622945173e-01 -5.363216474255861899e-01 4.768817248298587441e-02 -3.169095803156662394e-01 -3.664067864106102523e-01 1.469058610029259637e-01
7.852319828653199496e-02 -4.141971089949817580e-02 -2.403922816365220427e-01 1.698918342548348115e-01 2.791188705659547811e-02 -9.296869646883620941e-02 6.526945442096196426e-02 1.396065178451158300e-03 9.668315177225325630e-02 -2.217470090157088736e-01
-2.592509140302518000e-01 1.637018757524696666e-01 1.959835067957705901e-01 -1.459910715758705735e-01 -5.753285714336507928e-01 5.649517203342423466e-01 -1.272807804450904468e-01 4.398153469488818024e-01 -1.766792979134789998e-01 -5.501954844066938577e-01
7.410363466108724206e-02 3.537206543048351803e-02 1.390010945071102483e-02 7.387199200399947874e-02 1.037183972947329363e-01 -6.651679199632776858e-04 1.888869363537030305e-02 1.142290022679615970e-02 -8.959877726332091466e-03 8.628023468842338506e-03
-5.661562345909877392e-01 -2.820552100327247680e-01 -4.568332205494314291e-01 6.321726614103265751e-01 -4.830472124858041227e-01 6.930150907352281564e-01 -3.440573765438537102e-01 -4.588971338847688819e-01 4.825431467884009895e-01 5.609908222458456217e-01
-5.398315041663945824e-01 -7.968236985259087579e-02 3.621542258507423062e-01 -4.013826833867684823e-03 8.202380048995568940e-01 -2.675091144277563782e-01 -2.276346450120899367e-01 5.787526098598080315e-01 -2.556810034063664583e-01 4.228750129462345297e-01
-6.762861374989717622e-02 -3.918792767063857679e-02 4.584461578825707595e-02 5.067193690390357080e-02 -2.221710367243626572e-03 2.962323225955811393e-02 3.693421875204949689e-02 -1.061315744487402804e-02 7.808998722490384514e-03 1.085799739067832559e-01
-1.023062686926149850e-01 2.417296712477969567e-01 -1.757751125584984878e-02 7.849169884563064747e-02 1.769365872614327151e-01 4.484548905746055247e-02 -1.594225697585745782e-01 -1.414205433557897129e-01 -5.148564998781771790e-02 -8.302675422983184228e-02
9.549981297758891249e-03 -7.268309706042694329e-02 1.450019110199466180e-02 -1.748090944506807409e-01 9.889637606548590254e-02 7.629437632577526496e-02 -8.525102742529323818e-02 -2.504860079434262921e-01 -2.784478651478963784e-01 -5.515472957572420398e-01
5.205922689228404954e-01 -1.113754295220971552e-01 -5.286843743918278049e-01 -5.630660726256478954e-01 1.248956583911338958e-01 8.692033442192619030e-02 -5.157524497016473530e-01 -6.748501202893662787e-02 -6.231509024687449383e-01 5.130251476826297452e-01
4.615470412328184224e-01 -6.365329037357642106e-01 3.783622673433506556e-01 5.747756468480524905e-01 6.296835142421746134e-01 -3.049825925350831413e-01 4.011029321443077000e-01 1.711103726669050418e-01 -1.252678380175811443e-02 4.827570599167305687e-01
4.220910790233653453e-01 -4.480092153627290297e-01 -3.858160620368400462e-01 1.679564388295533284e-01 -1.394058746310564978e-01 -4.145835359695194122e-01 5.059273267052710743e-01 4.245388144409495967e-01 -1.279955563476857516e-01 1.125101610148292464e-01
2.122701552593729279e-01 7.907153620662878968e-01 5.093635806434104740e-01 6.024551932999419046e-01 7.223912062322952465e-01 -8.029665055367987136e-01 1.672760251344644344e-01 7.931053988209072481e-01 3.090084587844742492e-01 -8.704115625187464067e-01
2.820869135246627524e-01 -1.163595021595032059e-01 5.351934947710613316e-02 1.355936494901178735e-01 -2.049181010505307377e-01 3.698031941399277378e-01 -3.399781749341167919e-02 2.364005826623775675e-01 1.438410701874339448e-01 3.487307761334099698e-01
4.328770267510905767e-01 -5.424054714175985392e-01 5.569710368231942654e-01 -3.536019220962007825e-01 -1.759915509832220004e-01 -1.589239819480083304e-01 5.541721480531329735e-01 -4.468831436502642140e-01 3.271367232258324820e-01 -2.335338082606293053e-01
6.766387347234890104e-01 -2.550036001543870556e-01 -7.074584532560286299e-01 8.932583712407800025e-01 8.626010642852723065e-02 9.341072077569158028e-01 6.929450204352914922e-01 -2.708447988666320971e-01 -9.290677505436950590e-02 7.890342439403916774e-01
-2.178256637370901971e-01 6.518219820087212124e-03 5.967977874312001968e-02 -5.242243860122939303e-01 -4.292770296326554602e-01 -2.349285190666840495e-01 2.200607688643212989e-01 -4.087829115477915054e-01 -2.975285828178839687e-01 1.439779030303574847e-01
4.668054957188652598e-03 3.665914990254601907e-02 5.804907500487736967e-03 7.938624987209295936e-02 -1.784988150161205891e-03 5.915885361485269389e-02 4.742929030792432735e-03 5.066693563524194560e-02 8.640865548696079201e-03 1.511498307531718502e-02
-1.262802119740892848e-01 -6.035792986067836097e-01 2.767604461487949141e-01 3.322377515595553027e-02 4.906576024687360760e-01 -4.553921748965219507e-01 2.461327020881578231e-01 -3.978005811998393537e-01 7.152324080233939396e-01 4.424291060038374468e-01
-4.828828588055641413e-01 6.717239436323733104e-01 -1.040192671045368500e-01 -1.635419272148881109e-01 4.565780334637388194e-01 5.141362911379846468e-01 2.680519961649903693e-01 4.601596218166516539e-01 -4.639641519129310554e-01 -3.978118907038453722e-01
-6.624783248513439748e-02 -4.192625415072278594e-01 5.660697077404144156e-02 -5.717568028971937999e-02 1.587609344413557499e-01 1.736456371114337982e-01 1.142417861094534581e-01 4.118877323364007470e-01 -2.769290192658806493e-01 3.284773868859256485e-01
-6.774394088357362786e-01 3.952602905007786549e-01 4.481607039867334663e-01 7.200727594453257829e-01 1.306787791082495986e-01 5.891053648543946863e-01 -1.913521507552229661e-01 -8.528926556210757182e-02 7.054954988054444875e-01 9.195418740326678775e-02
-1.490732063743935853e-01 6.240137114608521607e-01 -5.614857711926894979e-01 1.915531712338589820e-01 3.063781077311171219e-01 4.245653264120704540e-01 4.000692499163236993e-01 1.155228926505573323e-01 -4.285223289900574190e-02 -1.581098827012445140e-01
1.300574795464855792e-02 -5.965190045571306700e-03 2.359419351384553845e-02 5.004346554508407041e-02 6.212098455081710435e-02 3.135036758775456428e-02 5.263495553411808546e-03 7.878834780739145394e-02 3.912779013187475674e-02 4.322598444733741913e-02
-4.907655818043694662e-01 5.989563986399274453e-01 -4.900685098482580604e-01 -5.588486692303248730e-03 5.722863827233050094e-01 -7.475711667661214532e-01 -7.993142630867867693e-01 2.622600601371303797e-01 -3.389229496064607439e-01 -7.029568900742187987e-01
-2.134909577738334507e-01 -1.633392737672809958e-01 8.101978402203800778e-02 1.388565120034531142e-01 1.426243870419671989e-01 -4.158920659712082579e-01 1.113961015430785656e-01 5.744109249108783066e-01 2.070089709265450773e-01 -8.269172560471300948e-02
-5.440669636796504616e-01 1.970878837487232693e-01 -8.105822559051031329e-01 -3.333564872887246344e-01 -6.752713128513687657e-01 7.860102011603099792e-02 -8.325492937695667672e-01 -5.071967238284014190e-01 7.999256928073621431e-01 6.874953656375839550e-01
4.688741249957190105e-02 3.223211425256279627e-02 7.635351328538932114e-02 -5.420444930286321544e-02 1.577733752666161601e-02 1.011827279739813817e-02 2.600461217314616394e-02 2.118183046744656628e-02 -6.001913104225071495e-03 1.294716456059538841e-02
7.551766017372113504e-02 -2.063488536171704524e-01 2.920765301448777773e-01 4.346914810731473677e-01 -4.836379613013856993e-01 1.843640137067238671e-01 2.267990812480648044e-01 3.696953622530615990e-02 -4.958373067640679532e-01 -5.568520174759005181e-01
2.244053675894224775e-01 -1.233069136650838254e-01 2.265662278408767660e-01 -2.650552946539531940e-02 -2.018879785250424219e-01 -2.277302727433687113e-01 2.244747047628412595e-01 -2.583059096557652201e-01 -1.195215922962816896e-01 2.980735839723195335e-01
6.965960072923991220e-01 -4.802375671331203799e-01 4.768389600536936390e-01 8.245713539699162098e-01 6.134560196684932798e-01 -3.285262060066937440e-02 5.271050246492972047e-01 6.936994741680545529e-01 5.925068022373103371e-01 1.054217862084900065e-01
9.571145895815083571e-02 1.155657235593246512e-01 4.710223456494705974e-01 -1.435333676476751863e-01 1.868784725416615389e-01 -1.970341254338024428e-01 8.849538594080487430e-02 2.654386914508837791e-01 -3.723692982849914346e-01 -3.561266281762723307e-01
-3.569028525878453761e-01 1.337378279962560257e-01 3.852247243779849395e-01 -5.816350007113485487e-01 5.703893228360152889e-01 -1.214933623305999022e-01 7.211201590139929563e-01 -5.608170515952868307e-01 7.488696195334920702e-02 -4.131853453633860945e-02
1.577663250918906190e-01 -2.181636982419560833e-01 -4.163595676482665375e-01 1.520051088773764422e-02 5.168741494377755014e-02 1.888117108043801951e-02 3.795339049068738868e-01 3.870708747344181466e-01 -2.944732836770637754e-02 -4.941391854930047844e-01
3.047367853620543965e-01 -6.144675380417723431e-01 -4.710146003212273280e-01 3.027723247620808453e-02 1.544487766553907793e-01 2.918197859761202939e-01 -2.634571618169018192e-01 2.001441830645849240e-01 -2.651498349463737858e-01 -4.029969805893200974e-01
-3.683507573909444027e-02 3.752204031186907596e-01 3.182732037199481612e-01 1.821432679336515148e-01 -5.397080918579812148e-02 2.232081324687797408e-01 -3.233064112516990107e-01 1.840990743147433162e-01 -4.919363514885047523e-04 -4.160584163034469762e-01
2.503702605959057803e-01 -1.878224633478617067e-01 -1.566193621123345980e-01 4.521707385804566992e-01 3.871529686396023018e-01 4.671500262714671781e-01 6.919511797910060658e-01 -9.383343612601341421e-02 -2.914129823984841772e-01 3.413562640889163391e-01
-5.110196041424116542e-01 -2.156475712817443324e-01 -5.468147078847879206e-02 -7.593154097630322626e-03 2.653447810547202024e-01 -2.397238455211006258e-01 6.355740681102074394e-03 -1.847546997067204266e-01 -2.857826958312228438e-01 2.401133326162231685e-01
-1.691691138423028484e-01 -6.942668256510285685e-02 -2.493190616711335461e-01 2.417654595122972205e-01 1.764244116358013037e-01 2.994194390674019268e-01 -1.027627455816142871e-01 6.217572589198652050e-02 -1.129899963509508470e-03 -4.334029346333787003e-02
2.126134038280616534e-01 2.407045868741116978e-01 1.726289520513122344e-01 -2.151428142074198746e-01 -3.652546796726291456e-01 -2.426745163543417849e-01 2.331673756044386203e-01 -3.136482725157144769e-01 3.515533195387772758e-01 6.492867765452856044e-02
-1.952839071845722889e-05 5.346349875767140158e-01 -4.410954735496332990e-01 4.750020264465601438e-01 6.462296132041465135e-01 1.769200103456320949e-01 3.234247492100485455e-01 2.757691299440720445e-01 -4.689052479997515843e-01 -6.461666813542635834e-01
2.820838270857807251e-01 -3.714771310283786487e-01 -3.942453902646954611e-01 -2.327598858619448208e-01 4.711978861584201206e-01 -4.792962227975378769e-02 2.090552910384937957e-02 5.177287480223881078e-01 2.619906292474463161e-01 -2.442806817574518230e-01
-6.767621774506440979e-02 2.969447969301632906e-01 -2.510312815290034472e-01 1.816023755884258184e-01 -5.121854352087057416e-01 -1.678434792537418785e-01 3.092836504700119948e-01 -2.787337419618486356e-01 6.676364735696057595e-01 4.503869464259721012e-01
-1.867099092892823484e-02 9.493881157082020850e-02 2.187298251267262572e-01 2.095481327182833475e-01 8.525527083756402613e-02 3.640036196873410179e-01 1.718179735865668356e-01 -1.084767590538306820e-01 8.950699933083196280e-02 2.615271666051423582e-01
