6.292409976326915899e-01 -7.951697665092293255e-01 -1.148483243404741366e-01 -6.198325766901973122e-01 3.221637615745093774e-01 -4.557233850261933616e-01 3.514627859947932476e-01 5.923090893602036555e-01 8.042458859146516259e-01 7.078443973901308306e-01
1.493392240753174116e-01 1.205601739691599950e-01 -3.875936552005859181e-01 4.041409844591118405e-01 3.954956222704145152e-01 -1.076019054846531348e-01 -2.522447313107554767e-01 -4.312809857759385412e-01 5.162389309750777810e-01 -2.684615974716629827e-01
2.786593599262154330e-01 4.415457827054308226e-01 -2.014771237360214740e-02 6.560314894606197322e-01 -5.672224170544815092e-01 -2.936302305790159939e-01 5.549300121287279453e-01 2.512853860127927663e-01 6.814813378843942449e-01 -2.658095996636987701e-01
1.591871446990056338e-01 -1.909563038052104478e-01 -5.329914868324535371e-02 -5.460709795108026343e-02 -1.531439265563143970e-01 -1.594138783607352561e-01 2.073775738264811708e-01 -1.702334428537440880e-01 1.505698371907253363e-01 -9.277335761899577204e-02
-4.945937799784187738e-03 -2.168332171722393549e-04 6.953264461025336629e-02 -6.892966547125832857e-03 8.678060932564164720e-02 8.215454923449902122e-03 1.548075310015009295e-02 6.351112173326424470e-02 9.180217529607995544e-03 2.896481621575589666e-02
-4.455892224755437225e-01 -7.469618120006128459e-01 -4.071372278534460959e-02 -7.938323862432189459e-01 7.016117212583786733e-01 -6.938024030638160200e-01 5.530963961871286916e-01 7.118715674571831631e-01 6.743868944015596334e-01 2.297385009355685515e-01
-6.526971269035113966e-03 1.584562158799995846e-01 5.942361231932338783e-02 6.691890283954834290e-03 -1.273618390637919727e-02 9.331996508412539887e-03 3.827343184053507569e-02 4.224543783111741994e-03 5.448978950764616497e-02 3.294237030828108502e-03
-5.348624508183198456e-01 6.802009883121264977e-01 8.158829271958276119e-02 6.853621348832175109e-01 2.256896544320669551e-01 -3.245201453598430263e-01 -3.838167995325154069e-01 3.201854856250992976e-01 -6.046560244520919891e-01 5.597280960660065974e-01
-6.999972395034201322e-02 5.908732577408501996e-01 5.497198419646395218e-01 -5.607025536553141842e-01 -2.789165580069095096e-01 3.701157573294077685e-01 -4.180852975638859603e-01 7.203516308978359373e-01 5.172513403766544338e-01 -1.900712487918635452e-01
9.983563769996400827e-03 -4.492821687041013631e-03 -7.880923710596683673e-03 2.066209263305156252e-02 8.509783047779215237e-02 3.527391908194553449e-02 8.638271854866347299e-03 4.084012775363951575e-02 2.392551833222259644e-02 2.036734171265525140e-02
-1.718647068013528720e-02 9.260958078695202822e-02 6.798639425037711348e-02 -7.505981656726769258e-02 2.217266799879530625e-01 6.452590080727815293e-03 -3.062336405959005178e-02 -6.001344807793591168e-03 2.664351781533560309e-02 4.868228615793199210e-02
3.422799386663442633e-01 -3.188911722625929479e-01 5.948322686104298151e-01 1.864141095663766623e-01 -3.493939793976802433e-02 -2.090237046256172015e-01 5.402889658814686857e-01 5.067882284434436224e-01 -4.532832719051434478e-01 4.087184050724856910e-01
-4.222896517174138942e-01 -4.386640453621586111e-02 4.418789847892626854e-01 5.806119994464477019e-01 4.666814214347841938e-01 -4.599959228088896790e-01 2.075528298844461217e-01 -1.354747628284509176e-01 3.160586505404546220e-01 -1.279126232702112176e-01
4.159393609507175404e-01 2.011748407497109814e-01 -4.646336381145769745e-01 6.360404257401445216e-01 1.745211577634065703e-01 5.380847609498498607e-02 7.429157016199344765e-01 -1.606737430256878763e-01 4.117261454158702705e-01 2.870096027475787515e-01
3.104024729189600595e-01 -5.497241030942301432e-01 3.595637451852466970e-01 -2.362684670734740977e-01 2.908755125954482490e-01 -1.806365761718680685e-01 -4.546814221305993109e-01 -1.668880396286354373e-01 -2.010805581610524972e-01 -6.830898439333019656e-01
-4.262278035860414885e-03 1.584060301142012003e-02 5.395873909838038579e-02 1.867917300221385787e-02 1.779328514308142067e-02 4.773453376999831077e-02 5.056715629814295156e-03 4.943893601993413003e-04 1.883055132612128021e-02 3.587106579106050935e-02
-4.136466872455999977e-01 1.010727808575618419e-01 -5.495875390316732334e-01 -4.721959420681905439e-01 -1.203284373951146215e-02 2.019083804149618133e-01 -4.063234012023664993e-02 3.635467577012742035e-01 9.802554328207654932e-02 2.453574663724827354e-01
8.297676571694290182e-01 -5.337673905220000625e-01 -7.693722306706816116e-01 4.700893808063040802e-01 5.959606498283608333e-01 3.149312254269785449e-01 1.115673573520250261e-01 6.657053347200994065e-01 8.042208893143264481e-01 -4.411910241490578644e-01
1.429659458706867420e-03 4.174073513979583566e-02 -5.890052272108631248e-01 -4.767163986757529948e-01 -5.779155118026004789e-01 2.851613948934410558e-01 -3.638301043009559699e-01 6.697617670921887090e-01 6.706470574655108707e-02 1.281167645663657505e-02
-4.660728910925163171e-02 2.469956379114974510e-01 -1.353906353794986639e-01 6.234072481800163879e-02 1.907801699412258190e-01 -8.909238285079547348e-02 -2.064692121876244568e-01 1.430116982921460778e-01 1.494589069182596652e-01 4.292524066892589724e-02
-9.112272942982672019e-04 -5.420994492321174613e-02 -2.394101959188369710e-01 3.671777508882531071e-01 -4.110356671509540760e-01 -2.534615174263014567e-02 1.794834143587938080e-01 1.890998825002724593e-01 -3.097690573364748068e-01 1.778363830724873085e-01
2.775134610308436778e-01 -9.292805571307441448e-02 -2.324774245866114697e-01 4.038346774156343355e-01 2.668085431953027276e-01 1.648121215691506769e-01 2.107035474928894980e-01 -8.882274822226447764e-02 -1.261811542784501416e-01 -2.133747951142296317e-01
5.954153376830993022e-02 4.228884035045128997e-01 -2.093835888124288558e-01 1.739034837146482271e-01 2.578154046706881974e-01 1.321720050289405535e-01 1.031792672374116232e-01 -5.976123911474459649e-02 2.476355046540806848e-01 -7.091042083335828694e-02
5.222888159203522562e-01 1.115468773742431252e-01 8.166459856315045895e-01 -8.842806975379249312e-01 -3.956404368540162864e-01 8.722076681750709493e-02 7.580189041898471869e-01 -7.725543524274640639e-01 -2.095935866254906021e-01 -8.076845211239689348e-01
-6.269520993238520967e-01 1.826406725940323827e-01 1.253769727420112577e-02 -6.586407116959631936e-02 3.364440566505207397e-01 -1.349029231304576804e-01 -6.826972827557403756e-01 4.622556407368896281e-01 -6.517833505319746701e-01 -5.989717211672965780e-01
1.132056960542204664e-02 -3.966593946613426735e-02 -1.621710412884859454e-02 2.473483688586781970e-01 -4.879088840749938871e-01 4.212256722275514176e-01 -2.062360098069631331e-01 -2.456729268854331710e-02 2.194616657934815029e-01 -1.160972975655849282e-01
1.708854814993637505e-01 -6.254902098189258908e-01 -8.090787314595537794e-01 -8.172870454773997761e-02 -3.101081981891238848e-01 -7.991230659474239939e-01 -6.673131254622309827e-01 -7.253987324728968789e-01 8.639033034017924439e-01 -5.172711569875079185e-01
3.684703737899178155e-01 4.734520699659912069e-01 -4.052413814231333594e-02 -2.683392927599185240e-01 4.395571472216294739e-01 -2.783234561519396522e-01 5.131127354730058432e-01 3.515876293134950759e-01 1.545798024670849147e-01 1.384861612896104155e-01
-3.188449519238547025e-01 2.899786429331085991e-01 -3.567622254612208554e-02 3.127610866928640099e-02 -6.899344910968912004e-01 -2.385221979940101988e-01 3.297178192772290961e-01 -6.526977471479472603e-01 3.855592607589573007e-01 7.114867149790528485e-04
-1.726271189844493792e-01 4.767040682343022806e-01 6.134270497372159570e-01 -7.010826266141786944e-02 -2.182606701910874136e-01 -5.395839252392645724e-01 -2.592422520538402719e-01 -4.104898831918830093e-01 5.195107837458203814e-01 3.600763933675956707e-01
-3.795911405958832807e-01 -5.414917469683748763e-01 8.692792424570108256e-01 6.496939473661129671e-01 5.104983690848472477e-01 -1.409737376112812079e-01 -6.762490366140793130e-01 -8.327141572358799648e-02 -5.780401946370593569e-01 -6.627191692413830770e-01
-6.653963183194482045e-02 -1.096046022520285879e-01 -6.915370231949449220e-01 3.337209699565165111e-01 -3.806615236338906638e-01 -5.807363978131239168e-01 7.978471842619119236e-01 -1.517110125038731994e-01 -1.317963972809805540e-01 3.540335524095539199e-01
-1.488466224439985996e-01 6.067973907858593696e-01 -4.888231345816406170e-01 -6.685121204451298649e-01 2.550849600377878001e-01 1.319688649954532111e-01 -4.299059924138828870e-02 2.538014051753959555e-01 3.151386165654944671e-01 2.487515179923862896e-01
3.097815615251336974e-01 6.349829828816376809e-01 -2.220654326605874807e-01 3.532811832737860480e-01 -6.149647921356892200e-01 -5.792938581631447148e-01 1.083088258639691714e-01 1.929089703112645826e-01 -1.165876122278473731e-01 -4.409200712113593434e-01
-3.415698668048931103e-02 3.168217077321285879e-01 3.514402828056563122e-01 3.133689944667555904e-01 5.176450317573685345e-01 -2.787945117337289336e-01 -3.703190992509824420e-01 -5.328391039308717075e-02 -5.642562832532251882e-01 -6.174014929188042372e-02
-3.524789428964788529e-01 5.897110288720190940e-01 2.751441617870118983e-01 4.293861420245428939e-01 4.016476613639834992e-01 -4.513902457797795420e-01 3.564602931989223067e-01 -2.620419421173023067e-01 7.176077688815539757e-01 -4.215444056021419028e-01
9.292004587516022873e-02 3.018477578872477696e-02 3.018598538072944301e-02 6.006462715205875165e-04 -5.888407847201013352e-03 -3.686080132694114810e-03 5.547099148839821324e-03 1.495494051962288351e-01 -8.108495854046054649e-03 3.999113146364222278e-03
1.588520402514484176e-01 -2.619199685698691410e-02 2.588678100216733856e-03 -1.907567254844951821e-01 -2.687565951607172043e-01 -7.568208971193752903e-03 -6.394502496223021526e-02 1.159125549969053648e-01 -1.219114990893352957e-01 -3.090127420739776087e-01
3.830124232274585983e-01 -5.492441373854365372e-01 -2.861024595827347805e-01 -7.032786532121525491e-01 -6.877891944853140038e-02 -6.958471718436086695e-01 -2.028834215710136613e-01 -6.338550893370399342e-01 -2.117100215711009703e-02 3.105461112822749947e-01
2.617998910870421650e-02 -8.872624436210040100e-02 2.109951835645924954e-03 -1.036433100445852129e-02 1.674038376894126656e-01 9.647220489439868596e-03 7.190961718564042870e-02 7.416200873627439016e-02 -2.445261030385513512e-02 7.543156215601919123e-02
1.123498527737900876e-01 2.516480436697790535e-01 -3.666017951507997280e-02 1.074217868687407235e-01 -4.430543840767664499e-02 1.751791880583154493e-01 -2.939035549130301073e-01 1.864302683306431896e-01 -2.936493734634207289e-03 7.249648924401021211e-02
-3.852512774550547192e-01 -4.016805807375930376e-02 5.802170766393848211e-01 -5.051737273085908642e-02 -2.532045434339879053e-01 7.128293827300684615e-01 -3.192816234739846992e-01 -5.186181018383027030e-01 -4.083149427326676628e-01 5.430486591926008133e-01
5.803903752103982683e-01 -7.601498724716816702e-02 -2.596695260006439687e-01 6.618811025567707951e-01 -2.619543098143470861e-01 2.616390204277895676e-02 -7.756315133267860373e-01 1.503511128158928623e-01 -5.355076182008630115e-01 7.418902805810181356e-01
2.518373616145564431e-01 1.736292849810145700e-01 8.722062799898884153e-03 1.169695009259752727e-01 -7.397400352106391075e-02 5.959514412599188626e-02 4.423055661484256995e-02 5.511290514265473200e-02 1.190408427037470684e-01 1.419851748127606283e-01
-5.197659774650482678e-01 -8.463965039488696718e-01 1.546562734478560686e-01 6.035572052790334485e-01 -2.752431800267981510e-01 5.897048299340792443e-01 -8.403766115239992285e-01 -6.959276776617216720e-02 -6.877071536886623093e-01 6.392123719235244250e-01
-4.021654727494930123e-03 1.853702244515575623e-02 4.335075141306141133e-02 -2.375472504290608577e-02 -5.460203152288126832e-03 1.711804566817684559e-02 -7.090685423502073037e-02 4.808189965626776669e-02 -6.881576827261964846e-02 -4.723759333089359164e-02
2.007351252360873306e-01 -2.362125397496903645e-01 -4.388378439839172307e-01 -2.977875507062411886e-01 4.327923406083644120e-01 3.659184063505424023e-01 -2.069563699354874664e-01 -5.374394000474960187e-01 -5.187898014901556332e-01 4.936869202917568145e-01
2.808610666712201276e-01 -5.134583923276125894e-01 -2.100007170917457880e-02 -3.419781153677320384e-01 9.708515228913629225e-02 -2.954944186432243436e-01 -4.060295611392834569e-01 -6.463291494822762107e-02 1.000036521602400141e-02 1.798030324101561606e-01
-1.143287129572060773e-01 -2.917241333745223542e-01 -7.910972475814793958e-02 7.226387132261959112e-02 1.683070480310795425e-01 2.203008216963106003e-01 2.405747640903109774e-01 2.001633526724846956e-01 1.258681982696898960e-01 6.882316744889427351e-02
-8.561330602502262854e-01 4.484950220759766348e-01 8.852269468339103720e-02 7.393499093361587393e-01 -2.689002607774278464e-01 -3.178928846621988380e-01 -1.515192022159714269e-01 7.621170893956648040e-01 -5.123976062147785060e-02 1.402182993803307576e-01
-2.437053884194842757e-01 8.402105576313444180e-02 5.655026421879737475e-01 -4.030582887525089864e-01 1.994522697004522116e-01 8.066777542094404341e-01 1.951713153577314952e-01 -7.684007451516696070e-03 3.367649538079350857e-01 -4.148266255969474958e-01
-4.628385237071816656e-03 1.347851260516185479e-01 -5.590281085080454904e-02 -1.371577713917084274e-01 1.602320972914181296e-01 -1.861136719481313317e-01 3.312201400561404219e-02 2.659683771798718871e-02 -5.150876365310947703e-03 -1.327258061242103382e-01
7.453094052694389515e-02 -4.993968729539504867e-03 1.721757931003954079e-01 -1.706295672901595242e-02 -3.569174812558102705e-02 -4.676501643914016126e-02 -1.612993729062026788e-02 2.654098241934114630e-02 -1.323281343530474385e-01 3.552229552320183142e-02
-2.856810948817144480e-01 7.661922875997635440e-01 9.160320752864500315e-01 -6.211275317442692678e-01 -1.042440734698759919e-01 -2.570987253676009776e-01 -3.152159868583847557e-01 -2.241991903976820466e-01 6.819394526821472846e-01 -4.035337481541850235e-01
-3.390860147623349641e-01 -4.367028482911165521e-01 -4.448389829813543250e-01 2.748519499773240948e-01 -2.321766669653703430e-01 7.262021991061601289e-01 -2.094029054387028521e-01 -5.143518701237322910e-01 7.532882300130544495e-02 4.394654272989903521e-01
-5.075848425391178420e-01 4.419536523706397713e-01 5.394131357377055513e-01 -3.209897226356509536e-01 -1.560791716558586895e-01 3.177846334390338479e-01 -3.198791682769919209e-01 2.312454515588229509e-01 -5.809660671119971642e-01 -7.120981839100491984e-01
-2.350737641412026513e-01 -4.531516898400446691e-01 -6.252353399346846086e-01 -3.915034063917350871e-01 3.800062895576118982e-01 -5.370145988300405460e-01 4.792245175487467451e-02 -3.175057906185032586e-01 -3.667594417862103384e-01 1.476505106138633339e-01
7.066654549051910872e-02 -4.288214397843250619e-02 -2.439224588687878281e-01 1.733089312150697114e-01 2.693970905182651102e-02 -9.357119763393507983e-02 6.651527220591132994e-02 -3.110446873485484681e-03 9.966554998393303832e-02 -2.265988680564476332e-01
-2.598083000702050005e-01 1.645914622473064193e-01 1.977907407175248378e-01 -1.478972950973008182e-01 -5.779927753210000185e-01 5.642103303142577131e-01 -1.282514374573987259e-01 4.404376989232292594e-01 -1.783412891505735398e-01 -5.497086297011931633e-01
7.864924384528584889e-02 3.891669402998537697e-02 9.285702116296286682e-03 8.105747949244701545e-02 1.128272310577425191e-01 1.104044013526027379e-02 2.606336889932331022e-02 -1.596269066332152865e-03 -1.925848118083745009e-02 9.398204970845253428e-03
-5.659617759932223935e-01 -2.821762161863584084e-01 -4.568983696987339305e-01 6.324120440106555385e-01 -4.822982900573978271e-01 6.939159472075607793e-01 -3.440410194572581237e-01 -4.605281528015900960e-01 4.824109993003007912e-01 5.607388641597815804e-01
-5.397990060415580604e-01 -7.967532510486353969e-02 3.621643791540992141e-01 -3.984584396315283758e-03 8.202236725560315689e-01 -2.675072510246814250e-01 -2.275861187706879063e-01 5.786160633255833519e-01 -2.557217727411061348e-01 4.229378705640011171e-01
-7.640475424523746062e-02 -4.318013575412932986e-02 4.930846056682825634e-02 4.603024026239421057e-02 -9.273973429339218283e-03 1.995249710655347744e-02 4.140247361226104261e-02 -9.328391919780710043e-03 9.706848375948947880e-03 1.082545340560544384e-01
-1.047445999988832893e-01 2.418891975270915928e-01 -1.527593990364236633e-02 8.181915069361057891e-02 1.827007163207277352e-01 4.349675318626068654e-02 -1.663069712110257781e-01 -1.428723495594869108e-01 -5.439980769298898705e-02 -8.836141967059540914e-02
1.118413117459183224e-02 -7.452566093848909945e-02 1.394339346171046337e-02 -1.771220555250121731e-01 1.043515426086195907e-01 8.069057678107426079e-02 -8.639360451335724445e-02 -2.598912580883719903e-01 -2.826698351972021794e-01 -5.595495249437184571e-01
5.227235600772683899e-01 -1.166935452198645945e-01 -5.301217835844217463e-01 -5.652328729401936425e-01 1.262056923030602518e-01 8.687198829161411895e-02 -5.178670781732297446e-01 -6.716543861752589939e-02 -6.253190358452523911e-01 5.150150327348566037e-01
4.619546812584012785e-01 -6.366772742129890306e-01 3.784254553777549046e-01 5.750451665082012553e-01 6.306191443295037224e-01 -3.048312720308418711e-01 4.014143635737955629e-01 1.699632625688063114e-01 -1.257097786746495457e-02 4.826291915867677584e-01
4.234003324138553848e-01 -4.487665856898312433e-01 -3.892410812316826618e-01 1.687279144289179633e-01 -1.393315367005803218e-01 -4.154370485877957875e-01 5.074783257785396851e-01 4.256539290376334383e-01 -1.282099114842754628e-01 1.128064120838799950e-01
2.120085923356021251e-01 7.908390724968827890e-01 5.093455126996063731e-01 6.022158140003414095e-01 7.222948014730151689e-01 -8.030946860023375766e-01 1.673234061931918870e-01 7.932841107503417755e-01 3.090308343944238589e-01 -8.704886691428056489e-01
2.849582481260066746e-01 -1.175965913597500911e-01 5.379168905220373803e-02 1.362279085246685950e-01 -2.054631292609313264e-01 3.755304709861134738e-01 -3.699149585210424751e-02 2.359155605717040138e-01 1.441586353207474913e-01 3.453508636762307460e-01
4.337205296293402679e-01 -5.447092143357240568e-01 5.578478159810327242e-01 -3.541369485968964281e-01 -1.767488703607218992e-01 -1.587736170798599578e-01 5.541045490615892355e-01 -4.474836670604874223e-01 3.272923646518741680e-01 -2.342341717124029610e-01
6.766387347234890104e-01 -2.550036001543870556e-01 -7.074584532560286299e-01 8.932583712407800025e-01 8.626010642852723065e-02 9.341072077569158028e-01 6.929450204352914922e-01 -2.708447988666320971e-01 -9.290677505436950590e-02 7.890342439403916774e-01
-2.179267959438053459e-01 6.300338548067144565e-03 5.909959461640887368e-02 -5.258774897401411463e-01 -4.299878886883102824e-01 -2.346751014081340792e-01 2.212255457992323149e-01 -4.090883787397729399e-01 -2.983064141534057523e-01 1.445807306249116408e-01
1.849824845297452823e-03 3.826054838362225041e-02 7.746771254982970888e-03 7.261740475356921742e-02 -7.576028863476583696e-04 6.293618160533705208e-02 4.953820139514680462e-03 3.962597614474838714e-02 9.743429723013624297e-03 1.862616688702863066e-02
-1.258205517543474483e-01 -6.033998035685890216e-01 2.771948230232031407e-01 3.266771714451971453e-02 4.896745991555540023e-01 -4.556751637255020970e-01 2.450622862147519287e-01 -3.972067234076647746e-01 7.156716597854724249e-01 4.420616105639142424e-01
-4.828224631842837899e-01 6.711076832924385283e-01 -1.040951570087348538e-01 -1.637285217661874626e-01 4.568103044579929217e-01 5.141891712436853501e-01 2.679825903881660198e-01 4.603399199082471305e-01 -4.641074131927171442e-01 -3.977368734122115890e-01
-6.719807242163575167e-02 -4.224166189658303261e-01 5.771936132107273465e-02 -5.617602991500578874e-02 1.616693008379364305e-01 1.724035607386431579e-01 1.151049769208357665e-01 4.142707911841292945e-01 -2.801545111211538597e-01 3.303421687795455863e-01
-6.775076851496277808e-01 3.952707330764295701e-01 4.482292584941861002e-01 7.202917947918665575e-01 1.307042776569679876e-01 5.892691080540489734e-01 -1.913677364102056577e-01 -8.578398198423481391e-02 7.055983718962820506e-01 9.197883585105677551e-02
-1.491061240618336836e-01 6.241519210843907706e-01 -5.615378762658254086e-01 1.916162896158002116e-01 3.064691800678436273e-01 4.236751216051835578e-01 4.001554388086562275e-01 1.155546346570879845e-01 -4.283224886491709266e-02 -1.581001075319761751e-01
1.258750973165395810e-02 -6.880279117701491344e-03 1.774854782849777032e-02 4.856086206953767748e-02 6.379558447653330133e-02 3.125322457897639766e-02 6.833948768564922921e-03 7.339073943529886290e-02 3.377425166364970283e-02 4.214441701740379714e-02
-4.907657071109942648e-01 5.987306819096884780e-01 -4.900343492156696290e-01 -5.571859981090090431e-03 5.722847130167564300e-01 -7.475724565145381861e-01 -7.993051672660222984e-01 2.622870970913493971e-01 -3.389012942717947729e-01 -7.029573832697849634e-01
-2.144976081036319981e-01 -1.668194665361737994e-01 8.158530278990103191e-02 1.390363054352082572e-01 1.436055318269695291e-01 -4.175833461533300928e-01 1.119564518616561755e-01 5.744042772764224036e-01 2.081976184452656586e-01 -8.282715101127265112e-02
-5.440727001623791859e-01 1.972711263115582425e-01 -8.111742181849056488e-01 -3.334950690349794411e-01 -6.753540891964365800e-01 7.852594766185881647e-02 -8.326569435931611141e-01 -5.072779331184013030e-01 7.997513597571087596e-01 6.877632299110485459e-01
4.509474877782171376e-02 3.297635720363819439e-02 7.627061728464792911e-02 -5.986430194716031716e-02 1.686952530688387575e-02 3.792472523091131899e-03 1.892902473316196085e-02 1.926719267360057011e-02 -4.347841592160303290e-03 8.807817539098853135e-03
7.574121708606974812e-02 -2.066438173507453846e-01 2.921865350666790762e-01 4.351079400537286035e-01 -4.841968330828394507e-01 1.836585561595622251e-01 2.279210810462782566e-01 3.643433817936651137e-02 -4.966389564127182132e-01 -5.574967999274555996e-01
2.398217507243453062e-01 -1.252642426170478829e-01 2.437471846660738961e-01 -3.380593501024842240e-02 -2.148739350129897085e-01 -2.430316273007547823e-01 2.257344317672647371e-01 -2.724930338341957081e-01 -1.295869629688336522e-01 3.113295074621043601e-01
6.966067650306390080e-01 -4.804421470521927362e-01 4.768802989240330525e-01 8.245780519116634455e-01 6.134832626925376120e-01 -3.284597769067069961e-02 5.271031148005838052e-01 6.937010617767616072e-01 5.925027815170504919e-01 1.054257652595811667e-01
9.525372446031844798e-02 1.156628288577024738e-01 4.695671444163707631e-01 -1.438128854298474646e-01 1.874732316104229524e-01 -1.971901690915867644e-01 8.869840106638925137e-02 2.658927277843989856e-01 -3.728453667456160248e-01 -3.564574516260891057e-01
-3.569670661719044347e-01 1.337497215281052143e-01 3.852618474379521651e-01 -5.816895466456823982e-01 5.704435178515763205e-01 -1.220729038609640466e-01 7.211891162427456203e-01 -5.608706544692992901e-01 7.489397446665610469e-02 -4.132044737557668407e-02
1.584933021325667934e-01 -2.192226671522023163e-01 -4.181247662021970180e-01 1.442294408338432206e-02 5.133846522882531266e-02 1.290832328766316518e-02 3.829367145030593833e-01 3.908444201312302191e-01 -2.882008971207252607e-02 -5.009407607032868581e-01
3.050205542346631216e-01 -6.149766832371207359e-01 -4.726021161893389499e-01 3.029191066452549541e-02 1.547428920843723632e-01 2.920683947321893181e-01 -2.635739875536069476e-01 2.004035085156127272e-01 -2.662967050400288915e-01 -4.032334741581317661e-01
-3.687823326801724366e-02 3.743413975548481876e-01 3.190560219684640542e-01 1.827398814790904824e-01 -5.574436486456727652e-02 2.230906139927150422e-01 -3.240477306963118753e-01 1.846801739221609617e-01 -4.520168790815003732e-04 -4.176139797047457303e-01
2.505177765629071907e-01 -1.877414897068379052e-01 -1.566943140502912446e-01 4.523073870957966536e-01 3.873504200781942575e-01 4.663623768957458338e-01 6.927654186247881318e-01 -9.353630115514918741e-02 -2.923029870423284327e-01 3.406896630738425191e-01
-5.120828509695262154e-01 -2.162294093736047140e-01 -5.439421715389190781e-02 -9.032326946393949563e-03 2.646996450587997818e-01 -2.445252026482057361e-01 5.502456319739432167e-03 -1.840107240431056168e-01 -2.864893647093353923e-01 2.398074948712881904e-01
-1.762082401980201440e-01 -7.069538096335693800e-02 -2.547369145190147566e-01 2.496784877441346751e-01 1.756846782709874655e-01 3.100388214770574691e-01 -1.133164646895736261e-01 6.348478145029250175e-02 -7.476896953296165334e-04 -4.382047187697437479e-02
2.136578378805507050e-01 2.405598581881756848e-01 1.730173730914812136e-01 -2.154099902397376143e-01 -3.649308979797467600e-01 -2.431497737617815125e-01 2.320871925646063594e-01 -3.163026924084424429e-01 3.525987581868486598e-01 6.524755697348938455e-02
-1.974690801628357228e-05 5.344278549684485791e-01 -4.411040989025131753e-01 4.750186299839728732e-01 6.462541431572198514e-01 1.769303140149335318e-01 3.234324399645374104e-01 2.757788487289180024e-01 -4.689155368800234647e-01 -6.461804094062327808e-01
2.833062016204759281e-01 -3.730030398950522907e-01 -3.966691854025751196e-01 -2.337593217466727991e-01 4.732153211231198697e-01 -5.182688281997905461e-02 2.103265215410896408e-02 5.199201754272312348e-01 2.630970006094899838e-01 -2.455290638014262228e-01
-6.858571041490933717e-02 2.971341505533385829e-01 -2.511906469754651705e-01 1.814218272645728436e-01 -5.121043159609622863e-01 -1.678425533370390965e-01 3.093948473141295841e-01 -2.783409483227179404e-01 6.681416541277697130e-01 4.509698487326792016e-01
-2.096786795059086411e-02 9.750671924639733867e-02 2.229127212953584403e-01 2.100254840885949770e-01 8.164256916368066441e-02 3.691481108641282427e-01 1.718486206200941224e-01 -1.049068114675413693e-01 9.038138209303929471e-02 2.628198957591111329e-01
