6.317672245106980000e-01 -8.057504473826780922e-01 -1.147853998400676367e-01 -6.220131281561180892e-01 3.252740652212533501e-01 -4.560581896471977981e-01 3.496849274845489353e-01 5.940181873497057952e-01 8.036758231569361977e-01 7.110841481716325685e-01
1.497655885414227728e-01 1.210636719143363543e-01 -3.931322278708903051e-01 4.044846153917758813e-01 3.999635440376354545e-01 -1.108316625895586494e-01 -2.515675558231013631e-01 -4.334788370047076844e-01 5.190727423198162604e-01 -2.697715126352107085e-01
2.847694433993518404e-01 4.459592225966028667e-01 -2.012905602176727829e-02 6.637788562444356666e-01 -5.760123491550801500e-01 -2.969142187078495643e-01 5.645728222278300068e-01 2.458399729460878647e-01 6.857056320867377375e-01 -2.663464127614946220e-01
1.453554506241190036e-01 -2.940830905959067043e-01 -1.022608394904065965e-01 -1.088952644464546426e-01 -2.394296385013946482e-01 -2.836799348357761374e-01 3.340101853925364628e-01 -2.945257596343879847e-01 2.322208917015272656e-01 -1.546006750166523391e-01
4.842029871108548440e-03 -6.289867680822470650e-03 4.793881738853522645e-02 -1.551085524974021683e-02 6.071999681966956663e-02 2.805719632779806339e-03 3.069050891813535423e-02 5.337477781243851055e-02 -6.600405906046232993e-03 1.924086800992091950e-02
-4.457253638915092964e-01 -7.483196828002720569e-01 -4.081321166117232724e-02 -7.938246935505576252e-01 7.024152814489517116e-01 -6.937489032580635984e-01 5.535148870828026091e-01 7.113760705967184794e-01 6.751571085802187122e-01 2.296611781471597780e-01
-5.950776452581451118e-03 1.238050968958397807e-01 4.231488639008255948e-02 6.672166741917901454e-03 -1.077550585082692053e-02 1.914691701858253770e-02 4.792888825603106723e-02 1.394384838063921677e-03 3.659330867242223395e-02 -1.393142779930901971e-03
-5.369424672597035153e-01 6.836114758693517812e-01 7.511388704582395992e-02 6.889635826168758470e-01 2.274157821801639778e-01 -3.254816915936343813e-01 -3.851112317752763414e-01 3.217431792169007099e-01 -6.066803077746242279e-01 5.629928161024455591e-01
-6.890054358359420927e-02 5.928119417043355988e-01 5.532783492777907375e-01 -5.623837493455199343e-01 -2.800056522155289773e-01 3.708905385927899756e-01 -4.268137521692250691e-01 7.197678647156686704e-01 5.187363351337275219e-01 -1.897518930038839258e-01
3.364222850954195609e-03 4.517976821836988780e-05 -7.436916481011023559e-03 1.564309734003966820e-02 3.511927921151645343e-02 1.857512150028520215e-02 6.118266565456515621e-03 3.307899497455232818e-02 2.310484160268808096e-02 2.993163724919015861e-02
-4.083661881043658404e-02 6.190459359575076204e-02 1.205636695259699742e-01 -1.674130493266704767e-01 2.841160662811975657e-01 -2.260813142003816750e-02 -4.352275232442007202e-02 -3.387844585821394444e-02 3.546661603440631749e-02 5.594677910730366105e-02
3.431624477675943585e-01 -3.195801688157851039e-01 5.926871503295449983e-01 1.868949851159451281e-01 -3.493651687019527080e-02 -2.094264274115634761e-01 5.415195335459497272e-01 5.063287767117958804e-01 -4.542663136512651301e-01 4.090968944991200118e-01
-4.335684627687729775e-01 -4.138855749803332235e-02 4.568997430018754691e-01 5.982937257235393380e-01 4.702271699421019524e-01 -4.894591664737949488e-01 2.095759216834580108e-01 -1.362735450328728393e-01 3.230632563899795695e-01 -1.331099641667395639e-01
4.285687600595075031e-01 1.919755560273855022e-01 -4.654796668401537385e-01 6.472787574906544439e-01 1.766009245406835182e-01 5.183262396265580357e-02 7.477036012415393396e-01 -1.689273925596907200e-01 4.137041885194346347e-01 2.844707402579843558e-01
3.132846273392997927e-01 -5.535372405288044861e-01 3.533715546225078552e-01 -2.386253003424024799e-01 2.919397394268002377e-01 -1.837996794716754978e-01 -4.587898100570077520e-01 -1.692112458673454278e-01 -2.006878257121803288e-01 -6.903457620279059848e-01
1.320643875830025292e-03 1.530686481571780395e-02 3.292460453079942839e-02 9.648477055029545946e-03 5.869373103317962470e-03 2.862600024240381444e-02 2.025195973205810157e-02 1.692434434227124782e-03 1.515565294998324000e-02 4.531452989916739948e-02
-4.903433916953817140e-01 1.227937739086136237e-01 -6.149229186357315635e-01 -5.361594513234525516e-01 -1.359253571387010300e-02 2.387716428937705915e-01 -3.785359693081895294e-02 4.116935052772796588e-01 1.094898427271490116e-01 2.320296929012803100e-01
8.300935161241724813e-01 -5.337668765497951551e-01 -7.693394548023265722e-01 4.704021178437511885e-01 5.950404894759652175e-01 3.148872281356362435e-01 1.118299095013135375e-01 6.655637602383976947e-01 8.043402792154447090e-01 -4.411098735356223655e-01
2.585932716600443902e-03 4.335408594971868618e-02 -5.985474783820615707e-01 -4.810255832919722030e-01 -5.833600428400149696e-01 2.886167117408998117e-01 -3.672420622635639287e-01 6.665324245329585784e-01 6.839133233228036901e-02 1.312556350562351509e-02
-6.387798680840843513e-02 3.128321197473457604e-01 -1.567275021927956591e-01 4.713365086480607313e-02 1.713112675860709311e-01 -1.119817211469177898e-01 -2.771102170618093830e-01 2.130481327567741723e-01 1.961079841558888148e-01 -7.778339293372478654e-03
9.841845883899550881e-03 -5.571132441952041103e-02 -2.683356309876952506e-01 3.978966700617044272e-01 -4.518447808377207831e-01 -2.898076625417594920e-02 2.059023750268310360e-01 1.783807741563666616e-01 -3.350723955540517718e-01 1.937743184405367192e-01
2.979127000425697558e-01 -9.995842818280703534e-02 -2.911231788339347371e-01 4.327018373463192846e-01 2.847472012894226023e-01 1.725632153559538695e-01 2.378200818934990690e-01 -8.841894829743802975e-02 -1.375504323216248104e-01 -2.220786501504022625e-01
7.055114123126007830e-02 4.762138194838594352e-01 -2.629604139325687484e-01 1.989994383520265475e-01 2.942726921833771492e-01 1.534303508883699263e-01 1.149944382083598754e-01 -1.076983322437894547e-01 2.796438138858354794e-01 -7.584972260295777535e-02
5.225328358645393578e-01 1.108355267211104944e-01 8.170662876317490442e-01 -8.845975976619129266e-01 -3.958849139894738967e-01 8.734271579589428236e-02 7.584944136521214464e-01 -7.730425605980161263e-01 -2.097545494678479394e-01 -8.097442557042391353e-01
-6.343273313197501651e-01 1.851727350313639719e-01 9.285806304152191895e-03 -6.649839505776758419e-02 3.395496016315103227e-01 -1.426020939204272753e-01 -6.937638065167355261e-01 4.757379229113854469e-01 -6.604388406499405173e-01 -6.220706297097986504e-01
1.526776162739874008e-02 -8.825866490300801614e-02 -1.869043034691570890e-02 2.727331429006619734e-01 -5.232399030249871297e-01 4.646818190800250936e-01 -2.252616239247408336e-01 -2.684627833076834100e-02 2.397926128215127628e-01 -1.178528674381254387e-01
1.713411896737475626e-01 -6.257291046341998397e-01 -8.119371973283389110e-01 -8.156488123897331910e-02 -3.103109015182065611e-01 -7.993813507586914335e-01 -6.678088668825922225e-01 -7.255805412533683496e-01 8.647461553384486743e-01 -5.171048639689062032e-01
3.766261420435142449e-01 4.830490776268615005e-01 -4.149833655419482570e-02 -2.723589129246700713e-01 4.453805786698696312e-01 -3.005333113285530988e-01 5.252724188735738986e-01 3.602402167920140674e-01 1.586839392563082485e-01 1.416912591149266376e-01
-3.215960979398501118e-01 2.856944038703697064e-01 -3.361263809694205185e-02 3.024179531220584638e-02 -6.958620738899732316e-01 -2.510082918869958046e-01 3.301074327639977324e-01 -6.613541542435190657e-01 3.910892936020736177e-01 1.402704621547606846e-03
-1.765521551446552206e-01 4.848752504634315508e-01 6.186758620730566927e-01 -5.994796526366336781e-02 -2.421701900791406736e-01 -5.476265302667366885e-01 -2.585199680996857485e-01 -4.208086239169529508e-01 5.309488487249369726e-01 3.717296286724143251e-01
-3.794440731760907459e-01 -5.514311455495679581e-01 8.703511051125878417e-01 6.496189908575086269e-01 5.151107983117541034e-01 -1.407474141625624231e-01 -6.806875997540799972e-01 -8.199561582623193789e-02 -5.838617222190212175e-01 -6.624223180456204618e-01
-6.670765441913981131e-02 -1.104738315614075123e-01 -6.980179065627831747e-01 3.370128756105111867e-01 -3.843143782440129330e-01 -5.978272875912448159e-01 8.074932627676385533e-01 -1.493754961610773424e-01 -1.340920868679589817e-01 3.494760338899286500e-01
-1.493668673217941889e-01 6.142392318819629438e-01 -4.941669799958303133e-01 -6.737979152813600159e-01 2.489719695353153073e-01 1.303369996374789952e-01 -4.133283215682861250e-02 2.462172670783956130e-01 3.171110736649037087e-01 2.584408975439816958e-01
3.164515049056060847e-01 6.475037781478640841e-01 -2.237814802305568840e-01 3.643655517990782022e-01 -6.441824793919060932e-01 -5.934841673191441069e-01 1.090044474826009635e-01 2.027224692163940023e-01 -1.127081411716377990e-01 -4.491513379933050332e-01
-3.201525370800275411e-02 3.132539667040585285e-01 3.553875739317525206e-01 3.154060400766591221e-01 5.206009886993233637e-01 -2.873677692113784099e-01 -3.743068748849762151e-01 -5.747888187283671513e-02 -5.674780921157529523e-01 -6.112647308443709682e-02
-3.560033479435752990e-01 5.961661103510929038e-01 2.684763013954752919e-01 4.353483548645907808e-01 4.148785980879814983e-01 -4.491527956978117464e-01 3.641802238288004423e-01 -2.735345764862875950e-01 7.230960882722816674e-01 -4.263523116228462584e-01
5.064106374469759531e-02 8.666661020152292144e-03 2.392869922972221813e-02 -4.882495692712068413e-04 -7.958385293596559286e-04 -9.389426005793849103e-03 8.996168535589722445e-03 1.060119918764560742e-01 -3.641418926678295729e-03 2.166029342521285945e-03
2.514486667144333332e-01 -2.220216538465411005e-02 3.752435697683594723e-02 -3.071050818330777199e-01 -4.595400437486034662e-01 -8.315306765029801400e-03 -1.100735468835828818e-01 2.160711078979623834e-01 -1.458667973297138876e-01 -4.552686367608113627e-01
3.862157118142009460e-01 -5.534816035829733805e-01 -2.892915195821141872e-01 -7.085925499107460501e-01 -6.944970352775596545e-02 -7.057564029842554598e-01 -2.022718631418633506e-01 -6.368219434564520443e-01 -2.263738141560201617e-02 2.969758286214292387e-01
7.735795939777575375e-03 -1.555589639416769532e-01 1.139236132003773258e-02 -6.514085751926622370e-02 1.434783415128267625e-01 6.413775516861083825e-02 8.744891163627116493e-02 1.611130513494295202e-01 -5.909217665562541133e-02 1.092423817231215760e-01
1.290505942559313779e-01 2.606621621784750431e-01 -5.403620644431594150e-02 8.253572568555107847e-02 -6.735303328536164369e-02 2.323441494940283181e-01 -3.656315901485696074e-01 2.152385808776437481e-01 1.066241591952583889e-02 7.870087571862362241e-02
-3.984673505844877894e-01 -4.560297390664074663e-02 5.861967870420666804e-01 -5.204104306322587109e-02 -2.581981192219578447e-01 7.225234457473982408e-01 -3.204221609322878694e-01 -5.336376169689253102e-01 -4.098258408729001379e-01 5.385598520967125324e-01
5.819848465343617772e-01 -7.873450154910248411e-02 -2.601643083532775291e-01 6.640614027527544927e-01 -2.624139159852330039e-01 2.484374724253692046e-02 -7.771881168635124126e-01 1.493803740623504683e-01 -5.361336366261506559e-01 7.435657679003755405e-01
2.684447155979309829e-01 1.951015320032334632e-01 2.669836396126614667e-03 1.329982975722174832e-01 -9.080958582299847315e-02 6.057828305619083337e-03 4.682631667287827371e-02 6.840682520509105968e-02 1.313394749670587225e-01 1.645164525858646143e-01
-5.193349519277629112e-01 -8.493560559461581505e-01 1.523518749604771960e-01 6.030947659550577322e-01 -2.736473914229869409e-01 5.910408094098005272e-01 -8.416573354372851590e-01 -6.950606563598103749e-02 -6.889237390285792850e-01 6.390034458846777232e-01
-2.590777007039069338e-02 4.578520444002408263e-02 1.275120308976936123e-01 -5.484602223716498657e-05 -1.405868037961938988e-01 -1.318337869126806339e-01 -1.828977593580635996e-01 4.288614370317878760e-02 -1.408180026388639317e-01 -1.058601315032334234e-01
2.055060536007381200e-01 -2.418312132954149041e-01 -4.435914726001847219e-01 -2.979421691619858481e-01 4.295119868391057971e-01 3.707212979970861411e-01 -2.042751293696690174e-01 -5.536411664365785690e-01 -5.247931748295747711e-01 5.046421181422350299e-01
2.976449416505617118e-01 -5.399217797773191441e-01 -2.709234736332381127e-02 -3.608022220629071297e-01 9.819014663679845323e-02 -3.125723576377778534e-01 -4.499572481885587005e-01 -6.956473999129322849e-02 9.179923720417227165e-03 1.906900464840191878e-01
-1.362305737549479590e-01 -3.370220581147501671e-01 -9.230032736208049204e-02 1.055422641318600335e-01 1.413693882712386274e-01 2.560543021771179428e-01 2.900085172885279450e-01 2.524466217151327130e-01 1.642299140839510452e-01 2.699862169102273599e-02
-8.618249409517785287e-01 4.480031899958304975e-01 9.009984085930260178e-02 7.375476319794251889e-01 -2.705689494041382259e-01 -3.192449915466861188e-01 -1.523116466707946370e-01 7.673284936566886483e-01 -5.099894477458843250e-02 1.419151311648202685e-01
-2.574420717282288051e-01 8.547248129745413370e-02 5.731618283139828796e-01 -4.084771915760797012e-01 2.026128255634893349e-01 8.170182020283689450e-01 1.974776691670710460e-01 -8.139869644265078016e-03 3.412377808475027252e-01 -4.193685264376530997e-01
1.800771618664124066e-02 1.775142509165563154e-01 -9.175767197828833821e-02 -2.253987554400763982e-01 2.466732091362007218e-01 -3.052802649749458697e-01 -7.844619254484233584e-02 1.834050342132615904e-02 -2.978402572928116887e-02 -1.913983633181888244e-01
6.291246992399185389e-02 -8.607401480837328922e-02 1.479588977991185272e-01 -1.265896238044005896e-02 -5.319625182489984977e-02 -7.050568897366396581e-02 -4.967083950808311166e-02 3.731354725139899436e-02 -2.061435690175804913e-01 8.042291018506877998e-02
-2.883076323770494831e-01 7.740466455989307715e-01 9.214635627153099362e-01 -6.244160319400724468e-01 -1.055054513978330583e-01 -2.747623376210041046e-01 -3.102975225761968603e-01 -2.163799020237889004e-01 6.843828150046373793e-01 -4.259466810652540736e-01
-3.438997890563331161e-01 -4.381642731288800663e-01 -4.476547465355356636e-01 2.769561882933582186e-01 -2.329184781651591762e-01 7.238372032354301044e-01 -2.144848612478341687e-01 -5.171243227371327134e-01 7.607589605426709478e-02 4.456328629463813251e-01
-5.080786940928051498e-01 4.424337486809070130e-01 5.399938378343110967e-01 -3.209498081886481557e-01 -1.577753244713843428e-01 3.164116103466591001e-01 -3.199583758833111080e-01 2.319358446410706431e-01 -5.813216102342290137e-01 -7.140678603554393433e-01
-2.448436566472018960e-01 -4.647027782325671708e-01 -6.437572457680349469e-01 -4.184546716320272086e-01 3.908597464844955627e-01 -5.512800427617904342e-01 5.112254925595498961e-02 -3.266836731516885028e-01 -3.764610352642697721e-01 1.581226108395958896e-01
7.839622236366578303e-03 -5.749631700263763134e-02 -2.739678935583315100e-01 1.993233790730912780e-01 2.069060483481135332e-02 -1.010720833373613958e-01 7.418864615797012008e-02 -3.723715184703281500e-02 1.227608317180418213e-01 -2.668541719187438876e-01
-2.776907572275295055e-01 1.672918646944105692e-01 1.980842283174275298e-01 -1.644202886150798459e-01 -5.991616568758748596e-01 5.672402585669965580e-01 -1.333888592212665869e-01 4.535230609059816564e-01 -1.824956255909102598e-01 -5.633544435954380702e-01
1.107847991107422242e-01 7.520378450689073346e-02 -9.048886869018016310e-03 1.614853705133956208e-01 1.361535557055209567e-01 8.870634108543004603e-02 6.186422238091038306e-02 -2.105403644144458047e-02 -5.439220911163632904e-02 1.187138806753441390e-02
-5.678583534508016006e-01 -2.836703595095919073e-01 -4.582877400612474506e-01 6.336004007944701089e-01 -4.810367525724513760e-01 7.023398699892133834e-01 -3.451673268083010893e-01 -4.679991382495807262e-01 4.833382444603588901e-01 5.606738073457256943e-01
-5.395178070702557616e-01 -7.965998055932645150e-02 3.625947423319281215e-01 -3.416825409836198469e-03 8.207329527555019544e-01 -2.674422558193202959e-01 -2.290590300088861109e-01 5.790898033514806365e-01 -2.558197923116121153e-01 4.239159918472216182e-01
-1.759357218925352295e-01 -8.826696656990419554e-02 9.348858489131277316e-02 2.397756084178771091e-02 -7.445915968999354539e-02 -5.306720840012726925e-02 9.844494328838745978e-02 7.439071778569928371e-03 3.179282357710704054e-02 4.928964194934429971e-02
-1.348407727074388551e-01 2.526655626980471858e-01 -5.496836029516879996e-03 1.186985609131928077e-01 2.385640847722445002e-01 5.045490770578934386e-02 -2.326616664017942815e-01 -1.645068443999780083e-01 -7.063554533432758742e-02 -1.299307735114769990e-01
9.881274798703857179e-03 -9.191538968617249394e-02 9.919371957831570746e-03 -1.965803268689928496e-01 1.257433950043548299e-01 1.199389571436066393e-01 -9.414939202911899729e-02 -3.279588234538324265e-01 -3.037011539496755619e-01 -6.170764036261462415e-01
5.321859580333208051e-01 -1.384846963343853432e-01 -5.383482712298367501e-01 -5.774063204564642282e-01 1.346606202262690399e-01 8.883811518385197059e-02 -5.357800117102398119e-01 -6.557069585442303061e-02 -6.419500051273570040e-01 5.251400705871228647e-01
4.644408148510862921e-01 -6.395908452114026366e-01 3.796658036793419400e-01 5.773334202327999876e-01 6.325989330476671224e-01 -3.020813249980314197e-01 4.040222505242218598e-01 1.675486354067731998e-01 -1.135964310681299855e-02 4.830860910171365652e-01
4.359835088573216222e-01 -4.564061748277281616e-01 -4.149810579879595895e-01 1.773977944727122280e-01 -1.415557782857008728e-01 -4.224187061611219263e-01 5.223749442586834713e-01 4.358569331862584550e-01 -1.310920605493250402e-01 1.155820348054074909e-01
2.047660613353157188e-01 7.938363369435798012e-01 5.068393293347966955e-01 5.994532352603901826e-01 7.209204557177122386e-01 -8.029789068411317121e-01 1.665674062659047716e-01 8.002606330418332581e-01 3.091667829640022402e-01 -8.732989966163191564e-01
3.190591387895453379e-01 -1.348190790794532856e-01 5.903147662584492389e-02 1.457607670426354085e-01 -2.120138427729894859e-01 4.411933475217376666e-01 -5.295253117905342893e-02 2.304568076115325048e-01 1.531734390997803730e-01 3.334238402707992432e-01
4.489315910385295316e-01 -5.658000241812771725e-01 5.721834541067629676e-01 -3.587487781259482977e-01 -1.890212296698579042e-01 -1.617593556771636520e-01 5.525103406937551531e-01 -4.590263576847139482e-01 3.308978052326994601e-01 -2.434179200061507009e-01
6.767264525112235418e-01 -2.549744650554549574e-01 -7.074032123107265591e-01 8.933798877959184814e-01 8.632509957088028985e-02 9.337810191772322188e-01 6.930063748154356995e-01 -2.708757953151845754e-01 -9.292580145041530459e-02 7.889936074188791393e-01
-2.200184225700671514e-01 3.496984417395381135e-03 4.485290463060302713e-02 -5.393459552145917213e-01 -4.409525952397354565e-01 -2.353219718251757520e-01 2.359711305195718589e-01 -4.148334356865200356e-01 -3.074275559017937698e-01 1.485748814166389653e-01
4.718556659025422394e-03 4.728977139221594156e-02 1.536782554231106573e-02 5.536080007576587442e-02 -2.894303556281828307e-03 5.221568764454932038e-02 -3.283654047858046952e-03 1.796374477738377565e-02 8.257148817285873271e-03 1.842386405624618292e-02
-1.216119057684224708e-01 -6.071830692783236616e-01 2.847794508416453541e-01 3.033702345355635682e-02 4.830551086274665895e-01 -4.577315673321101785e-01 2.385848595400423822e-01 -3.983738953081916723e-01 7.178337999903739997e-01 4.415807609020286351e-01
-4.849135986693622891e-01 6.652717690039117171e-01 -1.053218932227195925e-01 -1.680563694916662187e-01 4.664062952832420672e-01 5.182922763295233493e-01 2.616484923954515707e-01 4.658188050060964036e-01 -4.717674121104112883e-01 -3.986613338284853980e-01
-7.112742756834926350e-02 -4.545990780223609917e-01 6.660200927757062295e-02 -4.412231117831166144e-02 1.843437768126555965e-01 1.752898539311260884e-01 1.347234096849238838e-01 4.367769015355331130e-01 -3.110995469005046754e-01 3.558920104969881537e-01
-6.796116251561332700e-01 3.937801860821494859e-01 4.498856995837415274e-01 7.235935645759898893e-01 1.319564690928005657e-01 5.916507305148619444e-01 -1.919795453641003624e-01 -9.050507198984245050e-02 7.081040561774727404e-01 9.231031759314713148e-02
-1.502586103494750747e-01 6.294082247974249755e-01 -5.656569246321920819e-01 1.935895263778419639e-01 3.088613625328154866e-01 4.147440636919350054e-01 4.034390703121348842e-01 1.169309690515526745e-01 -4.271736135749421709e-02 -1.587526616902425469e-01
2.605181803319668588e-02 -1.165028199283803245e-02 1.499264509130308377e-02 4.325925504704222768e-02 4.509042188447860006e-02 3.891485627335187353e-02 8.688605438700456457e-03 4.520663301673156359e-02 1.308213262533405342e-02 3.029286421594578824e-02
-4.914374468209605218e-01 5.957058797695222729e-01 -4.899309401420312571e-01 -4.863902788563813882e-03 5.717367764428626931e-01 -7.487676851649652798e-01 -8.003977679493804454e-01 2.634707731074349413e-01 -3.393077315054180421e-01 -7.039272984252311627e-01
-2.285187450357259731e-01 -2.004467198127857508e-01 8.915708264618511791e-02 1.432415468407357839e-01 1.580999575115290823e-01 -4.443608464835021032e-01 1.194629429267934084e-01 5.945413635762072380e-01 2.256177402930784059e-01 -8.643002142530534226e-02
-5.447038918368627414e-01 1.981440849163473572e-01 -8.131216938053087429e-01 -3.341662163096318916e-01 -6.755032110315473126e-01 7.831637841644409348e-02 -8.332152466697443360e-01 -5.079641080447419021e-01 7.978648763296376512e-01 6.894014536319318376e-01
4.679693048830040752e-02 7.267133956961599472e-02 8.470907586785481058e-02 -1.673474953635147033e-01 4.601505709481467504e-02 -7.277236074170397029e-02 -4.430150219044617227e-02 -4.526580643851427221e-02 1.686390577902476678e-02 -2.089458789676932986e-03
8.037687650126142114e-02 -2.117585127355127994e-01 2.972650361320923196e-01 4.384155243915503486e-01 -4.921957070854059424e-01 1.759595927009766358e-01 2.413072902922431262e-01 3.999072355141641832e-02 -5.059986630141599662e-01 -5.734029970634560991e-01
3.314204951651862352e-01 -1.732713879092281362e-01 3.188826132789635559e-01 -3.784364015284114729e-02 -2.590211052022501903e-01 -3.226373032438069610e-01 2.285960344857009274e-01 -3.844566096037134173e-01 -1.835111953568748233e-01 4.022967694564335561e-01
6.966054434786053129e-01 -4.810245428243883903e-01 4.776861288441164310e-01 8.239551713792504506e-01 6.143406373817601462e-01 -3.240829434810087867e-02 5.265962111085985553e-01 6.942199117239468142e-01 5.931414590501861150e-01 1.057397019708693209e-01
9.093691539029290227e-02 1.183492490337881980e-01 4.588554798808215374e-01 -1.479551939595754317e-01 1.929142386248036412e-01 -2.008990452515247715e-01 9.002109109849176782e-02 2.716451816484167225e-01 -3.778552852692804165e-01 -3.617982195018833447e-01
-3.617962467627912071e-01 1.332140313951706290e-01 3.880311192054878844e-01 -5.849663222739153179e-01 5.744099345856106265e-01 -1.289859535692241266e-01 7.259521162679214434e-01 -5.641281801411479613e-01 7.546578680436014097e-02 -4.115079649390858407e-02
1.637401306628788744e-01 -2.382955258902201834e-01 -4.448838411289408046e-01 1.667754938444770962e-02 4.683712622242282297e-02 -2.218194432909679700e-02 4.073135361009238564e-01 4.356748060417923729e-01 -3.897174044061550713e-02 -5.714053815771430456e-01
3.095792256205042725e-01 -6.227611485789987800e-01 -4.843785096569755977e-01 2.972269665192473279e-02 1.594618665202713892e-01 2.961022790624819878e-01 -2.650715371627148653e-01 2.045050240782566864e-01 -2.798479210053316235e-01 -4.078083605422454516e-01
-4.067550174632118820e-02 3.794829488830283037e-01 3.330179417905986816e-01 1.933202999851388604e-01 -6.920508097343811005e-02 2.244237760216886424e-01 -3.371029861438233910e-01 1.912635854337515207e-01 -1.995779913130829239e-03 -4.444998212352543332e-01
2.543825459021592517e-01 -1.885840621922048321e-01 -1.614921399155980486e-01 4.577638530889175938e-01 3.920787743553976190e-01 4.632555194304289192e-01 7.038447857520210293e-01 -9.152318736500010543e-02 -3.031403301710517972e-01 3.380588034311340917e-01
-5.200684054939551659e-01 -2.316990244980786928e-01 -5.307787655209683653e-02 -2.738896201763596147e-02 2.638276617260898460e-01 -2.766961177754658219e-01 1.044972991733779562e-02 -1.887747780415472143e-01 -2.911602054311860366e-01 2.427852751223876226e-01
-2.078987262221030918e-01 -1.204772476875983905e-01 -3.275028590905020298e-01 3.815610049048580033e-01 2.022002675838937558e-01 4.021953537313130989e-01 -2.135133066278678271e-01 2.847315717763618248e-02 -2.085255143335995598e-02 -2.655872235353448976e-02
2.289536364649578659e-01 2.387392336868293385e-01 1.835321393402987444e-01 -2.247678014003736957e-01 -3.799786373673833539e-01 -2.500378712896516586e-01 2.231350743852776319e-01 -3.362791719524704792e-01 3.715166207985594049e-01 6.847485230674464629e-02
-3.735974178065772935e-04 5.335382275165087007e-01 -4.420103931430818256e-01 4.765234860146833062e-01 6.487976350889805843e-01 1.777810249742667603e-01 3.201950399940775016e-01 2.760801877827001594e-01 -4.700319511717399035e-01 -6.478073548383359581e-01
2.985276043539295543e-01 -3.920888665608769919e-01 -4.323944320604333758e-01 -2.447136163809305598e-01 4.986250448185527984e-01 -6.854174337481415413e-02 2.266814905849736522e-02 5.458857748522085718e-01 2.764721185718667096e-01 -2.624426517100023060e-01
-7.718972973684529171e-02 3.048564513463974945e-01 -2.566543006802570193e-01 1.805802166757926319e-01 -5.181765448947300845e-01 -1.670060036339351128e-01 3.092634182746609173e-01 -2.744790111106413244e-01 6.778167130431030918e-01 4.615518974978479183e-01
-6.258857452360827578e-02 1.082705498233674235e-01 2.751031681252291139e-01 2.377862588439438318e-01 7.898251819670132345e-02 4.308440069898297198e-01 1.922826313306782720e-01 -9.422960823180075163e-02 1.025663007006755723e-01 3.073688112036241371e-01
