6.295107879255283923e-01 -7.956795540429797420e-01 -1.148240518082464801e-01 -6.200692300830408232e-01 3.223301904814336871e-01 -4.557289172219902151e-01 3.512210223982709656e-01 5.922871095761782501e-01 8.039100222944297602e-01 7.079974174897161188e-01
1.494048062865566961e-01 1.205910656666090430e-01 -3.878882779553435856e-01 4.041352579229536279e-01 3.956303188053067466e-01 -1.077539024112500743e-01 -2.521988559728097212e-01 -4.314814452170335213e-01 5.163120746657565707e-01 -2.684080339723419750e-01
2.787542468817216235e-01 4.416710903019179790e-01 -2.010741400581627161e-02 6.559355180821638820e-01 -5.671611851691714667e-01 -2.936607536919730865e-01 5.550129535907293299e-01 2.509600326471064791e-01 6.815969791435352310e-01 -2.658196420075472632e-01
1.574106443426189217e-01 -2.016241907473672323e-01 -5.377709915957149672e-02 -5.722844792412950382e-02 -1.614835447428947246e-01 -1.683490771400671659e-01 2.177573898896019988e-01 -1.858629616026033771e-01 1.549553247401616318e-01 -9.912327140523399804e-02
-1.610449139131673972e-03 -3.237948863396529226e-03 6.357312503035945916e-02 -7.249905490325992546e-03 8.815395025450718791e-02 1.165977676454004776e-02 1.988990800274750836e-02 6.118487388458461462e-02 3.599301675667483831e-03 2.871930702418502498e-02
-4.455883343667239593e-01 -7.470706012189803902e-01 -4.071297799731922462e-02 -7.938235974538346840e-01 7.016346114593011718e-01 -6.937914003316923983e-01 5.531062057715059321e-01 7.118142669585572069e-01 6.744042802668971381e-01 2.297472873903219914e-01
-6.461338779627687559e-03 1.602197732900094151e-01 5.642180426064371396e-02 8.381627819440582230e-03 -1.219764108578830220e-02 8.598066669849892263e-03 3.762590812002267887e-02 3.032807999575176747e-03 5.144957791841660993e-02 1.723452106856362834e-03
-5.348763068540132171e-01 6.802458217533214890e-01 8.136252685449960054e-02 6.854195178691847579e-01 2.257378498507393860e-01 -3.245261436077688244e-01 -3.838304611202890126e-01 3.202096277660537171e-01 -6.046861498260717172e-01 5.597678026176313715e-01
-6.970607161238670524e-02 5.907059111283220476e-01 5.499095594882962290e-01 -5.605605745842052734e-01 -2.788351442687972970e-01 3.702117970810401282e-01 -4.184085911314205375e-01 7.199254390039314666e-01 5.171824220661765947e-01 -1.899712520327740406e-01
9.254167148761810804e-03 -3.176112039404738619e-03 -4.932706744007099228e-03 2.349395555014707412e-02 8.375698704154529994e-02 2.857199670082112911e-02 1.128990234861428077e-02 4.058788265914463345e-02 2.689230787264588335e-02 2.127504186698691777e-02
-2.070311179395518605e-02 9.071161624806686752e-02 7.376239725932828839e-02 -8.559827087907594112e-02 2.318824213153567182e-01 5.451950847261847165e-03 -3.332165914058400624e-02 -6.503058227690284958e-03 2.489509338235443292e-02 4.999413747879286052e-02
3.422871358832580424e-01 -3.188963653645771057e-01 5.947111715520436714e-01 1.864173850319489345e-01 -3.494007786811956923e-02 -2.090273999068977262e-01 5.402984874208787147e-01 5.067955672990702709e-01 -4.532913095137411363e-01 4.087256258581389856e-01
-4.225876752825675764e-01 -4.384392356185428524e-02 4.422705832179288921e-01 5.810237735340574305e-01 4.665077508361495928e-01 -4.612013081986761076e-01 2.075819359337521541e-01 -1.354494501180616706e-01 3.161862752009930722e-01 -1.280542484784754076e-01
4.165678028081530315e-01 2.009231105327629330e-01 -4.642640723576728634e-01 6.359326194169573343e-01 1.746382154936201025e-01 5.352993740612695117e-02 7.427753811264650174e-01 -1.610856512952603681e-01 4.116336544903470007e-01 2.864516878185359161e-01
3.104673950919698555e-01 -5.498437536218760968e-01 3.584320908110760207e-01 -2.364212533637571612e-01 2.907598694316718690e-01 -1.808662623142094639e-01 -4.549655333222705766e-01 -1.669719175680335344e-01 -2.009511193273465779e-01 -6.837791096283060144e-01
-4.140195397534371033e-03 9.888844584292049572e-03 5.601360331126772202e-02 1.402486678734745501e-02 1.287710628291445676e-02 3.748536386711907864e-02 1.604411359354000798e-03 4.799854635096547500e-03 2.247991020570550003e-02 3.393116907894695722e-02
-4.206920484749898659e-01 1.036239312157685860e-01 -5.532870412117334435e-01 -4.768108670561486129e-01 -1.168267701500238891e-02 2.045415674133093109e-01 -4.131873115732914714e-02 3.649188703586991323e-01 9.830833974140761045e-02 2.433821204638272340e-01
8.297678730449211670e-01 -5.337675293889433403e-01 -7.693724308334711770e-01 4.700895031065353558e-01 5.959381263830173525e-01 3.149313073606773150e-01 1.115673863778106900e-01 6.657055079125170360e-01 8.042210985434748993e-01 -4.411911389309833842e-01
1.458649619958347259e-03 4.182024216987444837e-02 -5.894390473364827798e-01 -4.769187285725177139e-01 -5.781579624743290458e-01 2.853194712567215241e-01 -3.639888314808081282e-01 6.690306190878526627e-01 6.712725211336140196e-02 1.281804074468190745e-02
-4.706018565915671970e-02 2.492358781654693822e-01 -1.356555647099009776e-01 6.080729283291770593e-02 1.884298145827527637e-01 -8.947591054392112220e-02 -2.103366069283836015e-01 1.470711777039067081e-01 1.511120466481604141e-01 3.905544819147313551e-02
4.512849323503061020e-06 -5.534196533515341188e-02 -2.420358394434324045e-01 3.682615386629505827e-01 -4.121314606496543353e-01 -2.487277810971543629e-02 1.807692269326868495e-01 1.872903058383689756e-01 -3.122642697467766792e-01 1.789957143654600236e-01
2.787368835030464287e-01 -9.366723208624025410e-02 -2.363715356735745787e-01 4.050275743741300616e-01 2.692406988919811561e-01 1.655231512115734605e-01 2.127667934206327605e-01 -8.794331562967216964e-02 -1.272425101716693485e-01 -2.132692936363388136e-01
6.000046197682423060e-02 4.249621943332925200e-01 -2.123445316661294047e-01 1.748965502975657893e-01 2.592668199380860350e-01 1.331291139103848997e-01 1.036569553847665470e-01 -6.190051911005738094e-02 2.489123973475772245e-01 -7.106072951172576202e-02
5.222933142366877890e-01 1.115455197862229159e-01 8.166512945597196316e-01 -8.842813316448295824e-01 -3.956372598070886926e-01 8.722520525014745840e-02 7.580228277300108397e-01 -7.725527255351716249e-01 -2.096098502523902896e-01 -8.077975580359423313e-01
-6.272204215162784369e-01 1.830365853172359614e-01 1.272428256613125988e-02 -6.611046364683921539e-02 3.364977438004373989e-01 -1.359175347282195745e-01 -6.831345970636684140e-01 4.629185630636187820e-01 -6.516719738760283764e-01 -6.005318840048534668e-01
1.154520073790576452e-02 -4.509226485811375362e-02 -1.605840699675730593e-02 2.496495769182325020e-01 -4.910106636285105908e-01 4.256582675617136546e-01 -2.079483078883591074e-01 -2.465961479931071121e-02 2.215514924404536623e-01 -1.163100792553101726e-01
1.709334670978946424e-01 -6.255023131417473126e-01 -8.094618920602775214e-01 -8.169559671109925814e-02 -3.101170068074872166e-01 -7.991130399256468619e-01 -6.673620179479518022e-01 -7.254057619306206739e-01 8.639818832263315151e-01 -5.172284973925382889e-01
3.685875513926095137e-01 4.735964715600036734e-01 -4.054209987665797349e-02 -2.683757273074244831e-01 4.393811705724100514e-01 -2.787317470718135848e-01 5.132238672625876186e-01 3.516778866059906417e-01 1.545988530275161643e-01 1.384606699202688418e-01
-3.188464866466955705e-01 2.893471679750663772e-01 -3.566288659623780694e-02 3.113110408855152347e-02 -6.901711551699927227e-01 -2.389481153348101683e-01 3.292415970540437109e-01 -6.529834350550767219e-01 3.857192172849968625e-01 7.736934337511930512e-04
-1.724605101845307353e-01 4.769365871022846481e-01 6.136895052145714402e-01 -7.026622223282107116e-02 -2.190018763003697133e-01 -5.397789343513788030e-01 -2.589661518849980526e-01 -4.115186499346719651e-01 5.199338615120947527e-01 3.605251070617867537e-01
-3.793744586288653742e-01 -5.422822246109697542e-01 8.691032441387515073e-01 6.493543968285457879e-01 5.108765575238575218e-01 -1.408787098416108829e-01 -6.766638109409035540e-01 -8.313708976043833465e-02 -5.786249866787687157e-01 -6.625380479163599512e-01
-6.655543212525021068e-02 -1.095580987372061221e-01 -6.915606901107826943e-01 3.336900635721581909e-01 -3.807195341349904338e-01 -5.811148010398897723e-01 7.979607451650874150e-01 -1.515787973933267752e-01 -1.317899422431794421e-01 3.537254269375550986e-01
-1.486382764964826464e-01 6.071480687629867701e-01 -4.887143602402304610e-01 -6.689139878126156846e-01 2.551281729475841642e-01 1.317835150635941754e-01 -4.276044575737661391e-02 2.525479921569203645e-01 3.151351963214806262e-01 2.493005008473828388e-01
3.099926504131836347e-01 6.354931257516510668e-01 -2.220818781023117250e-01 3.537641105866727864e-01 -6.168891924788459935e-01 -5.798835106664137484e-01 1.082754418340647756e-01 1.933075885406417282e-01 -1.163074694489961841e-01 -4.412529262399651486e-01
-3.400562500448135045e-02 3.160944372352263998e-01 3.517373095489332857e-01 3.135425365740677761e-01 5.177256275544972475e-01 -2.789539943923861620e-01 -3.704028223588322621e-01 -5.344823830912639323e-02 -5.644113420568022121e-01 -6.162618676431390330e-02
-3.531223834236311698e-01 5.903616039399761650e-01 2.745372250067922848e-01 4.292296469600728748e-01 4.025280728315677736e-01 -4.510267324257764554e-01 3.567863338782149007e-01 -2.638561049580124829e-01 7.182742376975950194e-01 -4.221085367565027835e-01
8.898385476492098878e-02 2.862710401416952016e-02 3.009277452192224422e-02 1.625843862773968668e-03 -5.417010464154508979e-03 -3.468622506110951957e-03 4.263705788976394212e-03 1.421838200791334939e-01 -8.479288283975452284e-03 5.498847841518186147e-03
1.666910761835044552e-01 -2.565732252784308498e-02 6.827014288043289914e-03 -2.005621964510091448e-01 -2.853171774149652062e-01 -6.323319372304884826e-03 -6.804729854814885182e-02 1.256475138525404711e-01 -1.249587011798860420e-01 -3.202639654102281686e-01
3.830504215183979655e-01 -5.491458172708552077e-01 -2.861063555943401115e-01 -7.036501384131523817e-01 -6.877227878977544562e-02 -6.967774800422251724e-01 -2.026689479511572245e-01 -6.334724301356515763e-01 -2.101362042265529292e-02 3.090758949281239287e-01
2.484294467858873603e-02 -9.453658026954103732e-02 3.703571306578187002e-03 -1.571923081307511488e-02 1.651903977339919394e-01 1.444301286256252301e-02 7.218516774824144944e-02 7.848752489996606296e-02 -2.708714794706315598e-02 7.761921360959994631e-02
1.133987465967360581e-01 2.514765407292318677e-01 -3.701253886896586215e-02 1.061550986491587023e-01 -4.423243018199637250e-02 1.789575863448343296e-01 -2.985628051770569669e-01 1.885349105125084246e-01 -3.048924110903742084e-03 7.265106498770326771e-02
-3.863401385365682894e-01 -4.131955193570595319e-02 5.803004929675006363e-01 -5.058849583632823999e-02 -2.539033661837718503e-01 7.130988284359859319e-01 -3.186448700515121524e-01 -5.206527034061250170e-01 -4.080959860170705888e-01 5.414636112810841118e-01
5.803968315258450916e-01 -7.613580706293407441e-02 -2.596705420461090097e-01 6.618906798917947309e-01 -2.619555675022541830e-01 2.614991382990288285e-02 -7.756389071826444992e-01 1.503549396842727981e-01 -5.355089656020657340e-01 7.418989256914694241e-01
2.516929226040913736e-01 1.755164899393774347e-01 7.462502578469876365e-03 1.172199859864895416e-01 -7.464324568674961247e-02 5.641272588578865460e-02 4.372302925099360443e-02 5.724512278163833290e-02 1.200668103596686104e-01 1.430231615005257695e-01
-5.197456294527386111e-01 -8.464998749541239320e-01 1.543282634546849774e-01 6.035354801912634626e-01 -2.751878452164573385e-01 5.897259282555096238e-01 -8.404144596794725919e-01 -6.953304665826738618e-02 -6.877262330191755701e-01 6.392167049474909435e-01
-1.380303198326056184e-02 2.549584925883914555e-02 4.810238256394788747e-02 -2.833727230909337952e-02 -1.571816753408617970e-02 4.063872588448433701e-03 -8.100619754272925244e-02 5.089171107152243301e-02 -7.329991270627937705e-02 -5.810090805182703544e-02
2.011496534150244431e-01 -2.366276737713057798e-01 -4.393059819881496852e-01 -2.978200426129040679e-01 4.325072119149697691e-01 3.662097889889171509e-01 -2.066775329600574196e-01 -5.393917611828197289e-01 -5.194845104071605935e-01 4.948140632487623147e-01
2.815858965068194775e-01 -5.148685201533118594e-01 -2.108600464928342064e-02 -3.429428263639204277e-01 9.689988231549429010e-02 -2.964192720231003664e-01 -4.087950294140049179e-01 -6.508416460769739231e-02 1.017678250039091153e-02 1.803326296525175065e-01
-1.157359713228918452e-01 -2.945118240357288419e-01 -7.955945143930641394e-02 7.407013198636018536e-02 1.647800802577825408e-01 2.223249643999418990e-01 2.433099887964287056e-01 2.029745172159772570e-01 1.282257862451225416e-01 6.538108494850439212e-02
-8.562665541458492902e-01 4.483075128109550445e-01 8.853649772396147977e-02 7.389720189912425408e-01 -2.689421894740427477e-01 -3.179424526108445281e-01 -1.515428280861832455e-01 7.622359237029798784e-01 -5.124775026184304194e-02 1.402401631394717130e-01
-2.445096420628348199e-01 8.407637699189894620e-02 5.657428665617482144e-01 -4.032362173269976036e-01 1.995630409814907469e-01 8.069680202466268382e-01 1.952430062159684898e-01 -7.681024809143127338e-03 3.368874609633724648e-01 -4.149646585348329975e-01
-1.125448247942717386e-03 1.401338611053527528e-01 -5.500891659355384294e-02 -1.465142557789284039e-01 1.657695704797154113e-01 -1.951043782177093455e-01 2.352537267391204348e-02 2.592405788785597312e-02 -6.811060267225475980e-03 -1.392469249379126861e-01
7.569532215922868124e-02 -1.107550978655081481e-02 1.681503299104793181e-01 -1.623384167551384163e-02 -3.734644796841189024e-02 -4.784152567765602437e-02 -1.991455434705817137e-02 2.813805153633584799e-02 -1.377221202369832420e-01 3.828654252217978532e-02
-2.859059230006511521e-01 7.671316678007561451e-01 9.165728538574627882e-01 -6.221866297302793836e-01 -1.042590640245101147e-01 -2.604310643059861152e-01 -3.146329757503447122e-01 -2.226068895788061996e-01 6.825631871775793558e-01 -4.074767583690202533e-01
-3.394784847099100999e-01 -4.366977708790524826e-01 -4.448325791329121870e-01 2.751206183315349496e-01 -2.321331546094703158e-01 7.260417534448149190e-01 -2.101715577529346957e-01 -5.144127113566108189e-01 7.541211863778778113e-02 4.398934206810686254e-01
-5.075886029002866229e-01 4.419593967112864230e-01 5.394224619333853887e-01 -3.209824677236707835e-01 -1.561816175680272312e-01 3.177913513844987659e-01 -3.198801551000252652e-01 2.312733703910801741e-01 -5.809601944517199801e-01 -7.122163800074703399e-01
-2.352069960735959919e-01 -4.533931638464018810e-01 -6.255321175298583780e-01 -3.918691730317681587e-01 3.801908908101747087e-01 -5.369574689203596707e-01 4.795132455766539653e-02 -3.175502902984976838e-01 -3.668744662746105667e-01 1.478826040698731914e-01
6.379733474407826843e-02 -4.494230819774655550e-02 -2.456617898208660888e-01 1.751831750499592000e-01 2.675511011451033386e-02 -9.322641351318576575e-02 6.745420579269496841e-02 -8.950905201343440504e-03 1.005747435379510529e-01 -2.321344510324212795e-01
-2.609248376640093126e-01 1.656146927659672419e-01 1.988970304676165035e-01 -1.501948137898175828e-01 -5.798266878415695436e-01 5.634353235604737664e-01 -1.282672689466390348e-01 4.411356610144662183e-01 -1.789715232221452401e-01 -5.507600403445908066e-01
8.264316746969564698e-02 3.895485198523739728e-02 9.493319965680225084e-03 8.953830504084300812e-02 1.122601956344938534e-01 1.769666263781629820e-02 2.808694407598498824e-02 -2.228138034812634279e-03 -2.149843597085508012e-02 1.143338201447559321e-02
-5.664551454649550122e-01 -2.820798722080024579e-01 -4.570713077826118464e-01 6.321921844045522709e-01 -4.820938790577827260e-01 6.940074427887601427e-01 -3.439778146347969856e-01 -4.610132556991740072e-01 4.825682953162351296e-01 5.605786789604281228e-01
-5.397855700886792230e-01 -7.967465632825021515e-02 3.621645679841017373e-01 -3.985964542834992061e-03 8.202174124448777803e-01 -2.675108261557102018e-01 -2.275692510849952610e-01 5.785775295230016768e-01 -2.557264189995952508e-01 4.229512283296353314e-01
-8.565904943024488238e-02 -4.777717545962838208e-02 5.327897525576191090e-02 4.033390866180880385e-02 -1.433027759807071859e-02 1.201618432332213042e-02 4.637920224921240203e-02 -8.090207953071961930e-03 1.166737064607725229e-02 1.045575475752167222e-01
-1.055489394741147419e-01 2.416763759084180341e-01 -1.328725808555492223e-02 8.321268819529292760e-02 1.852110023511543135e-01 4.125054494069377992e-02 -1.699602836667611916e-01 -1.438702714965179319e-01 -5.637222527494437085e-02 -8.868116220223576374e-02
8.905980628477871280e-03 -7.570321213345468370e-02 1.310931920823730883e-02 -1.796882577990498997e-01 1.080025503632355138e-01 8.307612443741797803e-02 -8.623587828977569147e-02 -2.682396912064258787e-01 -2.844624258610294887e-01 -5.674961110172070944e-01
5.236107023776570557e-01 -1.193882664252043230e-01 -5.309052891120784601e-01 -5.664677810202149999e-01 1.272741710645944879e-01 8.717228003344575094e-02 -5.192670061150257421e-01 -6.685248399716994805e-02 -6.272283716648870966e-01 5.158043831878760255e-01
4.620498864678026507e-01 -6.367248916099353950e-01 3.785144298023231380e-01 5.751790107282481745e-01 6.308733797836838519e-01 -3.046982283017329873e-01 4.015613559731903148e-01 1.695549617780525986e-01 -1.237023208690022323e-02 4.825590842202585606e-01
4.243337890539354840e-01 -4.494101354949429639e-01 -3.915258255872618998e-01 1.692903670497644952e-01 -1.394718552141599177e-01 -4.160035158418676215e-01 5.085826067583301135e-01 4.264502743924799000e-01 -1.283420936527162881e-01 1.131733886738003347e-01
2.116777907570904227e-01 7.910115988101430462e-01 5.094170337886655409e-01 6.020653148797718845e-01 7.221648333824900456e-01 -8.031037052438159130e-01 1.672724993008287697e-01 7.935356948517463538e-01 3.089448765971100630e-01 -8.706123059328362279e-01
2.886574262180674477e-01 -1.182655885433507442e-01 5.515777095044080425e-02 1.380006280695868781e-01 -2.045837340029105778e-01 3.787116307514359903e-01 -3.740201594219322995e-02 2.344356939082375690e-01 1.448796264376904230e-01 3.447890618029835763e-01
4.344928786882450433e-01 -5.456073366713136696e-01 5.585359321966564261e-01 -3.542756973838410151e-01 -1.767922010266454180e-01 -1.587100698117335507e-01 5.536057800298898046e-01 -4.483891463630972352e-01 3.272644848369470338e-01 -2.345603341394727204e-01
6.766387347234890104e-01 -2.550036001543870556e-01 -7.074584532560286299e-01 8.932583712407800025e-01 8.626010642852723065e-02 9.341072077569158028e-01 6.929450204352914922e-01 -2.708447988666320971e-01 -9.290677505436950590e-02 7.890342439403916774e-01
-2.179519668398439969e-01 5.999434736339471705e-03 5.785556772503028244e-02 -5.269212906456164358e-01 -4.298973273258128169e-01 -2.343627562113737017e-01 2.224801364807723336e-01 -4.092801703175201200e-01 -2.989485923182139127e-01 1.451011933252896735e-01
3.547511545992249830e-03 3.641256354706410431e-02 1.523510844767712001e-02 6.158434355650505704e-02 -2.528459233531620953e-03 6.279352947567279353e-02 1.177745512320862607e-03 4.271714754248322893e-02 1.019989291644058174e-02 1.515497984975607872e-02
-1.254743419885843425e-01 -6.033957352163314969e-01 2.775245560170676584e-01 3.227117895397831754e-02 4.891814769841791311e-01 -4.556554476107168572e-01 2.446035849285466968e-01 -3.969381368696385248e-01 7.156725432494999151e-01 4.416154946602137144e-01
-4.826860330260966392e-01 6.700102294186126572e-01 -1.042872172080696880e-01 -1.640915215152125572e-01 4.573114136250225337e-01 5.143793600143889977e-01 2.675377978670705481e-01 4.605761859493956445e-01 -4.647713282186903827e-01 -3.976040220841565720e-01
-6.786359328979517380e-02 -4.243132072657377907e-01 5.816820314392828761e-02 -5.582868294019514843e-02 1.639255747073422309e-01 1.715861681011933149e-01 1.154823146084303365e-01 4.164235015066736767e-01 -2.825614424833149396e-01 3.317438757013220219e-01
-6.775939204867760246e-01 3.952408352080671872e-01 4.482568154950686834e-01 7.204604563168450770e-01 1.307266957033453025e-01 5.893676295383912800e-01 -1.913824451746157507e-01 -8.624099095143401839e-02 7.057265463645795434e-01 9.196313926714611009e-02
-1.491374060949384739e-01 6.242891936462435787e-01 -5.615580497210893585e-01 1.916834232694805129e-01 3.065639153934742178e-01 4.230852315758638071e-01 4.002363090646196553e-01 1.155860189197888965e-01 -4.280556919936378407e-02 -1.580681168134564774e-01
1.185497663381220208e-02 -7.437878048348519830e-03 1.624222137283239109e-02 5.155489731217979821e-02 6.463770935562752895e-02 3.290764907826492641e-02 3.697191122758274311e-03 7.075643805395540054e-02 3.089334968213258703e-02 3.789246822703828260e-02
-4.907657354465664312e-01 5.985889634511518675e-01 -4.900167088162333817e-01 -5.557582029623384622e-03 5.722253083869033308e-01 -7.475716562082157512e-01 -7.993062098833587648e-01 2.623054530070144108e-01 -3.388966242328073086e-01 -7.029580463952844749e-01
-2.152938833658157303e-01 -1.694210806046630158e-01 8.218953044692127452e-02 1.391156100085541580e-01 1.443929672188801194e-01 -4.188563583524662626e-01 1.123755108670082686e-01 5.747629567475226464e-01 2.091289971890427091e-01 -8.286671272685154632e-02
-5.441269283019427583e-01 1.973922346085419111e-01 -8.114288392639860126e-01 -3.334778669515439664e-01 -6.753145600130844306e-01 7.851399603500364144e-02 -8.326632776201537967e-01 -5.073200303446561144e-01 7.997076041725393880e-01 6.878917081181875615e-01
4.555470598774136876e-02 3.391258641531789270e-02 7.835748631688246868e-02 -6.447035958537485067e-02 1.746835657232348460e-02 -1.649639381288461795e-03 1.787044149699549417e-02 1.199943019081596736e-02 -3.874094519962093582e-03 7.387448551494553602e-03
7.586690011183018501e-02 -2.070399505678258145e-01 2.928090923783999155e-01 4.346062877341023145e-01 -4.844260064050114889e-01 1.828273480429334352e-01 2.284343358700406390e-01 3.663015075261319420e-02 -4.968436998480180167e-01 -5.588046068834623403e-01
2.485823132467396557e-01 -1.273310569714370954e-01 2.527684334476941741e-01 -3.705982025295544158e-02 -2.195519566350621621e-01 -2.487206861630642252e-01 2.261574602791183719e-01 -2.810544256506753991e-01 -1.340677354888296924e-01 3.167295042419473461e-01
6.966116343639476849e-01 -4.805282062678747357e-01 4.769001411361780685e-01 8.245816668480679956e-01 6.134979437397415358e-01 -3.284403666711089437e-02 5.271008821328849736e-01 6.937010072069060840e-01 5.925005887395240478e-01 1.054271106993008300e-01
9.448879092694399684e-02 1.156701868839443148e-01 4.689924401098382600e-01 -1.438599454080956297e-01 1.876970786286344672e-01 -1.972918374410156661e-01 8.880428406543340591e-02 2.659560165242607632e-01 -3.729117131975158150e-01 -3.566156648896272041e-01
-3.570633282136969067e-01 1.337647054859412710e-01 3.853078146484310018e-01 -5.817608229513306917e-01 5.705142396995207532e-01 -1.225740751019588209e-01 7.212766527057901111e-01 -5.609407934199118761e-01 7.490146513639470149e-02 -4.132262785240320424e-02
1.585264815806396166e-01 -2.190061564066031752e-01 -4.178388206141500638e-01 1.242770278552336564e-02 5.106609139773645584e-02 7.250076294921462515e-03 3.849197315779793738e-01 3.941653865020820491e-01 -2.761482405176641369e-02 -5.081210720474266251e-01
3.052008403954805660e-01 -6.152959192183329318e-01 -4.734357524255022875e-01 3.028051480424607048e-02 1.549257706545595081e-01 2.922149816734287420e-01 -2.636481925077453492e-01 2.005671307556665950e-01 -2.669500706222184827e-01 -4.033920726128752410e-01
-3.689844779299818189e-02 3.738183254913897136e-01 3.194807086221178039e-01 1.831124016066016102e-01 -5.640850973344495312e-02 2.229585005970341482e-01 -3.244395567369533495e-01 1.850383455041999525e-01 -4.286521680637813314e-04 -4.181950304821538955e-01
2.505828098266680293e-01 -1.877522915485668742e-01 -1.567353570920818340e-01 4.523190072302120668e-01 3.875640367061197189e-01 4.662914449684097962e-01 6.930069392821898155e-01 -9.346160045191853616e-02 -2.929785038461339974e-01 3.405711462070559747e-01
-5.123050110769133969e-01 -2.170735187030693181e-01 -5.362295468800522269e-02 -1.012123748066887097e-02 2.637070590448338248e-01 -2.463884434916642496e-01 5.946902472829480001e-03 -1.838762605340621969e-01 -2.868732141680951919e-01 2.399968637516550485e-01
-1.768803528160848015e-01 -7.507840824037646799e-02 -2.588685219883878341e-01 2.572278445480217779e-01 1.787591904236145723e-01 3.181470546617419237e-01 -1.198652840542898251e-01 6.093005968597209332e-02 -1.916423886089548088e-03 -4.376656862087198452e-02
2.139696109398880053e-01 2.402453136820023316e-01 1.734719169640774050e-01 -2.155670587201054811e-01 -3.649385310425950490e-01 -2.433136966623766217e-01 2.317644464647502789e-01 -3.178143968403414066e-01 3.535554222662496970e-01 6.555600989215923380e-02
-2.103390731381865402e-05 5.343170315653377189e-01 -4.411042182513625898e-01 4.750268251982241452e-01 6.462838138430244683e-01 1.769400392563300339e-01 3.234355932916692655e-01 2.757872436828645579e-01 -4.689205753397852616e-01 -6.461858412603623814e-01
2.837867195452116742e-01 -3.737855620222972353e-01 -3.987577950796201698e-01 -2.341033266929776757e-01 4.741030015877377157e-01 -5.232003462362218998e-02 2.101889674652270695e-02 5.208628930688282699e-01 2.635224828798314323e-01 -2.462225673866154374e-01
-6.959023059547987666e-02 2.973212626594253782e-01 -2.512476213581782414e-01 1.814372529850076521e-01 -5.123469241703374477e-01 -1.677768414153645582e-01 3.094663586709143765e-01 -2.780760521502038674e-01 6.685734699140666315e-01 4.514575081890790376e-01
-2.284476762376688730e-02 9.758597969128011973e-02 2.252926182775940589e-01 2.104804505642138557e-01 8.074330685689899700e-02 3.718054798719564458e-01 1.727535775404853424e-01 -1.041430898129532406e-01 9.090358950301405394e-02 2.644203116206842452e-01
