6.303156806806731183e-01 -8.001013961271761232e-01 -1.147734795859958606e-01 -6.205321661431473235e-01 3.234188317772639376e-01 -4.556133750072803301e-01 3.507144258358486089e-01 5.929290531840513134e-01 8.035887827679716322e-01 7.090556814545143638e-01
1.498964807361648499e-01 1.205698009357160788e-01 -3.896068465140949955e-01 4.034885615974965201e-01 3.970837248415697296e-01 -1.095096936318574465e-01 -2.519529194805920080e-01 -4.320243866366634267e-01 5.169914473871354277e-01 -2.684704425051052668e-01
2.807613804851598616e-01 4.424732876825059891e-01 -2.020515529645882519e-02 6.582479774667092665e-01 -5.695573507144378045e-01 -2.942283116540933552e-01 5.579858604273967293e-01 2.482500732503619134e-01 6.819560805604982789e-01 -2.662739852215659231e-01
1.502377296562782405e-01 -2.519846888395029794e-01 -7.302327787579157570e-02 -8.423685424968084534e-02 -2.008867071538140980e-01 -2.293638031207563266e-01 2.795022066145412820e-01 -2.494836556890261403e-01 1.959649300302479524e-01 -1.264488743943638915e-01
-2.555185994661461450e-04 -5.842161884310618884e-03 5.012043327334562287e-02 -1.541495406092608343e-02 7.351220442005651501e-02 6.059781376234260955e-03 1.988897703510112899e-02 5.312285715255492258e-02 -3.605453772434438677e-03 2.238680900758380568e-02
-4.456188545495177178e-01 -7.476918730559418691e-01 -4.074380006302902313e-02 -7.937825785689525127e-01 7.019102476884150343e-01 -6.937387813209835441e-01 5.532459890244603162e-01 7.115409110799578718e-01 6.746574376312381993e-01 2.297943377099999074e-01
-7.988664960371838833e-03 1.377983803769353421e-01 4.482449530027837747e-02 5.625273827300283913e-03 -1.600038200648355377e-02 1.472241808689669050e-02 4.935481688708419357e-02 7.108690993737261940e-04 4.666794474421891159e-02 -4.295332364230348803e-03
-5.356816348681429085e-01 6.817139499614321974e-01 7.769401276089837882e-02 6.871144137258824447e-01 2.266915070127871190e-01 -3.248769769231917848e-01 -3.843469532459236060e-01 3.209220771499457503e-01 -6.055655731554180354e-01 5.611707253234392567e-01
-6.879036136662859680e-02 5.911777575402411555e-01 5.518266553920816442e-01 -5.612481277572193283e-01 -2.795936062546513501e-01 3.700268565516124375e-01 -4.222875742057305981e-01 7.189752207912261106e-01 5.174387930799422275e-01 -1.895355660685280608e-01
3.433190517916066397e-03 -3.750936370673350374e-03 -3.578066272269128222e-03 1.801517100520056217e-02 5.615455248080378214e-02 2.615911897009316409e-02 5.537007337758683909e-03 3.229960826406456237e-02 1.867608369244365060e-02 3.035039071487137183e-02
-3.463191199314630958e-02 7.414652249766608139e-02 9.925165013634450195e-02 -1.277952913663837065e-01 2.589099068534431725e-01 -9.252364741624920230e-03 -3.757241118078677444e-02 -2.339946949876902174e-02 3.266716663571835044e-02 5.427430495028606749e-02
3.425299292955428232e-01 -3.190648983552189510e-01 5.935032763101210085e-01 1.865401619125456878e-01 -3.493594289734163610e-02 -2.091316695164699702e-01 5.406046008855825979e-01 5.065527320981181303e-01 -4.535381248946825372e-01 4.089323575808683775e-01
-4.261957720451542975e-01 -4.282945368582674606e-02 4.472735433394037785e-01 5.868083498367371309e-01 4.660597275709663090e-01 -4.715694789104651896e-01 2.079300432436941293e-01 -1.353079639564984116e-01 3.180738273221938583e-01 -1.299488291531807616e-01
4.212818584821112489e-01 1.967808169883144553e-01 -4.644294399647587723e-01 6.415077171890124497e-01 1.745462168594956176e-01 5.464636531725640400e-02 7.439049596889868443e-01 -1.647404265409019852e-01 4.119066317389882825e-01 2.861830701637801955e-01
3.114484635704923843e-01 -5.510184183091412224e-01 3.552469247732913948e-01 -2.373114668201024569e-01 2.908629479571303023e-01 -1.820966630630713179e-01 -4.563109524680327711e-01 -1.674281105737978337e-01 -2.003466450952633704e-01 -6.866839369647093072e-01
-6.898358305512332714e-03 2.680388885857771381e-02 4.370370772400035408e-02 5.748138960114866809e-03 1.332317028498409411e-02 2.843458214045211860e-02 2.943346079025614508e-03 9.385642678115512774e-04 2.255387218062622143e-02 2.024196810029036536e-02
-4.469596096240595062e-01 1.096288271881241949e-01 -5.803869513692108129e-01 -4.996490755649164450e-01 -1.016172321298920364e-02 2.197630129565647517e-01 -3.781414632287213862e-02 3.810354789305790968e-01 1.050437526424755769e-01 2.459558866282097189e-01
8.298460083459028302e-01 -5.337601628382725449e-01 -7.693534488766010648e-01 4.701683833495717280e-01 5.955880215002019584e-01 3.149176178615257227e-01 1.116469232111316073e-01 6.656331388224846490e-01 8.042154426641292542e-01 -4.411420947766441225e-01
1.860694416556479608e-03 4.256733577840269428e-02 -5.927926536537235780e-01 -4.782296386909496988e-01 -5.797949507529931434e-01 2.864927844508978749e-01 -3.650654900526644764e-01 6.669400448258679948e-01 6.759360105068022706e-02 1.288700463302240064e-02
-5.610286418432793021e-02 2.804393472325992231e-01 -1.462682781227568063e-01 5.280350770788211356e-02 1.787422476020079087e-01 -1.023798689283696300e-01 -2.454278310789287376e-01 1.818003531928118754e-01 1.742263879262657134e-01 1.063040497676721527e-02
4.350216821214499680e-03 -5.621997312450553730e-02 -2.557389707508240240e-01 3.819307697424170200e-01 -4.285463097613663730e-01 -2.606830485378931750e-02 1.902881998406056319e-01 1.786584526406576057e-01 -3.239390622404285658e-01 1.883936816087590227e-01
2.874990942124167059e-01 -9.601846280965987968e-02 -2.629722376280869134e-01 4.166947440084847187e-01 2.754024741986698110e-01 1.693394193680776705e-01 2.221992873808515678e-01 -8.708333621134782543e-02 -1.313975919990251762e-01 -2.165908866403696564e-01
6.488917524569096096e-02 4.500432103659550154e-01 -2.411931069867426225e-01 1.862914308799699381e-01 2.756378062075990898e-01 1.430005525223105312e-01 1.093571930537645537e-01 -8.335116557623911682e-02 2.638065533035400256e-01 -7.368922546485213998e-02
5.223357122464930002e-01 1.112862125050119722e-01 8.167388538342090776e-01 -8.843257717172247068e-01 -3.956756081239118927e-01 8.726250746498574740e-02 7.581262044885720419e-01 -7.726310122034406591e-01 -2.096646145153059082e-01 -8.084533354914191783e-01
-6.288897620345399453e-01 1.837480134969831647e-01 1.148586161321832680e-02 -6.608830679385582774e-02 3.374636093496316547e-01 -1.388967129310673676e-01 -6.864508580689295814e-01 4.671381053994581034e-01 -6.539317556820504196e-01 -6.075675895816372574e-01
1.315196409553937712e-02 -6.845237254950424510e-02 -1.726696370650659604e-02 2.607389243238226739e-01 -5.065827123201749327e-01 4.457827200381631050e-01 -2.164118860561661806e-01 -2.521856217714366424e-02 2.308646688465776364e-01 -1.177186134277901225e-01
1.711155559405940774e-01 -6.255265329296805232e-01 -8.105215498702822430e-01 -8.161875486132219581e-02 -3.101613096639793121e-01 -7.991111945660533955e-01 -6.675114138761395477e-01 -7.254096508352397832e-01 8.642969042287349524e-01 -5.170809482809600732e-01
3.710818066007930960e-01 4.764791154318607225e-01 -4.063742968272266581e-02 -2.694979400298366801e-01 4.399731136577085810e-01 -2.872953622779494398e-01 5.178605810517362684e-01 3.550418418083700622e-01 1.565621981605885005e-01 1.394324308115239552e-01
-3.198643798673139749e-01 2.865288992256806999e-01 -3.454850400221174539e-02 3.086442214833033659e-02 -6.927100686041710587e-01 -2.453689970047498448e-01 3.286369525217204823e-01 -6.565430299818542093e-01 3.885684060794812322e-01 1.459296748083086697e-03
-1.755082996198582823e-01 4.801418324316544251e-01 6.163742334821245006e-01 -6.486295745198550344e-02 -2.321407421204997878e-01 -5.434949604513155119e-01 -2.591005257277181340e-01 -4.165584454303432049e-01 5.249366939994832837e-01 3.670085241557310418e-01
-3.791771433177168471e-01 -5.462701966829339728e-01 8.692034067019678290e-01 6.488445669323804621e-01 5.127847270370269328e-01 -1.407247478555709308e-01 -6.786297380548620417e-01 -8.252427482098914635e-02 -5.814120725066957984e-01 -6.623057296751523326e-01
-6.624897339557625497e-02 -1.100528288465568716e-01 -6.943785543003540006e-01 3.348605735935905048e-01 -3.817623486233853725e-01 -5.887234612405501943e-01 8.020389483109939821e-01 -1.499716657622625626e-01 -1.324117810140977014e-01 3.511639555739018426e-01
-1.487267377789799894e-01 6.092808237494385937e-01 -4.905909735377517178e-01 -6.710488409324041337e-01 2.535266785391403488e-01 1.314659701405249403e-01 -4.227319003815647319e-02 2.487956836145233108e-01 3.150269680733015498e-01 2.527274767193165017e-01
3.119207908739345392e-01 6.387438455817798788e-01 -2.227466173092082502e-01 3.573608810401992519e-01 -6.275000884483836749e-01 -5.838233354430781841e-01 1.090639383312096561e-01 1.971715939379146132e-01 -1.144446860861677850e-01 -4.436858184282926887e-01
-3.324182977127877747e-02 3.138704488218750366e-01 3.534364181858347109e-01 3.143729373844325048e-01 5.186179192956291706e-01 -2.828235152797559659e-01 -3.715952265586377479e-01 -5.482885476970111166e-02 -5.656163628894738116e-01 -6.132298832202920380e-02
-3.529256826264266511e-01 5.938172661846068401e-01 2.733999807357177514e-01 4.329786257896270918e-01 4.086485480813466520e-01 -4.511565644222757521e-01 3.605380842070722291e-01 -2.691928490231511040e-01 7.209880158011636730e-01 -4.229598365223561363e-01
6.786078844382779918e-02 1.519116731708835578e-02 3.218192782117617473e-02 -4.256519427004693164e-04 -1.642898919382393028e-04 -9.959892598076662551e-03 8.668683436304988610e-03 1.092233136613201816e-01 -5.924869933768531390e-03 1.138565252585848307e-02
2.063968664204684500e-01 -1.920234250135498602e-02 1.991109469556832587e-02 -2.490284074501288858e-01 -3.668250630894387410e-01 -1.100454038957941749e-02 -9.158094193707307096e-02 1.660686880158752654e-01 -1.289683685276276914e-01 -3.838058922182764898e-01
3.842492532626058388e-01 -5.505723854667602390e-01 -2.873007869613131704e-01 -7.053946214907569345e-01 -6.898508380160674192e-02 -7.008846901834390186e-01 -2.020304164279669024e-01 -6.341780948549200492e-01 -2.143718425217876894e-02 3.025837282412755513e-01
1.918126753358956674e-02 -1.246310099709134339e-01 9.006911370928993507e-03 -3.317241309176882647e-02 1.613723165232305301e-01 3.481309251245846836e-02 7.699987034011836207e-02 1.079510925479266886e-01 -4.249741077279093476e-02 9.808268650723965532e-02
1.227167366728787595e-01 2.579336292835295308e-01 -4.473043858210325879e-02 8.636281419003297155e-02 -5.501604781835762320e-02 2.086665516594445324e-01 -3.378465518324560435e-01 2.076527514515097428e-01 2.314265173470417096e-03 7.844823101404924115e-02
-3.942719775656234327e-01 -4.483734175709554876e-02 5.834769777371845434e-01 -5.120876669684307908e-02 -2.567263892817995274e-01 7.175224390759127324e-01 -3.183174806737931184e-01 -5.299539057343394255e-01 -4.084262437184571493e-01 5.387548468397712620e-01
5.807520142197141189e-01 -7.703998330015135454e-02 -2.597463066275275123e-01 6.623346593430741169e-01 -2.619444265241949732e-01 2.575333216434730690e-02 -7.758611060582312202e-01 1.499400085742981503e-01 -5.355968147536170898e-01 7.421840321215509295e-01
2.638301779706234695e-01 1.855767650533107771e-01 3.974967795888211496e-03 1.234472795050262084e-01 -8.292384258574087008e-02 2.864000216304089450e-02 4.279239001797031233e-02 6.352877743592980075e-02 1.285272308184781942e-01 1.532373367632204331e-01
-5.193397154747380062e-01 -8.475901344108727198e-01 1.532243883007722018e-01 6.032222823393398325e-01 -2.746279878702412858e-01 5.901259744229570003e-01 -8.407783107098725228e-01 -6.928753776988808011e-02 -6.880657169956083674e-01 6.393303442934343828e-01
-1.940245549917311504e-02 3.741980417529330166e-02 9.198198619659123110e-02 -1.523619506426856021e-02 -8.579776398816883753e-02 -7.063440157163095034e-02 -1.312327440792271371e-01 5.222294505172149492e-02 -1.085607817671157410e-01 -7.894285739854953188e-02
2.033434979826288791e-01 -2.398417484596152005e-01 -4.424059326358462108e-01 -2.978270272555771925e-01 4.306640244523258776e-01 3.685566134652754067e-01 -2.047738877033608851e-01 -5.470856914585073838e-01 -5.231267968368625843e-01 5.002476273483652536e-01
2.902341851527880379e-01 -5.295698677221163386e-01 -2.377105126979855640e-02 -3.533526508583138548e-01 9.736672952923641766e-02 -3.055091473097114596e-01 -4.339190478941180040e-01 -6.816654323248542979e-02 1.071399523458849319e-02 1.857547229202074490e-01
-1.257208902688142782e-01 -3.170002485259830749e-01 -8.577894662670033921e-02 8.863473147136778640e-02 1.492918027478530585e-01 2.395561041359424437e-01 2.682995462332253833e-01 2.289915319910704183e-01 1.469274300781703568e-01 4.368937432390802150e-02
-8.584496375247666622e-01 4.485333634590190632e-01 8.927415042170262771e-02 7.370219876116429480e-01 -2.695216580738837853e-01 -3.183610544368851158e-01 -1.518638942227087674e-01 7.642315959090044686e-01 -5.111045101052345829e-02 1.409847550381324310e-01
-2.502340195087063290e-01 8.457178544482728266e-02 5.683160768414812214e-01 -4.051258390388690067e-01 2.007212612709157462e-01 8.103950507370707435e-01 1.959817858449146299e-01 -7.796375795693098569e-03 3.383862012160209209e-01 -4.165525966683898407e-01
7.073972858150403588e-03 1.586935658454070308e-01 -7.567937593288399933e-02 -1.879249069530826433e-01 2.108870177305428029e-01 -2.505045816053753649e-01 -3.386817977778806138e-02 2.330191625560210089e-02 -2.000476329393965913e-02 -1.677568866610283094e-01
7.365436020561529074e-02 -4.424161790543781198e-02 1.551344904730022900e-01 -9.325618362710293152e-03 -4.313133601083418006e-02 -5.973973374484538301e-02 -3.434709342115892933e-02 3.017736046254205703e-02 -1.689531064565328866e-01 5.985674025634267481e-02
-2.864645512698095198e-01 7.702775734158735510e-01 9.187028526268002926e-01 -6.235864505910482247e-01 -1.046465522755157390e-01 -2.683829179898870598e-01 -3.116679857566199696e-01 -2.195805258754605083e-01 6.842515863236369178e-01 -4.164420896850117293e-01
-3.412394423860551917e-01 -4.372400940062463048e-01 -4.457213737069873893e-01 2.761176834071710773e-01 -2.322253412464978795e-01 7.247052906444760856e-01 -2.118595823288468294e-01 -5.152849339718680310e-01 7.609435400982578201e-02 4.422636220679367902e-01
-5.077379285343227577e-01 4.421192767381670330e-01 5.396556994619150505e-01 -3.209195710359935561e-01 -1.569927983692220308e-01 3.172496803210383409e-01 -3.199270243340498476e-01 2.315921731647253012e-01 -5.810236779661681616e-01 -7.129502713755708765e-01
-2.380999932562286314e-01 -4.572411595447358756e-01 -6.319800915699583799e-01 -4.053445524087631591e-01 3.846918021421527611e-01 -5.438374378453811886e-01 5.001651701443583092e-02 -3.220569294422025997e-01 -3.703786065032383390e-01 1.527738869361597307e-01
3.484201117823776395e-02 -5.173412964666399688e-02 -2.553009009005856034e-01 1.856856936067710351e-01 2.293872287309858815e-02 -9.519187391411830512e-02 6.959390110416113773e-02 -2.653355918780314973e-02 1.101694374984943242e-01 -2.473090637686540805e-01
-2.645424616358468262e-01 1.632746238057490029e-01 2.016096797802501284e-01 -1.518557586125535985e-01 -5.886454636993213585e-01 5.652216601620271286e-01 -1.313153278169957028e-01 4.417082509938938251e-01 -1.814253041563556601e-01 -5.549493829223729469e-01
9.547564581005679729e-02 5.426422777976826206e-02 1.559542295833637722e-04 1.294883622371143517e-01 1.294986617021923192e-01 5.565554971814753310e-02 4.994634461702376904e-02 -1.507619996154449006e-02 -3.372180604230058665e-02 2.676434978972544801e-02
-5.667588123226169339e-01 -2.826737589657709049e-01 -4.581077737562124219e-01 6.329509217259021714e-01 -4.809898408702668049e-01 6.983206046805184863e-01 -3.441436780321913691e-01 -4.643350038866914109e-01 4.829791791477233143e-01 5.616403130588035753e-01
-5.396469529901060103e-01 -7.967344534664153044e-02 3.622707310393953883e-01 -3.803807939807289044e-03 8.203681836659227899e-01 -2.674796599514004392e-01 -2.279479868998036673e-01 5.784866079621379109e-01 -2.557595009942191799e-01 4.232624628372128606e-01
-1.348685910849724834e-01 -6.941675986677578458e-02 7.433951347683311062e-02 3.215020071814976566e-02 -4.205210646257206974e-02 -2.811664081712329788e-02 7.289154373179287938e-02 4.398736236623888981e-04 2.184113769078934938e-02 7.519605717170960157e-02
-1.193597399077352267e-01 2.474852283975773615e-01 -9.397769793506354635e-03 9.871031850088428372e-02 2.101978068658017507e-01 4.297309995380569486e-02 -2.007122132901985878e-01 -1.521222122400747168e-01 -6.364826625939422333e-02 -1.102196397993945309e-01
1.349246343603388056e-02 -8.707139630571004985e-02 1.465202232374149087e-02 -1.892059261041004470e-01 1.185509069275871019e-01 1.013272367556814629e-01 -8.804360750827616711e-02 -3.010991154328094277e-01 -2.949784560576099723e-01 -5.919817743480773053e-01
5.273648262517001140e-01 -1.291913241216749442e-01 -5.339586570718444225e-01 -5.708339218328947196e-01 1.305878256471287302e-01 8.805389809026971382e-02 -5.267477972929799357e-01 -6.666615996120531240e-02 -6.346741368526703786e-01 5.194801859157734958e-01
4.638934221515068623e-01 -6.385034348692131267e-01 3.793491611164911959e-01 5.760433085255618479e-01 6.326265580839447455e-01 -3.028475746290957282e-01 4.031590459872763654e-01 1.680421583509048022e-01 -1.167919828861064754e-02 4.833856874103939494e-01
4.298962209695721404e-01 -4.528764742505141938e-01 -4.041596771490841844e-01 1.730422363942160369e-01 -1.406820485642401586e-01 -4.191958516453190842e-01 5.150339700503826501e-01 4.313160774327150504e-01 -1.294568676055236900e-01 1.145211286784890425e-01
2.096670068992659008e-01 7.919646489746403617e-01 5.089006457778225689e-01 6.015101224774167532e-01 7.221003052276192546e-01 -8.033041610527701382e-01 1.669927732030170031e-01 7.955327375493068676e-01 3.091183247419320157e-01 -8.711418161373273295e-01
3.090863359758618811e-01 -1.274865254737262699e-01 5.777822611613621373e-02 1.422804707204142483e-01 -2.061787038310489983e-01 4.126795870293696322e-01 -4.530389943339727110e-02 2.311047165340584797e-01 1.488996193082972319e-01 3.406835717875213998e-01
4.397808343267545772e-01 -5.548364557883478376e-01 5.632188384411100923e-01 -3.562615743359276999e-01 -1.823644957211649487e-01 -1.573218731841991569e-01 5.519943702856957568e-01 -4.503775024839756225e-01 3.289296601926663954e-01 -2.394098357524739040e-01
6.766558786409673232e-01 -2.550000610072036822e-01 -7.074386305969390110e-01 8.932728126730561380e-01 8.627467937612988413e-02 9.340199577044260293e-01 6.929524238554209958e-01 -2.708267035447324833e-01 -9.290305324920027086e-02 7.890353897576379838e-01
-2.187331761870938140e-01 4.915335536772739815e-03 5.336314125736797004e-02 -5.348337231579097795e-01 -4.367171282717765002e-01 -2.345917358586193380e-01 2.283314022252092013e-01 -4.125499955552529574e-01 -3.028417059194874472e-01 1.482007835544975616e-01
8.103089073687430241e-03 4.045170985432897798e-02 1.057589271096159335e-02 5.961780695664629925e-02 -2.368013709562916212e-03 5.808841930170086099e-02 5.313218546776563023e-04 2.690381177582928246e-02 6.955749087309805873e-03 1.429508926945686348e-02
-1.234549587781936936e-01 -6.047151432634036983e-01 2.806289240818695130e-01 3.210490012372833185e-02 4.856675936596011045e-01 -4.558431811262849132e-01 2.413884299950391776e-01 -3.974511998664977952e-01 7.168064880014889395e-01 4.417808644545225816e-01
-4.832377326790993077e-01 6.662672802721075760e-01 -1.044777479506334567e-01 -1.653583093961135952e-01 4.607544835482401679e-01 5.154724258287824989e-01 2.648142553219843265e-01 4.626514206148840125e-01 -4.671271859576467400e-01 -3.978492050329046070e-01
-6.929336091525935271e-02 -4.392455367035573710e-01 6.227433875060880281e-02 -5.196526645786338910e-02 1.750334054117594351e-01 1.715126275851465432e-01 1.222859026529834331e-01 4.254167119277253439e-01 -2.965891631836958253e-01 3.440547385210487863e-01
-6.784150711102655551e-01 3.947667521676418989e-01 4.488604049467735946e-01 7.216464860610706245e-01 1.311059353832090546e-01 5.902017003453302602e-01 -1.915922286807231756e-01 -8.851301608030653911e-02 7.064551842877438981e-01 9.207330748802169951e-02
-1.494384879183106862e-01 6.256327393570810802e-01 -5.625986841968700913e-01 1.921963124422444991e-01 3.074521168654730241e-01 4.192078863035539338e-01 4.011146527548050122e-01 1.159757088801360719e-01 -4.274149198069635003e-02 -1.582008709641479771e-01
2.179566705799922469e-02 -1.235974309560755255e-02 1.329519816860380566e-02 3.938423990718378093e-02 6.136836037932218157e-02 3.810983319186259100e-02 4.383514409437682356e-03 5.569808090411935975e-02 1.829128142104576721e-02 3.558537134141755154e-02
-4.908879968418290440e-01 5.972807170794212084e-01 -4.898264924979787160e-01 -5.324176919167810350e-03 5.716144059838829117e-01 -7.477723874095305590e-01 -7.994414177152513457e-01 2.626211538325629591e-01 -3.388892758047462039e-01 -7.031197416469293637e-01
-2.220509642817702078e-01 -1.880084242109192894e-01 8.606184510392506093e-02 1.400014576201410732e-01 1.516126476811064661e-01 -4.317973636431915452e-01 1.160407785997549235e-01 5.842995537532443828e-01 2.174706156631921738e-01 -8.432836791311060232e-02
-5.442667510728410596e-01 1.977815921539765875e-01 -8.120403607144064395e-01 -3.337749827688543669e-01 -6.751832885332725853e-01 7.831860815764891959e-02 -8.328046979621255286e-01 -5.074521618103298159e-01 7.987686031431944222e-01 6.884346341994601604e-01
5.048291681119947139e-02 4.880385334158076488e-02 9.244832257050492053e-02 -1.161825468809156020e-01 3.406047018962369416e-02 -4.286182539265122327e-02 -1.739795184872469994e-02 -1.980813049613045287e-02 1.031520614461605258e-03 -3.158463217242176747e-03
7.757620021585827363e-02 -2.086044912973914200e-01 2.947297308903303881e-01 4.337245214798137738e-01 -4.861527390677985450e-01 1.795791036369634164e-01 2.333152850283040924e-01 3.716335836653613528e-02 -4.993487848732905410e-01 -5.644990851678646226e-01
2.948987269241982179e-01 -1.532323161316035687e-01 2.915513090642073979e-01 -3.306377708457336473e-02 -2.447556797157526276e-01 -2.849545945343560094e-01 2.234945146949496864e-01 -3.372012880270326973e-01 -1.662550796716257828e-01 3.682782432686408924e-01
6.966009954719826203e-01 -4.808788500111400022e-01 4.770535084003386661e-01 8.242921505406602956e-01 6.136482251654845621e-01 -3.277147727436102720e-02 5.269794517846152493e-01 6.937718793456028044e-01 5.925809840646646398e-01 1.054873137996367172e-01
9.201877137967698350e-02 1.169813957953792227e-01 4.642123290936850388e-01 -1.456276439478605411e-01 1.899749674689593104e-01 -1.986646188099355226e-01 8.920634437516872239e-02 2.678278938988679081e-01 -3.747655836419185871e-01 -3.585213243199729671e-01
-3.591270926458794421e-01 1.338063990873930020e-01 3.861054477964963594e-01 -5.829197002255314120e-01 5.719291258418063295e-01 -1.259611212836435623e-01 7.228284700585853040e-01 -5.620570589240624360e-01 7.507749222670748179e-02 -4.120977973847016890e-02
1.634102710033374095e-01 -2.293097013610671253e-01 -4.349709101778292952e-01 1.464854449561694104e-02 4.899455731672856806e-02 -1.176609962201078698e-02 3.980260569691467798e-01 4.165045163022246255e-01 -3.145671626894256528e-02 -5.417728916891085822e-01
3.071401595159142239e-01 -6.187840577312900825e-01 -4.792707902979484458e-01 2.977196210306689433e-02 1.568176804236233457e-01 2.940409339370573805e-01 -2.645551253773800182e-01 2.023918920379851882e-01 -2.736010753494885761e-01 -4.052457263102074991e-01
-3.785754890276989831e-02 3.732321758388073007e-01 3.239140207680937245e-01 1.871015198348690567e-01 -6.310847649860987230e-02 2.229517290433983001e-01 -3.284949435209147395e-01 1.873365703033969820e-01 -8.796529770572080083e-04 -4.264663269996492034e-01
2.517276767396013359e-01 -1.878651452614333861e-01 -1.585684362539308556e-01 4.533698611278556001e-01 3.891793289152186142e-01 4.634483436205272811e-01 6.968888999309615917e-01 -9.202503113595471296e-02 -2.967583537294731788e-01 3.382016673574260723e-01
-5.165824622391428367e-01 -2.237608926496089390e-01 -5.273105717509030121e-02 -1.568942584055229433e-02 2.647411166562485541e-01 -2.616317165593398664e-01 8.248662886934212193e-03 -1.864283536261481800e-01 -2.878412183350380071e-01 2.425693843999205679e-01
-1.946980159056251047e-01 -1.031274270118770764e-01 -2.958865261094587584e-01 3.324191469598181681e-01 1.900831232069216392e-01 3.739500749562387205e-01 -1.729499215144256197e-01 4.237440327739604162e-02 -1.228186565666741434e-02 -3.237018262394668333e-02
2.214094753654934911e-01 2.404428150695588351e-01 1.780960371343383308e-01 -2.195365401724819199e-01 -3.705929510857506326e-01 -2.461071038800544675e-01 2.242526805201396634e-01 -3.272741976593818158e-01 3.612503689538040241e-01 6.694968555707954405e-02
-1.421934525269145531e-04 5.333160490504359474e-01 -4.413257631222561317e-01 4.754797614812241169e-01 6.471855822938251679e-01 1.772353082835771421e-01 3.222701776008213836e-01 2.759064881840565531e-01 -4.692229821552713065e-01 -6.466173508420489657e-01
2.923565716067276221e-01 -3.848376443560598825e-01 -4.189352848068093049e-01 -2.405297127694264736e-01 4.885910743469388251e-01 -6.435929854447108855e-02 2.181640757713210546e-02 5.360499223601772334e-01 2.711031908042351724e-01 -2.559991801625808860e-01
-7.396958742610873494e-02 3.007280812348437915e-01 -2.535763407764389799e-01 1.809745314395965199e-01 -5.155011873320096694e-01 -1.674216656948967763e-01 3.092644141988999951e-01 -2.765218817086899095e-01 6.726078985380344877e-01 4.556312876054464112e-01
-3.919908505551862599e-02 1.031671623417050182e-01 2.443799535683713609e-01 2.206887459593048495e-01 7.820873996567248576e-02 3.906874917842491635e-01 1.791535464267801359e-01 -1.018482595001511670e-01 9.749235778886820858e-02 2.806509856794020541e-01
