6.343309453870157322e-01 -8.109523512549943192e-01 -1.156084031092082937e-01 -6.246580763516362822e-01 3.273877348789382413e-01 -4.567732012020783161e-01 3.475735826391784244e-01 5.953003780274849221e-01 8.034045265395738378e-01 7.137921630707756426e-01
1.500805924106533573e-01 1.214103997472598118e-01 -4.008380711512372629e-01 4.091374057668435427e-01 4.033640281911731740e-01 -1.132317029989626245e-01 -2.514311963319423859e-01 -4.354902126744346624e-01 5.218040378829766901e-01 -2.710067177939465832e-01
2.913506069428675183e-01 4.509795426990420020e-01 -1.807682107940760535e-02 6.758061488820727991e-01 -5.925189189515702726e-01 -3.026933763222208751e-01 5.774835105691124015e-01 2.491050196252974358e-01 6.977114990856735366e-01 -2.760661494784792946e-01
1.543488023618177774e-01 -3.136812876080195545e-01 -1.128911069530344896e-01 -1.150192380334028319e-01 -2.568101316918303678e-01 -3.130646610136341712e-01 3.625860111786121109e-01 -3.248815685901314532e-01 2.423996741997817284e-01 -1.700385699762604619e-01
4.826964603312494141e-03 -2.260231638525983956e-03 3.836275287528700256e-02 -9.049724204274411932e-03 4.994472024215448197e-02 3.320924711497274130e-03 2.779707726083971431e-02 4.562565471347970053e-02 -1.491952590183424649e-03 1.266689077393779415e-02
-4.459742816717262026e-01 -7.491345787275986989e-01 -4.087233218158896342e-02 -7.940784359620708388e-01 7.031304280712085131e-01 -6.939003275503231594e-01 5.540261958005799903e-01 7.113028922749110583e-01 6.758546894269026328e-01 2.295091636731034501e-01
-8.255039600817005996e-03 1.114611126077374309e-01 3.484514398005462976e-02 6.271343020960693654e-03 -1.298723532041708498e-02 2.739260962535308014e-02 5.401307679197749068e-02 -1.237514081676094379e-03 3.320559415360645888e-02 -1.390480931550918710e-02
-5.399518176245279300e-01 6.879328281804296674e-01 7.130672454721939668e-02 6.930357117708351167e-01 2.284566172779759485e-01 -3.268554251134482280e-01 -3.868604207541038731e-01 3.231911287725417470e-01 -6.091857446389647990e-01 5.671946083148893258e-01
-6.889517321224430946e-02 5.940144474806944297e-01 5.549854385207445562e-01 -5.634744320638128690e-01 -2.812183869372290590e-01 3.713043408723225025e-01 -4.289129818009904671e-01 7.202682479223216916e-01 5.200184954273917581e-01 -1.898086010508205357e-01
4.639063662549076927e-03 -8.504618762062510565e-03 -3.019460351982479474e-03 1.112782365499681743e-02 3.678531434310750026e-02 1.626661854558292264e-02 9.247428634192454873e-04 2.484890712304696492e-02 1.613147704653705369e-02 2.872078155590917711e-02
-5.068508559430982136e-02 4.740648260712797962e-02 1.386150642463408189e-01 -1.904217630397023464e-01 3.043676658701661153e-01 -2.168920510129927759e-02 -4.487603311633151654e-02 -4.994122577004496411e-02 3.303614710863655990e-02 6.799048819329729654e-02
3.450441332047398113e-01 -3.211429492611060366e-01 5.922064256918322389e-01 1.877901194550523345e-01 -3.501680892044370386e-02 -2.103156233459265168e-01 5.441612668268726027e-01 5.085457686975803915e-01 -4.564879046843104970e-01 4.098938314512964309e-01
-4.407436122779611609e-01 -3.982958466286023319e-02 4.665189425331848772e-01 6.092484943371537787e-01 4.763532907502008307e-01 -5.052407771883575816e-01 2.114995072718408864e-01 -1.387131767226985057e-01 3.280130865242928961e-01 -1.344227747363855030e-01
4.335487263229120813e-01 1.878495372083959503e-01 -4.678894254941159403e-01 6.579267513411051205e-01 1.790955566290781120e-01 5.326098342167563671e-02 7.501542547385819937e-01 -1.730323577383815481e-01 4.170376067283315669e-01 2.850958307157549498e-01
3.156677197677331126e-01 -5.558920729028096197e-01 3.512024343038058771e-01 -2.398083631578098729e-01 2.945062426529534427e-01 -1.852577984933329314e-01 -4.615816916548752813e-01 -1.702479131663140466e-01 -2.009797986654899837e-01 -6.948020528696332576e-01
3.025816457015241372e-03 1.257676053485015308e-02 3.945140136973134676e-02 1.520787944192750034e-02 -8.805927463443918510e-03 3.606152701520142639e-02 3.770740936438324309e-03 -5.785271172809315285e-03 9.999871572525249885e-03 2.079167537156452472e-02
-5.140982372672755485e-01 1.317535326277460839e-01 -6.460971441874330257e-01 -5.599993381331677123e-01 -1.492363253013815304e-02 2.620361039833865591e-01 -4.339316081198556913e-02 4.313533330995425463e-01 1.077245193839454912e-01 2.360292420323664708e-01
8.305897797735987131e-01 -5.339292741470320625e-01 -7.695671565822211901e-01 4.705725312709099217e-01 5.943404590466190296e-01 3.147934198974738917e-01 1.118661903626091692e-01 6.654488726045665326e-01 8.045286288904388572e-01 -4.410769102102053973e-01
3.082260445313404935e-03 4.378527045266525364e-02 -6.052826833697758646e-01 -4.838569881021197450e-01 -5.873573787811042779e-01 2.907425517241408186e-01 -3.695951591925300539e-01 6.679413025582685570e-01 6.938409879814926018e-02 1.312047122827160982e-02
-6.492103083089692528e-02 3.432353023666241398e-01 -1.615567975852695293e-01 4.317327456141029779e-02 1.665052859365100668e-01 -1.111380096475018259e-01 -3.041720221228917942e-01 2.511358509983135923e-01 2.192285892861829677e-01 -1.923351109961265321e-02
1.709416014171814130e-02 -5.950678780063290568e-02 -2.852204676981086595e-01 4.138631930391643010e-01 -4.743687051151170286e-01 -2.975755418039487468e-02 2.207980947929246984e-01 1.707465226920444890e-01 -3.543942933605401802e-01 2.046360232198288220e-01
3.085635341836752699e-01 -1.012471133983772476e-01 -3.145733837428093538e-01 4.509798596377648794e-01 3.005784245126731369e-01 1.763211090615844634e-01 2.533697625041785306e-01 -8.978503881293355138e-02 -1.422710256442861476e-01 -2.304085518157771295e-01
7.552626901176791308e-02 5.041719337754644314e-01 -2.867384589467551481e-01 2.123193754454783255e-01 3.127814823338826433e-01 1.627161283998518060e-01 1.207601554067708749e-01 -1.267808044639847920e-01 2.963260299942069853e-01 -8.077947351806380460e-02
5.230049076444202028e-01 1.102106263576111966e-01 8.178389692148069212e-01 -8.852271709982149073e-01 -3.964960106721838184e-01 8.761377486048078922e-02 7.592865887861189877e-01 -7.746814503939966068e-01 -2.098256758139333822e-01 -8.109446091252713318e-01
-6.397210074620613973e-01 1.843714494959842187e-01 4.342744527252759626e-03 -6.444824858012794533e-02 3.425482251021916280e-01 -1.446319059608587310e-01 -6.983817771808653596e-01 4.848212659005151082e-01 -6.708861546947757493e-01 -6.367510813787982116e-01
1.668470478449014457e-02 -1.056755827438131817e-01 -2.015580240175993132e-02 2.876447320358018755e-01 -5.448023856037401691e-01 4.818805199205466461e-01 -2.337853061400796961e-01 -2.641111882013875978e-02 2.503253931860966452e-01 -1.192724398983702194e-01
1.718452194015154533e-01 -6.265443748985627392e-01 -8.146900442375804019e-01 -8.149953522882440182e-02 -3.108467108385388200e-01 -8.004521600768348399e-01 -6.688914229519804522e-01 -7.262650157868996148e-01 8.657860235407308647e-01 -5.175443848139938963e-01
3.821423336138153881e-01 4.883514744065831636e-01 -4.325391175018607898e-02 -2.737428017094831190e-01 4.503752496660692328e-01 -3.092992290538580380e-01 5.343153268370601783e-01 3.660495563953106157e-01 1.616498237742178268e-01 1.439580122259394301e-01
-3.250627327232403774e-01 2.846244912428692597e-01 -3.270086098551561876e-02 2.832339443850573693e-02 -7.007778015084612511e-01 -2.567184903147614050e-01 3.342247518294699793e-01 -6.685094404244522615e-01 3.946523808464020289e-01 1.470982018295194805e-03
-1.825391351951720642e-01 4.883725931479923621e-01 6.204367202489775579e-01 -5.645385359424965471e-02 -2.501936762408239479e-01 -5.549553507468866220e-01 -2.606788689428300443e-01 -4.252309057910405032e-01 5.378346538140234001e-01 3.797809725596516528e-01
-3.795784339617635506e-01 -5.556638074828436080e-01 8.718783792634706709e-01 6.502926324882064568e-01 5.175336175504731129e-01 -1.409519300155781807e-01 -6.822345848906130605e-01 -8.119318787441270890e-02 -5.860551255454835573e-01 -6.616026048329639586e-01
-6.749543936984109260e-02 -1.104490013454937081e-01 -7.038460262599501860e-01 3.406932401561641455e-01 -3.871204256652263642e-01 -6.084879337567308255e-01 8.145302960637729184e-01 -1.491000325292836659e-01 -1.360476237399732835e-01 3.505426722034672427e-01
-1.536198234924120720e-01 6.210667957364850444e-01 -5.046746735679784601e-01 -6.803960408979277119e-01 2.468537179421434746e-01 1.317186023477456835e-01 -4.297365763023126839e-02 2.456173664817126456e-01 3.207833663821328951e-01 2.663667798366824990e-01
3.196465814299814800e-01 6.521213378691070872e-01 -2.250545451293818888e-01 3.686803793133748841e-01 -6.518852881059438165e-01 -5.988808937801233245e-01 1.101699639346843951e-01 2.069494132400472586e-01 -1.119170235486398740e-01 -4.524583373831351785e-01
-3.035140260207427193e-02 3.134561936125349058e-01 3.573228330582805534e-01 3.172115208270250841e-01 5.242959536898729178e-01 -2.930320973526457928e-01 -3.789577023966755887e-01 -6.043313561858836003e-02 -5.715019601411914785e-01 -6.073901771840915786e-02
-3.582117646704138791e-01 6.042313871847461160e-01 2.640460937422702270e-01 4.478241780501951985e-01 4.264213279409772017e-01 -4.489295856273601837e-01 3.749313521382205971e-01 -2.809404792707625442e-01 7.331361725944286478e-01 -4.301312629386487285e-01
4.032066459719081675e-02 1.061893271148493106e-02 2.802117746989219588e-02 -4.345636281971251846e-03 -1.758409290833336204e-03 3.254861433954830355e-03 1.693615662236881356e-02 9.676933406202785359e-02 -3.987597650251064642e-03 1.069970405502315355e-02
2.758758216886572634e-01 -1.431304284654954032e-02 4.309554002957866753e-02 -3.383537881177020590e-01 -5.117195217973342647e-01 -7.999454865008241711e-03 -1.278403709606761030e-01 2.491555497321097934e-01 -1.502976141650939346e-01 -4.978536294202133838e-01
3.888594722111090030e-01 -5.572503517274015605e-01 -2.918292185904403646e-01 -7.126336610813541750e-01 -6.967837647716429439e-02 -7.105669361084706592e-01 -2.029976235483824942e-01 -6.406491729197535401e-01 -2.392230233152906060e-02 2.932845302657463016e-01
6.026588104569034245e-03 -1.828732552536142530e-01 1.257384544834692051e-02 -8.295900266405197010e-02 1.472917186524659861e-01 9.641914077131970295e-02 9.044407454697647730e-02 2.052505476588294409e-01 -5.657304982549254263e-02 1.322535014376351736e-01
1.313313887686504422e-01 2.664811639684530609e-01 -5.631404492834124476e-02 8.141865118504125476e-02 -7.384397401548924156e-02 2.603402736467120282e-01 -3.963355380144122364e-01 2.214494130915578285e-01 1.084700841606919992e-02 8.518805366005634261e-02
-4.066078350322235857e-01 -4.482920045843016149e-02 5.916018351330845082e-01 -5.313807447720762800e-02 -2.576338282025580351e-01 7.341639739476358839e-01 -3.272469863133107282e-01 -5.413453071529787941e-01 -4.153929821971922842e-01 5.373137315561556937e-01
5.833620190285356832e-01 -7.971439630406595978e-02 -2.606993124525529004e-01 6.661969659074935546e-01 -2.626782385464065395e-01 2.365285030632502741e-02 -7.789425507658055414e-01 1.494268773027565000e-01 -5.368516095855785375e-01 7.453738466659272088e-01
2.713092205938434920e-01 2.085317765537454682e-01 -1.993197831147432066e-03 1.398588816895265097e-01 -1.012383966977172950e-01 -1.348269587550244772e-02 4.930812875383432797e-02 7.714350989378118695e-02 1.342812572540809379e-01 1.761905040042186787e-01
-5.179256527349606065e-01 -8.524870707196914310e-01 1.511028486660759840e-01 6.036577311543475099e-01 -2.727975224661676190e-01 5.928298389957775694e-01 -8.427998720950126144e-01 -6.868771605304604955e-02 -6.896983706114577783e-01 6.401609699492643024e-01
-3.258725594091929634e-02 5.580308853917699541e-02 1.463605380173736425e-01 5.090552154881329908e-04 -1.875206088920543523e-01 -1.725451951405073681e-01 -2.269476489543146847e-01 5.499431198702627033e-02 -1.598138773833568671e-01 -1.256764154993350313e-01
2.091481364809114896e-01 -2.452172989386295909e-01 -4.483430411457179354e-01 -2.990348781730324257e-01 4.276324885254090824e-01 3.717986426085069795e-01 -2.012947477213597181e-01 -5.618987821337858568e-01 -5.335145501477401853e-01 5.099261436613855558e-01
3.035260298333697371e-01 -5.482626821857607968e-01 -2.936286979564035199e-02 -3.661988641177452708e-01 9.981143381938589743e-02 -3.181024607326664588e-01 -4.621579598705248260e-01 -7.018106405305013507e-02 6.390120147558270292e-03 1.944810063771628128e-01
-1.470758871593768335e-01 -3.594262752118233539e-01 -1.004254795994465599e-01 1.175967587730806924e-01 1.424165974747816921e-01 2.732338187934045259e-01 3.123172821956616829e-01 2.762444066232369044e-01 1.829002648057486413e-01 1.430967604014631370e-02
-8.667029918074086181e-01 4.484311862438360441e-01 9.088110974020963129e-02 7.389853818885704362e-01 -2.722704623196303686e-01 -3.209435956411493263e-01 -1.533320499734743547e-01 7.720814408659233408e-01 -5.120265325280177332e-02 1.427538020267554719e-01
-2.624455835314268293e-01 8.603339719250191475e-02 5.768027263711297259e-01 -4.105889240576410248e-01 2.040541416750006887e-01 8.221441093749077833e-01 1.982936332249831124e-01 -8.541246230335674747e-03 3.433883201028261611e-01 -4.207004310121038593e-01
1.775944428689515964e-02 1.869080896289648519e-01 -1.102934038058532157e-01 -2.400868159172778182e-01 2.734681788399752067e-01 -3.269092549719384566e-01 -1.097206190531417741e-01 2.122216694512825755e-02 -3.476401004312746484e-02 -2.094074253349330061e-01
4.917685909694494151e-02 -1.232676870727619917e-01 1.462815013103538897e-01 -1.136741051441175418e-02 -6.150211148150858814e-02 -8.921491631933614608e-02 -6.563217671927501495e-02 3.921711823887594900e-02 -2.376924672472880418e-01 9.153068574434730653e-02
-2.887659273885602174e-01 7.750847544184920057e-01 9.220110331811915971e-01 -6.247150615870605828e-01 -1.054837953726106003e-01 -2.759284329085831544e-01 -3.103738320211842372e-01 -2.164162735774454449e-01 6.848591676200789236e-01 -4.258327717481261709e-01
-3.460371981211251557e-01 -4.389411048967368778e-01 -4.493426924139685141e-01 2.772909026627876639e-01 -2.336676275266280634e-01 7.230733897638067509e-01 -2.170541427509241617e-01 -5.188765327278120898e-01 7.556630509234271709e-02 4.479977215036199945e-01
-5.083307021106283630e-01 4.427252876963304051e-01 5.403411503467556720e-01 -3.210398474461048646e-01 -1.581194690066070607e-01 3.160643600589195246e-01 -3.199881838511177135e-01 2.321801998849405135e-01 -5.814861164915464675e-01 -7.148141369489749986e-01
-2.522025627288512206e-01 -4.710592672562721184e-01 -6.558859164710649781e-01 -4.286037024611288881e-01 3.955955515514323340e-01 -5.586795838739425646e-01 5.061967816169552631e-02 -3.328472523409701789e-01 -3.809071625000009509e-01 1.648609019508015805e-01
-2.078857538095004592e-02 -6.344259708292354638e-02 -2.874068283487660747e-01 2.132842032348787886e-01 1.753115611040624230e-02 -1.002943296598702294e-01 7.416048176777162437e-02 -5.597385517653906406e-02 1.296542537021215247e-01 -2.850360095029517704e-01
-2.823264418832390210e-01 1.693130507064167789e-01 1.973233806818208980e-01 -1.650341083922095831e-01 -6.041764025229928725e-01 5.720222371719375642e-01 -1.359101358884291233e-01 4.587983448082941784e-01 -1.840232168112796163e-01 -5.704734706491634277e-01
1.250391660126076998e-01 9.928977009043546409e-02 -3.112533877520488185e-02 1.974461601380890496e-01 1.483451623707063016e-01 1.405313976253189379e-01 6.705682874644083857e-02 -4.324915737135668833e-03 -6.810552995412171018e-02 1.214483972299523415e-02
-5.682931958456700627e-01 -2.846958465331899668e-01 -4.582408113839175345e-01 6.365373646122953755e-01 -4.795794806280038736e-01 7.075473398895413268e-01 -3.445092246050938112e-01 -4.702046234090425658e-01 4.853066767039004858e-01 5.616950296332617887e-01
-5.407863868367567273e-01 -7.980174342057425041e-02 3.640932100095719548e-01 -3.355244309920768584e-03 8.221683231554671734e-01 -2.679385910850490271e-01 -2.316689106656451835e-01 5.818017106163426710e-01 -2.570581487060469850e-01 4.250985502273178507e-01
-2.066622360420934945e-01 -1.015440846082671933e-01 1.107853819304626536e-01 1.948923584128651673e-02 -9.780064873341004494e-02 -7.204724008837755378e-02 1.191808239709477996e-01 1.426534624549610254e-02 4.196192320807800441e-02 3.137639402532812344e-02
-1.474555316405974092e-01 2.634939332782850752e-01 -6.021498324248705271e-03 1.362726648095349269e-01 2.655481737482727755e-01 5.772730806190300851e-02 -2.619193628598406320e-01 -1.780805095729560694e-01 -7.965440749803477660e-02 -1.536674961450792964e-01
3.660205204281437395e-03 -1.024622724965461446e-01 5.887416080220485987e-03 -2.029094586718113991e-01 1.343483936832223502e-01 1.454410874171283563e-01 -9.956558329864707846e-02 -3.488322053472470707e-01 -3.184661614792066442e-01 -6.375470639828655361e-01
5.380832405641230443e-01 -1.507189616195516446e-01 -5.421104562580126851e-01 -5.844035340895473718e-01 1.397376860183939251e-01 8.856576427440712718e-02 -5.435282802287173531e-01 -6.408061573511723841e-02 -6.481632473476225398e-01 5.326490404341570617e-01
4.680302427259623310e-01 -6.427972784192980127e-01 3.804341271427544857e-01 5.825025975407900347e-01 6.334268143438466225e-01 -2.972357248077933112e-01 4.054586142603123777e-01 1.661539377716418631e-01 -1.026508224941359050e-02 4.853430196429632248e-01
4.403102488438869200e-01 -4.590409087559750856e-01 -4.213297842002936555e-01 1.807039985638562996e-01 -1.430818933125132808e-01 -4.237044811094924923e-01 5.289031219092545921e-01 4.391132856926030503e-01 -1.339978033138530811e-01 1.171665773527233861e-01
2.045375936575073161e-01 7.953557622382000369e-01 5.078488086279530078e-01 6.022629516910983360e-01 7.211795061703457632e-01 -8.043257676722087579e-01 1.673169561387224391e-01 8.013937316831307722e-01 3.084712487490001709e-01 -8.763841908992759944e-01
3.390693235646740078e-01 -1.516720010398160401e-01 6.126211715514839895e-02 1.577850145892361333e-01 -2.139086616542592578e-01 4.825059375683300456e-01 -6.077266975029013696e-02 2.330644945552914904e-01 1.570562779426190603e-01 3.422425352855874570e-01
4.578552950783219555e-01 -5.760963951395960958e-01 5.830200575842345856e-01 -3.596424967573128018e-01 -1.960625708489469876e-01 -1.643754113787576077e-01 5.583206294786828838e-01 -4.637916994039987806e-01 3.380393766343550155e-01 -2.491159909297681607e-01
6.769183099334096232e-01 -2.550463130246239385e-01 -7.074792628839783326e-01 8.937953806938322421e-01 8.652553912513150092e-02 9.334993212772610960e-01 6.933439355917231373e-01 -2.709912768257831117e-01 -9.294271381899131546e-02 7.893462163272458865e-01
-2.229074149960971751e-01 5.753609120766417506e-03 4.181101901212023325e-02 -5.479880197912564421e-01 -4.477636293252719168e-01 -2.391566480358024160e-01 2.418181922238610004e-01 -4.207178240159377691e-01 -3.093724832442777406e-01 1.491683522447510568e-01
1.586626340409649782e-02 2.904626800678896531e-02 1.282132236455297419e-02 6.643556425286957501e-02 -8.736700645779960778e-03 4.743956838838933598e-02 5.431216738705550717e-03 1.121832491852534953e-02 1.172712938592734150e-02 1.519040134369295698e-02
-1.231458143925758808e-01 -6.094829783773628717e-01 2.879435448395795127e-01 3.216052546420468394e-02 4.851176207344867208e-01 -4.562318230429847077e-01 2.369175147066888698e-01 -3.997882159047821959e-01 7.215170039164297000e-01 4.442221682092286628e-01
-4.871051326576863461e-01 6.663332446713357005e-01 -1.055206551694466699e-01 -1.697911941293540339e-01 4.708405328458226680e-01 5.200386451035446944e-01 2.600679035932706440e-01 4.676019957367352209e-01 -4.745811959517374778e-01 -4.012041232842051830e-01
-7.280708069978364394e-02 -4.706434643865281542e-01 6.961204114029785617e-02 -3.882030172551281105e-02 1.905327315020468593e-01 1.812699125760820762e-01 1.427436211957958667e-01 4.493907954351557543e-01 -3.246762168680221716e-01 3.700277825988872449e-01
-6.825268399775753503e-01 3.941680607276330517e-01 4.518004231420037486e-01 7.276856962683304619e-01 1.331896221220464638e-01 5.946352279338568136e-01 -1.930269378702409999e-01 -9.392366212955256810e-02 7.109903191470087203e-01 9.211942229023471762e-02
-1.512555296073781197e-01 6.339333100635233809e-01 -5.695457724456214343e-01 1.953451301527221740e-01 3.093573314216869763e-01 4.125632162978120077e-01 4.059532543435223073e-01 1.180448806219149410e-01 -4.326572872814460347e-02 -1.600963592232937938e-01
2.649725141402591369e-02 -9.942125561463979050e-03 1.455376498541698094e-02 3.087462542231339882e-02 3.616820204456365484e-02 4.464873304410864330e-02 1.598072037811325286e-02 3.182622953173121216e-02 2.257350333644652166e-02 2.246662070816083864e-02
-4.923268834520680981e-01 5.951461574524570253e-01 -4.904611619864384098e-01 -4.667205874934706941e-03 5.715787817772889357e-01 -7.500195806026472845e-01 -8.017915340515708866e-01 2.640612290473871027e-01 -3.399067949125316734e-01 -7.050137742057305257e-01
-2.376618945761670987e-01 -2.154887966836284141e-01 9.299592169797073204e-02 1.480726144482251982e-01 1.673823714979346122e-01 -4.608961348110313105e-01 1.243740428648373170e-01 6.124562096295935731e-01 2.380860699981899586e-01 -8.830867304879229385e-02
-5.464821510372015467e-01 1.992083763407150043e-01 -8.151022234555505008e-01 -3.365387630223937165e-01 -6.765895264124005548e-01 7.810417369782551855e-02 -8.349839751677642363e-01 -5.084635937474293321e-01 7.980804576122436655e-01 6.908151138286587889e-01
5.689026528779082825e-02 7.773219689691984735e-02 8.205451018680927355e-02 -2.144581976941809243e-01 5.060494082089271595e-02 -9.346642758945815366e-02 -6.381790938255872681e-02 -7.768525115018250216e-02 1.407365168982602742e-02 6.789747064507650146e-04
8.554438237727188254e-02 -2.196106951719996314e-01 2.960571657023493564e-01 4.458187341034860474e-01 -5.012351696673513768e-01 1.756594866851165782e-01 2.492497530681608287e-01 4.134611618063477323e-02 -5.191262653859498588e-01 -5.867647571669828421e-01
3.435176102806593024e-01 -1.843794254964720158e-01 3.192122553881185931e-01 -2.891926955482913147e-02 -2.593821230825807400e-01 -3.296698814995360771e-01 2.279763390337621043e-01 -4.074894367941817030e-01 -1.905318524665406132e-01 4.173576460762731255e-01
6.964094172625652224e-01 -4.812324360466852524e-01 4.785264659106086005e-01 8.245774158771108642e-01 6.155898757674800326e-01 -3.213016653803978107e-02 5.259660086614743602e-01 6.945416773617277828e-01 5.937048135916934699e-01 1.052960007835496981e-01
8.932664219862111732e-02 1.212304191160961386e-01 4.549587357434672907e-01 -1.497563544399169166e-01 1.982217895571528055e-01 -2.034888786917526393e-01 9.051138128482236200e-02 2.763858476715769230e-01 -3.829825424855673455e-01 -3.671106313086137662e-01
-3.653296031874139205e-01 1.330125416031555097e-01 3.909539121367769376e-01 -5.879189101543007556e-01 5.783146667783791717e-01 -1.318466594418869764e-01 7.303786984283761052e-01 -5.672003479863026998e-01 7.587509085108617990e-02 -4.167990060519011219e-02
1.666717801336395077e-01 -2.516163509430019984e-01 -4.599572245729401931e-01 2.295246408868348645e-02 4.658188850226205324e-02 -2.702825955958373938e-02 4.192403817558235102e-01 4.557292377335930289e-01 -5.297704995907276393e-02 -6.001071500477238585e-01
3.127664818713122852e-01 -6.264241195084820912e-01 -4.908341202001925141e-01 2.946759485770509765e-02 1.623315338841542221e-01 2.985420439962879202e-01 -2.656040243460923711e-01 2.066180725806394669e-01 -2.832080582229986598e-01 -4.121488234409229068e-01
-4.320036458652293243e-02 3.880504442802331089e-01 3.431291000376835432e-01 1.999713623030233978e-01 -7.501387078837076783e-02 2.269361899395790638e-01 -3.469421584800643776e-01 1.974056643724974580e-01 -4.101052254028478804e-03 -4.601267509384224241e-01
2.580237258786813315e-01 -1.913354373810232656e-01 -1.666493783834758213e-01 4.637139627641185258e-01 3.980755513911884980e-01 4.635016502823461892e-01 7.135772869245589067e-01 -9.016234415945192926e-02 -3.114703166289148895e-01 3.383120331689615234e-01
-5.261067933563502441e-01 -2.375599027455341239e-01 -5.399973883056524704e-02 -3.390191410320374243e-02 2.671091429696799691e-01 -2.865629211007560406e-01 1.186113780762914488e-02 -1.917292469320475146e-01 -2.948655640125282806e-01 2.460085922994736385e-01
-2.231205163931664626e-01 -1.309030400985802534e-01 -3.620803477352573241e-01 4.246625664133608646e-01 2.180173789483042246e-01 4.235253279853275488e-01 -2.463854961377331398e-01 1.510259563880636188e-02 -1.984231404483622480e-02 -1.839013209514188743e-02
2.340955069026638691e-01 2.372400355160059482e-01 1.846979287762421096e-01 -2.288571945365604210e-01 -3.875873302233462936e-01 -2.518519265752071634e-01 2.245840906746368049e-01 -3.412571848311457545e-01 3.793102849687314815e-01 6.937014308870435852e-02
-1.347999665311136160e-03 5.358661890225602242e-01 -4.432900265816815399e-01 4.783803349564467178e-01 6.526471420964726766e-01 1.789689752529518008e-01 3.167360318079156523e-01 2.759338027035626584e-01 -4.718854411204926325e-01 -6.504759925849338265e-01
3.069003206502343706e-01 -4.045464081435938275e-01 -4.513570089051908152e-01 -2.514062376355413186e-01 5.131475066538271346e-01 -7.413468317245416883e-02 2.241372404860930354e-02 5.616212768920632037e-01 2.839545418701622248e-01 -2.702742831389142730e-01
-8.126006661814122456e-02 3.125032610268611566e-01 -2.614644009239004419e-01 1.826352292924239007e-01 -5.257547397474260364e-01 -1.679708988601025521e-01 3.086443514563925183e-01 -2.741902845426700264e-01 6.850929407364070300e-01 4.683142292530587669e-01
-8.938814435005623671e-02 1.167156342011014397e-01 3.131289404821288036e-01 2.640582511701451973e-01 9.071299402279216217e-02 4.751071203692568967e-01 2.143072750715605546e-01 -9.295262524851503894e-02 1.226886258270561136e-01 3.425818751547670682e-01
