6.280922236227867161e-01 -7.905271012042318635e-01 -1.143864438312586912e-01 -6.185960565435679737e-01 3.209123365001945727e-01 -4.558235208279140527e-01 3.529434069457546008e-01 5.918380295964904558e-01 8.055180977638694007e-01 7.069443128569077306e-01
1.488954060983908589e-01 1.206462720781463216e-01 -3.854483428931342326e-01 4.049802126998406915e-01 3.947712652678773138e-01 -1.068806205118025265e-01 -2.524363051638230382e-01 -4.294116832883452251e-01 5.158423049986794462e-01 -2.689320040553997981e-01
2.778218194216832693e-01 4.412666495938323830e-01 -2.005876557664816595e-02 6.552714500951853926e-01 -5.665942772295228247e-01 -2.937993532679381570e-01 5.537832977423514658e-01 2.539405221031231785e-01 6.822006604632244731e-01 -2.664915093045219785e-01
1.867705894900879016e-01 -1.416176266645251258e-01 -1.781181372876707372e-02 -2.662691501442104869e-02 -1.176094905198892676e-01 -8.047412285795740861e-02 1.386232426428540276e-01 -1.120535495945136906e-01 9.985158694310845851e-02 -6.146092627699493993e-02
-6.734766103777084685e-03 -2.623257565327512600e-03 8.955594776888073372e-02 -5.825965122236874925e-03 7.688026078875209723e-02 2.823417791194231252e-02 1.055992271277967666e-02 5.720220534047587568e-02 1.417793613333730683e-02 3.859818540825466632e-02
-4.455953977954851819e-01 -7.467096308537047866e-01 -4.072260087100098430e-02 -7.939397467946126552e-01 7.014850922063080585e-01 -6.939219780050036590e-01 5.530549348971346424e-01 7.123448736409330184e-01 6.743062942590406506e-01 2.296971989843573925e-01
-4.808072928266786394e-03 1.625435026308802711e-01 1.007199791192262966e-01 1.675676501493763432e-02 -1.389692424554478736e-02 5.983749977761390094e-03 3.592490566548959402e-02 1.778618820050724067e-02 8.116776926076448018e-02 7.799236308593228417e-03
-5.348079160911147767e-01 6.800712638532899756e-01 8.288524094187189883e-02 6.851909198340244700e-01 2.255249559653182134e-01 -3.245041766334126332e-01 -3.837659470260067485e-01 3.200900921530176468e-01 -6.045736966907430121e-01 5.596106378272296400e-01
-6.965582791870859880e-02 5.905197607055747699e-01 5.494036110078726054e-01 -5.612914482264372840e-01 -2.800104789316708032e-01 3.674960154343204777e-01 -4.131489852460306089e-01 7.201292239969292464e-01 5.175170378862090637e-01 -1.893711932126165842e-01
5.525576037716459221e-03 -3.195084450548129999e-03 -1.024739958931863808e-02 3.230387241134095866e-02 1.124747119722550176e-01 6.499762410565113058e-02 1.523883384266260833e-02 4.570762967098504492e-02 4.326608386251372396e-02 7.337660441592227384e-03
-2.798589865492617009e-03 1.206369826067304057e-01 4.385326939155776566e-02 -3.330858543941565136e-02 1.869855405928135539e-01 2.905453352164185168e-02 -2.205619285049808045e-02 1.155631863387251122e-02 2.641943997527139779e-02 3.897864849757169681e-02
3.422647302488605048e-01 -3.188770030708531489e-01 5.955175768845031303e-01 1.864058266865380176e-01 -3.493784548842493454e-02 -2.090144171407112283e-01 5.402649593907958847e-01 5.067657104805621815e-01 -4.532631313112646665e-01 4.087002446153995550e-01
-4.213418861359385370e-01 -4.421134823394767821e-02 4.404806909101887102e-01 5.789588139680248435e-01 4.676875179450957210e-01 -4.544076912790085410e-01 2.075094445193401971e-01 -1.357791645074891418e-01 3.156919533894797514e-01 -1.272883877968114252e-01
4.146424362832994426e-01 2.025431808992890770e-01 -4.651568259358628832e-01 6.349046261241340083e-01 1.742240658028314515e-01 5.285036367351937658e-02 7.444915866301606844e-01 -1.599035587289978078e-01 4.120436750353005939e-01 2.896259182183398839e-01
3.109593773783129178e-01 -5.498683085319003849e-01 3.644821377298015919e-01 -2.359847206927375984e-01 2.924233417954674175e-01 -1.800671258199768587e-01 -4.541815943631621888e-01 -1.671630936475585472e-01 -2.016486648728815501e-01 -6.815607794474283221e-01
-2.840959578032428885e-03 1.111977795697022264e-02 6.151817574158612023e-02 1.991436078091054704e-02 2.363245674246798947e-02 5.706691374455070270e-02 6.802338641377501244e-03 -1.151034183182605150e-03 1.726358036923827943e-02 4.892391317038249227e-02
-3.752848697428553537e-01 9.326026035246234858e-02 -5.167831577864145931e-01 -4.404058324457433282e-01 -1.469591924400781568e-02 1.837582844930551185e-01 -4.635452463180570609e-02 3.490366323587578146e-01 8.902983296531551127e-02 2.415599110275435113e-01
8.297674729179679298e-01 -5.337672719979520419e-01 -7.693720598301378999e-01 4.700892764220774289e-01 5.960070995551207673e-01 3.149311554959107196e-01 1.115673325782845920e-01 6.657051868989838361e-01 8.042207107355729967e-01 -4.411909261817655303e-01
1.314570432401246684e-03 4.144921206372977063e-02 -5.875753894468684901e-01 -4.763379566139692711e-01 -5.774690950147917112e-01 2.848188611096286182e-01 -3.635240482754757974e-01 6.726481219969663305e-01 6.688843574087907640e-02 1.283160207597013915e-02
-2.961615927588491862e-02 2.156963380050166690e-01 -1.254043213913023369e-01 6.088028621509974231e-02 1.897566474076493315e-01 -8.322060153892027468e-02 -1.744341478938080392e-01 1.127828886880257314e-01 1.270145016494128032e-01 6.355817840233472793e-02
-7.629049453103748692e-03 -5.496862768269096533e-02 -2.293069192491883346e-01 3.524538751919917279e-01 -3.947431420192681895e-01 -2.673342249727619913e-02 1.666659878613022949e-01 2.121867065038400280e-01 -2.937643332497771875e-01 1.610932890499714998e-01
2.701053369546042027e-01 -9.011499157883370859e-02 -1.974998436493575205e-01 3.947999031849482865e-01 2.580548279542775325e-01 1.607411239569996597e-01 2.015537643605361806e-01 -9.037272750324397419e-02 -1.224630663506115907e-01 -2.121884271166882274e-01
5.462897570372859252e-02 3.984426092848339929e-01 -1.756991178083434912e-01 1.638438117159351504e-01 2.429020678434717362e-01 1.242103796544923033e-01 9.744593615155366928e-02 -3.218427811320542786e-02 2.338727844975256598e-01 -6.724322119343702220e-02
5.222530326122664102e-01 1.115910650166647006e-01 8.166425104905101762e-01 -8.842736666706977333e-01 -3.956981310047718581e-01 8.720090475852988743e-02 7.579935808601268032e-01 -7.725799098358241412e-01 -2.090709503960370141e-01 -8.073586349404545670e-01
-6.267234403726122949e-01 1.823717679193178065e-01 1.327740089900540828e-02 -6.647032275334958940e-02 3.358624426104997451e-01 -1.312708524893586026e-01 -6.816675326964097836e-01 4.604664237033309071e-01 -6.511332742799468276e-01 -5.961119007962280003e-01
1.071569579150063317e-02 -1.832820418467820747e-02 -1.667719864520494227e-02 2.404806192840385215e-01 -4.792258354749446281e-01 4.079992704368347600e-01 -2.014890945975333081e-01 -2.458991162313949735e-02 2.134100702475971445e-01 -1.154038886490143107e-01
1.707651076789437339e-01 -6.254375046464643040e-01 -8.070791610958558682e-01 -8.184244916454010144e-02 -3.100875226387936334e-01 -7.991939552895352961e-01 -6.671406796384613536e-01 -7.252829016079334057e-01 8.635516331005310686e-01 -5.174075500271504424e-01
3.677503885973004705e-01 4.725446769326432928e-01 -4.058166411119250305e-02 -2.680058666233672837e-01 4.402917353217732921e-01 -2.731142785017721120e-01 5.120786102254566430e-01 3.508281637694961042e-01 1.541457950524421638e-01 1.383290675922547730e-01
-3.188263707771716304e-01 2.926757688186117368e-01 -3.615417794295021359e-02 3.172149594840781295e-02 -6.890853219959907072e-01 -2.334178763051952266e-01 3.331561694145906971e-01 -6.512551439008550380e-01 3.843734767450003309e-01 -6.978960636921680634e-05
-1.697239043221152044e-01 4.721769390775745756e-01 6.103135886207808891e-01 -7.436066765622613428e-02 -2.018500243136816807e-01 -5.376790298409243052e-01 -2.576126218371419530e-01 -4.013694693975419781e-01 5.153711808985873555e-01 3.532555214148247469e-01
-3.802500497128986634e-01 -5.360773993071992205e-01 8.693520619058539012e-01 6.504792938235617328e-01 5.089925041425131802e-01 -1.410525871665261610e-01 -6.745415902934118746e-01 -8.367017774111018547e-02 -5.760226307489755282e-01 -6.630785705964743482e-01
-6.687399020170785302e-02 -1.097084070674318457e-01 -6.901786021352088740e-01 3.332006912209841687e-01 -3.807979954191056393e-01 -5.749759198697896867e-01 7.953966732495771907e-01 -1.531070684142154248e-01 -1.317264068123301934e-01 3.563693921757478122e-01
-1.494265525846493192e-01 6.055341327252916628e-01 -4.883504300139673293e-01 -6.682302785281931667e-01 2.552116791638921467e-01 1.322235600423685986e-01 -4.434747700206488619e-02 2.603637775808273491e-01 3.158361480946369482e-01 2.461801653115154587e-01
3.088633750078116913e-01 6.332743356194404649e-01 -2.220453991708307984e-01 3.519523621439237804e-01 -6.075878613690296470e-01 -5.775991822221197003e-01 1.101690141569148795e-01 1.916071507762736881e-01 -1.171999135238115525e-01 -4.398284684332115502e-01
-3.442161156599495009e-02 3.201337856772404344e-01 3.504276143650594810e-01 3.130450004413604659e-01 5.172448165419094579e-01 -2.777707642985672298e-01 -3.696158966741506235e-01 -5.279158361920088804e-02 -5.640612533541755624e-01 -6.216893930014873865e-02
-3.544244272464327494e-01 5.873179282481821861e-01 2.765580807642534777e-01 4.278845170572825318e-01 3.979058418874059089e-01 -4.543682697187882424e-01 3.549813244903572418e-01 -2.559180132577170697e-01 7.147562078831616317e-01 -4.215197057563203620e-01
1.005256558228629638e-01 5.645289304172195627e-02 2.804043756206843138e-02 1.059725654769032820e-02 -7.151889180240089162e-03 -1.873944547825537321e-02 -1.456030079180542416e-03 2.192068843982785398e-01 -1.288117925714151596e-02 -3.868888080341486083e-03
1.101821807806450670e-01 -3.228436691064861391e-02 -7.866278782792423749e-03 -1.394265657565730288e-01 -1.683807758024343793e-01 -1.117790045156265115e-02 -3.979862408683838143e-02 6.234037434659325111e-02 -1.013008921287861658e-01 -2.390133863602036390e-01
3.823396936744927754e-01 -5.487051962501587887e-01 -2.849050244681246569e-01 -7.030321312246062826e-01 -6.900390221510271926e-02 -6.916450355917205250e-01 -2.041130782616442374e-01 -6.344354005252400563e-01 -2.100987116297419952e-02 3.151499556154350734e-01
3.587233785465060443e-02 -6.196295786819007445e-02 -9.239573379215371834e-03 4.324375677659534484e-03 1.867491503132576725e-01 -1.319512705588355220e-02 6.508878131717259208e-02 4.426223390560029419e-02 -6.985979711093450416e-03 5.106385347807038122e-02
1.155969140760556568e-01 2.427987550022756014e-01 -2.884269402734181836e-02 1.304599174924011284e-01 -3.984970879168214797e-02 1.457538975169622164e-01 -2.544153923801220629e-01 1.695951244270809677e-01 -6.818640626830630748e-03 7.131931550986195245e-02
-3.781873425825271751e-01 -4.040200736501652762e-02 5.790335595383062639e-01 -5.133063468184289463e-02 -2.524701517006924245e-01 7.093480202498609888e-01 -3.176619363394505569e-01 -5.152444092413217547e-01 -4.078093296534283096e-01 5.450506754342213656e-01
5.803694385683226820e-01 -7.533307426698671039e-02 -2.596634924500140218e-01 6.618547072579443746e-01 -2.619430306863629321e-01 2.617168027682965567e-02 -7.756045284208447077e-01 1.503442254952741530e-01 -5.354936820765776595e-01 7.418634707697993047e-01
2.357736532254611217e-01 1.587097414892902347e-01 1.376735353984924297e-02 1.099140935697209553e-01 -6.716968650795054896e-02 1.033945675018930616e-01 4.970878383358007246e-02 4.563063319678006130e-02 1.074633445268917825e-01 1.283955668944230522e-01
-5.198715151093790121e-01 -8.461806458285359156e-01 1.559890878916077028e-01 6.036472213346790738e-01 -2.753951200970901625e-01 5.896287477638857411e-01 -8.403242917063016293e-01 -6.978829984858152258e-02 -6.876911639779447194e-01 6.391909975250823495e-01
6.608291835482355686e-03 3.058884129933717969e-04 1.321003599804373464e-02 -1.611638401238461166e-02 7.637440055667545080e-02 7.510166051961136846e-02 -3.791808047582935666e-03 3.869463377070210541e-02 -3.699600660416130921e-02 -1.507688060719673123e-02
1.980193899835555049e-01 -2.350325373775395965e-01 -4.371241842566154223e-01 -2.993810758397421057e-01 4.346459666965496460e-01 3.660122307372281614e-01 -2.097150385811373530e-01 -5.267049758977749851e-01 -5.148984217988340495e-01 4.885058674250594701e-01
2.757569032833760425e-01 -5.036695419938707063e-01 -2.063849288089122588e-02 -3.352309155960742082e-01 9.800820348621948341e-02 -2.890293648798632486e-01 -3.802323814957578874e-01 -6.187689182637452073e-02 8.995352300356579747e-03 1.760061436104857768e-01
-1.045491995460265111e-01 -2.690558070124685619e-01 -7.420042557568561070e-02 6.375681344275800633e-02 1.930865261242315223e-01 2.016170277803555066e-01 2.197833828568225012e-01 1.815931339552984414e-01 1.130190741595962917e-01 9.459672091959740736e-02
-8.559815924262031972e-01 4.488713051762538431e-01 8.837078499553460698e-02 7.403469583028001733e-01 -2.688914297337964832e-01 -3.179597689709502961e-01 -1.515053631686103797e-01 7.619819193867656271e-01 -5.128062354898730441e-02 1.400923706782872813e-01
-2.410379428860059126e-01 8.390321723389126962e-02 5.650977688153888678e-01 -4.027687125976535110e-01 1.992169401967741338e-01 8.061635242573444993e-01 1.950644818024508120e-01 -7.680393739769129403e-03 3.365382336363186844e-01 -4.146347405505552142e-01
1.133728947377926968e-02 1.060045440722193338e-01 -2.150260300914501668e-02 -7.826835505770828039e-02 9.529373076132048592e-02 -1.431222331943647619e-01 1.083490349415512227e-01 8.607767528243855451e-03 -2.258826116389367998e-03 -8.983271504171892741e-02
5.612474534395279352e-02 2.530835090531340439e-02 2.067497915784358153e-01 -1.677331476216261524e-02 -1.998360826334390217e-02 -3.930558490800481475e-02 1.169600834854379878e-02 3.219440739307238841e-02 -9.907088096734345539e-02 1.833516850398377376e-02
-2.850181177384443210e-01 7.617051220059067873e-01 9.132461800553646203e-01 -6.195385130160947496e-01 -1.047656205437088872e-01 -2.444655647407318333e-01 -3.179335753832686629e-01 -2.268437714413863715e-01 6.786089698968945649e-01 -3.960796276621759704e-01
-3.372070663450758565e-01 -4.367284494072840029e-01 -4.450703255754070442e-01 2.738866866011005485e-01 -2.332010104158298569e-01 7.291198352831251839e-01 -2.079596857348086913e-01 -5.147478387184425408e-01 7.482237486628359746e-02 4.376322014049421893e-01
-5.075726625249427082e-01 4.419323145640559614e-01 5.393648821748882050e-01 -3.210451355645511651e-01 -1.554389218314218002e-01 3.177139315120951490e-01 -3.198849905328129961e-01 2.311315203045105904e-01 -5.810019609139210894e-01 -7.117477133125283961e-01
-2.340596488019366650e-01 -4.524979699162903768e-01 -6.236778296557032863e-01 -3.823564969366689548e-01 3.781973835234138104e-01 -5.358590111234380338e-01 4.713092831392644289e-02 -3.165735271423001929e-01 -3.662059534769055436e-01 1.457487499553268007e-01
1.065979845365436773e-01 -3.888396886396425917e-02 -2.273086805514929198e-01 1.561828998953476433e-01 3.431696999266457132e-02 -9.315098517350728358e-02 6.503308781961467111e-02 1.658122368499117399e-02 8.840366154101231277e-02 -2.042965365140229084e-01
-2.527061961657990352e-01 1.633502176520004179e-01 1.979619245316997789e-01 -1.452209510778868784e-01 -5.745929893918244602e-01 5.602998487781589709e-01 -1.209135024380090656e-01 4.360250773547611480e-01 -1.756040094569326915e-01 -5.465718844864940751e-01
7.053270225077348798e-02 2.903451446809149003e-02 1.737558739105544287e-02 5.744492792034484180e-02 1.071056819289991496e-01 -1.731941848606667958e-02 2.444405690942614185e-04 3.051354301649146505e-02 5.798687956202110833e-03 5.632128721180127903e-03
-5.652625647045527169e-01 -2.821684613957173848e-01 -4.559841618762252025e-01 6.325109903847397907e-01 -4.840824825523248887e-01 6.902709587817067449e-01 -3.439592015697351957e-01 -4.544592448383388827e-01 4.820325359045267710e-01 5.615790149599119152e-01
-5.399113955105805385e-01 -7.971692774821328986e-02 3.621228316886828114e-01 -4.025682940111146094e-03 8.202561573791317118e-01 -2.675281765311454119e-01 -2.277250603224660885e-01 5.789975284789027343e-01 -2.556253811750043847e-01 4.227247053156690249e-01
-3.659563482011573415e-02 -2.396651779447963454e-02 3.147616355212531913e-02 5.980815950808115317e-02 1.810044247829671951e-02 7.550189605067084142e-02 2.098360398977070981e-02 -1.479368732788991468e-02 1.546989144914056365e-03 1.199228829088144488e-01
-8.660039636014923992e-02 2.297202989419784847e-01 -1.939490358837425710e-02 6.442544068426854509e-02 1.495793476633066887e-01 5.456314487022951437e-02 -1.206430438506673475e-01 -1.328255496978719419e-01 -3.945453969150955476e-02 -5.213262927039809952e-02
6.302754549489164929e-03 -6.871651422949492938e-02 1.589177628937823300e-02 -1.640706162974097659e-01 8.383666414454568616e-02 5.901531535497145375e-02 -8.147673935042454296e-02 -2.092190659486146687e-01 -2.665925547722784450e-01 -5.178670761671727574e-01
5.176687145027771830e-01 -1.002260104772689508e-01 -5.260031972852929893e-01 -5.592749131814327423e-01 1.222672941285394416e-01 8.615319955149654263e-02 -5.119879999732136477e-01 -6.819988345604356683e-02 -6.181232506311484798e-01 5.103267382027448784e-01
4.609889206464775069e-01 -6.361976833546503229e-01 3.782651131478856343e-01 5.747200445795322965e-01 6.291690131764627880e-01 -3.057014827865851547e-01 4.008881369478364820e-01 1.720262467777894932e-01 -1.275679000943317695e-02 4.826310158624604330e-01
4.187252605834113073e-01 -4.460845536224971042e-01 -3.758158806563088317e-01 1.652437292722769013e-01 -1.396656813240522987e-01 -4.133762039905380381e-01 5.021301987579349646e-01 4.219238525218491076e-01 -1.273563895090922826e-01 1.117547917623738507e-01
2.125820415414404752e-01 7.906207600467018981e-01 5.095673300195071587e-01 6.025118618485811872e-01 7.222737893186251812e-01 -8.031504300759133574e-01 1.674390876923820826e-01 7.928688551108132865e-01 3.089495359496274851e-01 -8.702827180595354983e-01
2.608637917664932138e-01 -1.125243053318991937e-01 5.060577579251691188e-02 1.316626294100726180e-01 -2.059821041783430895e-01 3.399763657480905921e-01 -2.980830767967402803e-02 2.480816529700278217e-01 1.358108449397039119e-01 3.487611727518838967e-01
4.323836328025765785e-01 -5.373267504485108592e-01 5.567452055937578415e-01 -3.543200256030852868e-01 -1.777232634327191030e-01 -1.612037586050380500e-01 5.569955620944402330e-01 -4.453275413463608778e-01 3.266297768425627246e-01 -2.320004601502253239e-01
6.766387347234890104e-01 -2.550036001543870556e-01 -7.074584532560286299e-01 8.932583712407800025e-01 8.626010642852723065e-02 9.341072077569158028e-01 6.929450204352914922e-01 -2.708447988666320971e-01 -9.290677505436950590e-02 7.890342439403916774e-01
-2.192511777287085295e-01 7.405854088565006800e-03 6.530397904276864784e-02 -5.205956192193129661e-01 -4.261911173022884802e-01 -2.380742882127898918e-01 2.158605450360617517e-01 -4.028187001253552002e-01 -2.951168904024819573e-01 1.425321662764215402e-01
9.099028293479269531e-05 4.453426514943265718e-02 1.554182392379614870e-02 9.837678801863680711e-02 1.811672313066121053e-03 8.463572205687873440e-02 -3.578350280387773870e-04 5.073423182614683613e-02 9.921076925387503631e-03 1.292873649469647272e-02
-1.265565361864528227e-01 -6.033883985338223122e-01 2.758049454952117285e-01 3.314414755737751100e-02 4.916601259052968409e-01 -4.561458661480708443e-01 2.474102420062119223e-01 -3.984622235790593048e-01 7.145826297800054183e-01 4.417782839191828348e-01
-4.830594210762957363e-01 6.763699617544014497e-01 -1.035221987848153891e-01 -1.625463731325917094e-01 4.552637236740613713e-01 5.135552420186081379e-01 2.686830694237674066e-01 4.593593512490646291e-01 -4.624008271809260662e-01 -3.979799097691282261e-01
-6.355954256659462898e-02 -4.107564873295992958e-01 5.357341274844558410e-02 -5.856241773180525384e-02 1.497990780732829652e-01 1.823979359961951652e-01 1.125592460997434791e-01 4.064273014655856442e-01 -2.676429707080589249e-01 3.242826459942776962e-01
-6.774086798605100102e-01 3.952154602687478757e-01 4.481628712030876205e-01 7.199214380439752370e-01 1.306621114822169860e-01 5.890212759565870426e-01 -1.913523184005083699e-01 -8.453247227855667512e-02 7.054182270544337996e-01 9.197277200002330899e-02
-1.490409105980503857e-01 6.238604020290681174e-01 -5.614701904836034707e-01 1.914812435992341855e-01 3.062875228919282877e-01 4.265005705393973834e-01 3.999837246939711988e-01 1.154911796233797083e-01 -4.287816110226196770e-02 -1.581552003682111240e-01
1.057347610105823128e-02 -5.130551081321627939e-03 3.292679217161460087e-02 5.715479019216884726e-02 8.222461761580952821e-02 1.591153297606968942e-02 8.675331370010780363e-03 9.978956279685288755e-02 4.541711718553480270e-02 4.353173869788207195e-02
-4.907780427385711186e-01 5.994787313444188692e-01 -4.901187342034939998e-01 -5.619408069502070113e-03 5.723057924152801235e-01 -7.475794634257737492e-01 -7.993276785235097215e-01 2.622080151240296364e-01 -3.389516737717135908e-01 -7.029649768805241727e-01
-2.113220682860450506e-01 -1.537816957241570914e-01 8.019177247377955176e-02 1.385013910802078974e-01 1.404025299123356496e-01 -4.119539438371478957e-01 1.103030408621410302e-01 5.763476780782176290e-01 2.045762974557908676e-01 -8.216194398330919912e-02
-5.440239410194004366e-01 1.966011707880178094e-01 -8.092269524241699763e-01 -3.327928245647110983e-01 -6.751600893826933403e-01 7.881435401161816789e-02 -8.323090364832537169e-01 -5.071744543860420285e-01 8.005326570355230098e-01 6.868662205469856508e-01
4.091177878309069926e-02 2.474036359869044924e-02 7.859187186235096212e-02 -4.090523101562371783e-02 2.221863532616812423e-02 3.912319708532740331e-02 4.162638221916486331e-02 4.830169650959476035e-02 1.867791645180624360e-03 2.159855474016920962e-02
7.428522191615730130e-02 -2.027176862946968028e-01 2.923495937953108359e-01 4.332344237959492861e-01 -4.829963978065751617e-01 1.868039801731039840e-01 2.237513041159239491e-01 3.789107924491914858e-02 -4.936624821909821326e-01 -5.551568328279276043e-01
2.025906045668818267e-01 -1.078428285696356875e-01 2.039043905124081346e-01 -2.569062007473351880e-02 -1.896614294677093915e-01 -2.200467136287052039e-01 2.267186959207274088e-01 -2.298252454481262974e-01 -1.013656646137361533e-01 2.676399819261129354e-01
6.965856977414295326e-01 -4.799473012918817894e-01 4.768040103338286873e-01 8.245669372662915997e-01 6.134299773502311925e-01 -3.286294771887163235e-02 5.271071192074365808e-01 6.936984201456687371e-01 5.925119671014564826e-01 1.054211868231551830e-01
9.719113567902459838e-02 1.149568205545624111e-01 4.742030260717888246e-01 -1.431246507465261664e-01 1.858115790279855351e-01 -1.967540016467486941e-01 8.826252148489660554e-02 2.645208874068062377e-01 -3.720122610277653008e-01 -3.559000815551989771e-01
-3.568843529205442677e-01 1.337308958428547745e-01 3.852047566775717580e-01 -5.816048523000207915e-01 5.703597573320466907e-01 -1.207333032964705705e-01 7.210827805427112436e-01 -5.607879822594825647e-01 7.488308026994075495e-02 -4.131639283548992070e-02
1.539490832843903589e-01 -2.129839165233640419e-01 -4.064864251620897706e-01 1.204994971676174101e-02 5.075693745022150788e-02 3.454086605112469816e-02 3.719654183469054964e-01 3.746210560474118045e-01 -2.817059260336086945e-02 -4.778003905459666800e-01
3.043657017017357691e-01 -6.138653413944127335e-01 -4.678572173063575423e-01 3.029333803675489725e-02 1.540800532906161924e-01 2.915277835756719393e-01 -2.633565832509683902e-01 1.998493963875985768e-01 -2.632371055048186026e-01 -4.027131702458761064e-01
-3.648898203506361487e-02 3.798442978151877480e-01 3.163070376831697006e-01 1.805312636034328289e-01 -4.887854302858674754e-02 2.228776448108247821e-01 -3.216533016923209254e-01 1.828969142409482551e-01 -6.728688744799828612e-04 -4.136228474502338104e-01
2.500713050050582531e-01 -1.879624597958402255e-01 -1.561739974585145962e-01 4.514071543909833339e-01 3.865178876102155492e-01 4.695120702710026683e-01 6.904755458754024966e-01 -9.485436132273482313e-02 -2.885353069327850628e-01 3.426569121280297892e-01
-5.088319373715103344e-01 -2.088302599522683378e-01 -5.611953837116977900e-02 -7.035442217975944844e-03 2.660999745375741132e-01 -2.225343556992145644e-01 2.891713293646271977e-03 -1.823209324964961409e-01 -2.857945986313399911e-01 2.359060253055438316e-01
-1.257925332347298863e-01 -5.460650645990750007e-02 -1.939382833296300901e-01 1.736948158939560505e-01 1.526660482853233469e-01 2.107330775549856594e-01 -3.747448782303625103e-02 5.331215212576594087e-02 5.013542027641994985e-04 -2.894316110549399398e-02
2.091437297009266227e-01 2.435642079337086430e-01 1.702380042443230046e-01 -2.129789007928296340e-01 -3.637886733842917719e-01 -2.433614043142553751e-01 2.403359253390372485e-01 -3.064394819524826619e-01 3.481783450291802140e-01 6.449466580236343227e-02
-1.975686701225782399e-05 5.352977248335314409e-01 -4.410903857938330286e-01 4.749478406349668669e-01 6.461660775148465596e-01 1.768735099066131855e-01 3.234138585839810842e-01 2.757326420299380798e-01 -4.688935719229909704e-01 -6.461543921168183546e-01
2.796463831254797916e-01 -3.682591887155505228e-01 -3.844856303199751246e-01 -2.307863238601197409e-01 4.672380015883066950e-01 -4.032319896763325584e-02 2.079515907598134331e-02 5.132510729287906859e-01 2.600065513002687290e-01 -2.422575245591163107e-01
-6.527410065991816335e-02 2.960656461548782925e-01 -2.507650344966184663e-01 1.818146320442538266e-01 -5.112989523602688990e-01 -1.680190146890673808e-01 3.094549873497595693e-01 -2.797076866082053304e-01 6.665512464562876049e-01 4.492981728312284706e-01
-6.191875214524071797e-04 9.130889811922955623e-02 2.075609763397204544e-01 2.009297240327294343e-01 9.066392972700607067e-02 3.468891340670458567e-01 1.664487454693036605e-01 -1.096322283101312800e-01 8.443170145100900581e-02 2.469551288130133471e-01
