6.284033165550917399e-01 -7.924972462532970940e-01 -1.145066949902932563e-01 -6.189138531621020123e-01 3.213205395778367390e-01 -4.557110330110789032e-01 3.525643644995138382e-01 5.919625980356484352e-01 8.050931423640503848e-01 7.072919823977676934e-01
1.490769244385255765e-01 1.206489721982404728e-01 -3.864134017736470805e-01 4.044502899661971407e-01 3.950731945426808611e-01 -1.072418509578356716e-01 -2.524017096287120010e-01 -4.303988239789232062e-01 5.160058506570623926e-01 -2.687829977530931114e-01
2.781659445299409228e-01 4.413898264081247969e-01 -2.000768281782865088e-02 6.555460120633105348e-01 -5.668708577182207664e-01 -2.936976237066448725e-01 5.542282185584137544e-01 2.527165888859607690e-01 6.819037056603914904e-01 -2.659806999667064242e-01
1.688805058196992948e-01 -1.677726401439238735e-01 -3.778882280460208604e-02 -3.958412565276987760e-02 -1.360230623931689420e-01 -1.215474069905424365e-01 1.760701226979808909e-01 -1.419951475588076273e-01 1.284252026219687981e-01 -7.786119117674018819e-02
-5.704199124758679157e-03 -2.188254369851027129e-03 7.845248775246936590e-02 -7.528040833475555665e-03 7.602063157607985566e-02 2.455114356260366948e-02 1.118022529337568856e-02 6.661604829527929816e-02 8.874482656728252886e-03 4.095754743592436298e-02
-4.455965184642262655e-01 -7.467816585947193442e-01 -4.071794189068049519e-02 -7.938846466671987123e-01 7.015474023793677461e-01 -6.938605197594885921e-01 5.530725336725410557e-01 7.120149641067211599e-01 6.743436993652534017e-01 2.297184016577961951e-01
-4.724494088988345428e-03 1.714903680204016567e-01 7.338300871678045401e-02 8.256754317253095152e-03 -1.379560445297086865e-02 8.128769887717959136e-03 3.854164750343496565e-02 1.347828584661453152e-02 6.778315890226958851e-02 6.158156657429037124e-03
-5.348116349357241450e-01 6.800989006362028189e-01 8.242698265737136154e-02 6.852344820340768861e-01 2.255804040664271815e-01 -3.245025220522463338e-01 -3.837744951831554285e-01 3.201178057488600626e-01 -6.045861930977302068e-01 5.596350077318346106e-01
-6.970446158185251984e-02 5.905326201761813554e-01 5.498115544929433884e-01 -5.610968294068150453e-01 -2.795360305320299110e-01 3.688155046443339913e-01 -4.156716473852951621e-01 7.203168313984208426e-01 5.173113502984950651e-01 -1.895062843084989734e-01
7.750026976451825783e-03 -4.783684563588063224e-03 -7.757183578396918862e-03 2.959252802777604524e-02 9.367878084316433318e-02 5.067380314663081503e-02 1.552183051865784272e-02 4.923336567824226906e-02 3.148707405632657219e-02 1.417307117344162974e-02
-1.194551700545669511e-02 1.051005085113557308e-01 5.594803206111515631e-02 -5.757691803651818208e-02 2.097433867110521655e-01 1.799740792257007241e-02 -2.587948646981201237e-02 1.586030003272262661e-03 2.859027625870010775e-02 4.771184106171268147e-02
3.422655820980239905e-01 -3.188777967112266243e-01 5.953774583790154562e-01 1.864062906246347906e-01 -3.493793244384810204e-02 -2.090149373484354589e-01 5.402663040349066081e-01 5.067669717497155224e-01 -4.532642594199628450e-01 4.087012618132896957e-01
-4.215865021873312357e-01 -4.411784002735145982e-02 4.408580050342659207e-01 5.793888142542178432e-01 4.671628162738477030e-01 -4.565286578792936978e-01 2.075394544419870146e-01 -1.356855661441539462e-01 3.157794013669462663e-01 -1.274566480316206007e-01
4.146475761951645134e-01 2.018269273817612230e-01 -4.654179839829147292e-01 6.353836731228440504e-01 1.747536499705670265e-01 5.346988993238456500e-02 7.438960189047247873e-01 -1.599418820514645623e-01 4.120358439546460971e-01 2.885082089856734200e-01
3.105528881327879187e-01 -5.499571405030884153e-01 3.622621534969211465e-01 -2.360161488922231654e-01 2.915202788163595571e-01 -1.800930982448493978e-01 -4.541666093373922797e-01 -1.669491116259659014e-01 -2.012879501256279458e-01 -6.819931690784890588e-01
-1.470925163161182362e-03 1.384624223772680518e-02 5.143518091816128707e-02 1.309159112413849253e-02 1.625795631675695102e-02 4.879886640662692981e-02 3.293974549084908044e-03 1.915475075852676170e-03 1.552620073360815728e-02 4.456964297545312759e-02
-3.922576823803087254e-01 9.596841592139829236e-02 -5.307718654093857014e-01 -4.534185223701468481e-01 -1.352650558065743996e-02 1.914467707924296380e-01 -4.295432908481448819e-02 3.536204300154875413e-01 9.406495063530381784e-02 2.432350194798539589e-01
8.297674784124440261e-01 -5.337672755324017748e-01 -7.693720649246934551e-01 4.700892795348703967e-01 5.960000562098091148e-01 3.149311575812921982e-01 1.115673333170506543e-01 6.657051913070880511e-01 8.042207160608859651e-01 -4.411909291032019564e-01
1.347277032605909532e-03 4.157327002259025156e-02 -5.881993874257115396e-01 -4.764460164738242853e-01 -5.775911325572042898e-01 2.849382398877309819e-01 -3.636138483043646619e-01 6.712620612045522295e-01 6.696393637371853003e-02 1.281882456504535549e-02
-3.319385485769352218e-02 2.302049828073482185e-01 -1.311467213222127226e-01 6.031490269770082430e-02 1.854567453296011026e-01 -8.549021713957589974e-02 -1.902055061798365032e-01 1.290292361797424348e-01 1.356494506570554426e-01 5.199074474315835970e-02
-3.959338990197039561e-03 -5.386038408859866733e-02 -2.311948519256271373e-01 3.586113538566295666e-01 -4.013417680433826740e-01 -2.516522197861998864e-02 1.736285360326599303e-01 2.015945196769432513e-01 -3.006812388641373901e-01 1.694119284030741190e-01
2.729544718370994771e-01 -9.111100883479719692e-02 -2.142865425698669835e-01 3.985048699524614269e-01 2.614725845982329711e-01 1.626206959300716959e-01 2.051382918893238372e-01 -9.016891817435805645e-02 -1.239629058095180342e-01 -2.127343206454455349e-01
5.646398062927098643e-02 4.087266577582748250e-01 -1.919455324340903213e-01 1.679595948906821012e-01 2.490568137382776215e-01 1.274443723429279085e-01 9.984545728508627260e-02 -4.417639380832031476e-02 2.396799433628425402e-01 -6.887930414139709079e-02
5.222648155001586856e-01 1.115792191428107705e-01 8.166471585656754906e-01 -8.842779049875356678e-01 -3.956785630753399952e-01 8.720521364318958857e-02 7.580051465162821467e-01 -7.725736620782471809e-01 -2.093102926155824273e-01 -8.075056417707970891e-01
-6.267428251324980160e-01 1.824218338006382834e-01 1.297303595900456061e-02 -6.623405639223953201e-02 3.360992745386694458e-01 -1.327709296684854989e-01 -6.820379536193020842e-01 4.610214940465317546e-01 -6.513461347208674423e-01 -5.969077483497331471e-01
1.082423978456549009e-02 -2.661435308644666958e-02 -1.632247378923384895e-02 2.427451745205009559e-01 -4.824411244253139497e-01 4.121991180141707511e-01 -2.030472992345220273e-01 -2.457558090340117990e-02 2.154415547157711719e-01 -1.157670337091293161e-01
1.707963185260542305e-01 -6.254602097858301679e-01 -8.080875838003946932e-01 -8.181338805762711219e-02 -3.100894876744750839e-01 -7.991636784596306553e-01 -6.671979993167604928e-01 -7.253269174575357470e-01 8.636638687308400009e-01 -5.173607157520537791e-01
3.678904647671040751e-01 4.726703217691178849e-01 -4.057479930592996359e-02 -2.680931424730178536e-01 4.401564285323793513e-01 -2.749901820858919321e-01 5.123606647628600186e-01 3.510393221676401665e-01 1.542628976725121670e-01 1.384026945571085188e-01
-3.188778880410489402e-01 2.913605229372704941e-01 -3.590344383059700800e-02 3.162944458395535591e-02 -6.894192648309032112e-01 -2.358253248373078370e-01 3.317353459131527904e-01 -6.517817216356072141e-01 3.848539158235292357e-01 2.112201211760700737e-04
-1.714102516005623356e-01 4.740099291839977025e-01 6.118179439522751784e-01 -7.236926493652169612e-02 -2.095104534337241531e-01 -5.378320775418496957e-01 -2.583680870522120920e-01 -4.052063361782743955e-01 5.176344509404026129e-01 3.559583273540760651e-01
-3.800796489798657363e-01 -5.382360129778640534e-01 8.693591976032327695e-01 6.502483123531155318e-01 5.095100378068903035e-01 -1.410098884344221648e-01 -6.751037055364683681e-01 -8.353137706506130744e-02 -5.767177455115288787e-01 -6.630162682626596915e-01
-6.669743404848355040e-02 -1.097027271206315047e-01 -6.908240977119104453e-01 3.335778310854649598e-01 -3.806630451282571603e-01 -5.775604144659541861e-01 7.964944599448110507e-01 -1.524155683186686483e-01 -1.318151569776208620e-01 3.554016682676393035e-01
-1.490929016654570782e-01 6.060971893958646550e-01 -4.882848920080257171e-01 -6.684059582090565721e-01 2.553436167781507060e-01 1.323411702223950270e-01 -4.362845595711528635e-02 2.573486452671609470e-01 3.156423403372606296e-01 2.472618672944987828e-01
3.089972094381391865e-01 6.333743453268704249e-01 -2.221716166309195550e-01 3.524042499731003253e-01 -6.098573255438187735e-01 -5.777677716371536487e-01 1.094895855425890574e-01 1.922006832856718861e-01 -1.169629620195230257e-01 -4.400649205886084658e-01
-3.428806489053187745e-02 3.184592319173890629e-01 3.509236890359239136e-01 3.131521662276787743e-01 5.173741172519198406e-01 -2.781438814501298040e-01 -3.699333626902356342e-01 -5.296561290375553788e-02 -5.640571472856168445e-01 -6.193014037983803066e-02
-3.531226606935611856e-01 5.883762050575946922e-01 2.758106916194706382e-01 4.286347117318329847e-01 3.995101768153422883e-01 -4.521276962709014358e-01 3.554847248425854755e-01 -2.595055498125614646e-01 7.162167716537496398e-01 -4.218581782396039759e-01
1.076376297615836003e-01 3.918910123260680584e-02 3.619123933076336119e-02 8.789299455493249438e-03 -5.944662519175597341e-03 -1.134230600913508670e-02 7.142531689805757143e-04 1.818853524087765128e-01 -1.202425639911589711e-02 -1.320045107169599743e-03
1.310331088527624810e-01 -2.656886907601808956e-02 -1.022035746838045184e-02 -1.606823501020325229e-01 -2.071630927244311748e-01 -1.417429726831400359e-02 -5.440879789412882139e-02 8.973396402833802576e-02 -1.111531493343243249e-01 -2.696174953049040868e-01
3.826246209568696099e-01 -5.488214424122802582e-01 -2.852291661492621921e-01 -7.031494082538568557e-01 -6.880964115686745430e-02 -6.937199289092974563e-01 -2.037153934723029414e-01 -6.342376102541931182e-01 -2.098436502567889786e-02 3.136536301132109017e-01
3.272839413667792685e-02 -7.264702271218551055e-02 -4.962439057703172882e-03 -2.259868842218073440e-03 1.693557721328172172e-01 -2.260417255352954301e-03 6.913954831013366387e-02 6.076937569023497382e-02 -1.731663039161313034e-02 6.247564002344382916e-02
1.127427761176477000e-01 2.484783812798754821e-01 -3.202689024824064562e-02 1.181420132145121205e-01 -4.148388926794679965e-02 1.583941095164479451e-01 -2.716220505077202030e-01 1.778024517315281716e-01 -4.616415108223462758e-03 7.361030852067507180e-02
-3.813169853003900434e-01 -4.022792853832889148e-02 5.793433794628612965e-01 -5.092277110575822024e-02 -2.527463780100048796e-01 7.105451378750423652e-01 -3.182097868181084643e-01 -5.164564025989321072e-01 -4.077359402086572215e-01 5.443594249751424474e-01
5.803755470344098555e-01 -7.561919658171419034e-02 -2.596659917303612564e-01 6.618617168416686125e-01 -2.619458360661505170e-01 2.617197844722545311e-02 -7.756125899206098850e-01 1.503458632128279460e-01 -5.354991142452628639e-01 7.418713176483673344e-01
2.442798982866475344e-01 1.655549145725465077e-01 1.190445851644662649e-02 1.136127547537748445e-01 -7.048301170326438936e-02 8.108386308160292488e-02 4.591201314640392522e-02 4.928261342018189217e-02 1.126478685996807894e-01 1.351541843605501003e-01
-5.198188865720752005e-01 -8.462772246669446607e-01 1.552336708738095428e-01 6.036094379156788925e-01 -2.753097552227147804e-01 5.896685754708260729e-01 -8.403412246919338413e-01 -6.967279386571352540e-02 -6.876768401752136883e-01 6.391863388832934589e-01
6.667754404576834402e-03 8.831135737599001348e-03 2.942855453712381331e-02 -2.440484911274866039e-02 4.195066607019688754e-02 3.870745418589993658e-02 -3.289587049826962067e-02 3.596933944610497536e-02 -5.449822054785834896e-02 -2.911793303408435549e-02
1.991312301097941384e-01 -2.351721221267897843e-01 -4.372524550686034961e-01 -2.989865239050206180e-01 4.345425309058531527e-01 3.655196971756952129e-01 -2.084682279299709395e-01 -5.306326865368152790e-01 -5.162182295456857473e-01 4.902945659278637458e-01
2.776333030342158503e-01 -5.072503798460862301e-01 -2.070116814625206497e-02 -3.376911794276882817e-01 9.782686646634394800e-02 -2.913467101943577608e-01 -3.917717355427172143e-01 -6.279778894157611591e-02 9.302240735703255076e-03 1.774052644340082807e-01
-1.086366277056615565e-01 -2.790180072066608674e-01 -7.598100235673038716e-02 6.741630083603455947e-02 1.793415623476902199e-01 2.094923891420771844e-01 2.293434792978642778e-01 1.897361308375125066e-01 1.186938128466694387e-01 8.289389968292663891e-02
-8.560032648196936877e-01 4.488506484959686738e-01 8.843696116090922488e-02 7.399948967134465372e-01 -2.688786854839080864e-01 -3.179121701319974624e-01 -1.515046612213668542e-01 7.620051095045412559e-01 -5.126216976067518583e-02 1.401410120828268657e-01
-2.415408475226134000e-01 8.391430780318326343e-02 5.651247211838619222e-01 -4.027868765108848503e-01 1.992360665052413937e-01 8.061955903121614808e-01 1.950714456133027519e-01 -7.678478500707234221e-03 3.365520510930740672e-01 -4.146428902904651936e-01
-3.966083672573151708e-05 1.167738142299938747e-01 -4.361449940143417164e-02 -1.037558588941947524e-01 1.303763031654773530e-01 -1.584483947301263407e-01 7.119600876359824526e-02 1.622802534467188487e-02 -4.251276271970659548e-03 -1.093507320079937228e-01
6.739277094509796284e-02 1.336317469565617699e-02 1.902213865104230572e-01 -1.768454920061988608e-02 -2.719916289114142349e-02 -4.268766417528788853e-02 -9.123331565099189380e-04 2.834994106349100068e-02 -1.156674826066601824e-01 2.541561008251167972e-02
-2.852985300012486070e-01 7.636889685059125021e-01 9.145377709578044190e-01 -6.204770647270938522e-01 -1.044097379575995022e-01 -2.506028106829225610e-01 -3.172379572535605763e-01 -2.259479650863485678e-01 6.802773296953625870e-01 -3.988217769437903959e-01
-3.380137511195604461e-01 -4.366892323742272985e-01 -4.448377390369465667e-01 2.741195170367053402e-01 -2.328152247830978239e-01 7.277954406159709011e-01 -2.085357982555626488e-01 -5.145357627381308419e-01 7.497738231633661876e-02 4.382257587399896459e-01
-5.075777269365893130e-01 4.419402778252810582e-01 5.393853732669818823e-01 -3.210170824478574825e-01 -1.557838375574455425e-01 3.177706881931146032e-01 -3.198803558261306135e-01 2.311876255429054783e-01 -5.809831479027575130e-01 -7.119040644029981380e-01
-2.342120485735256219e-01 -4.525296792976233329e-01 -6.238099392999233439e-01 -3.849986498041232386e-01 3.785729684924920013e-01 -5.360043827225852153e-01 4.730725387166363066e-02 -3.166946928251186955e-01 -3.662336384356483787e-01 1.461143775280369927e-01
9.187637826483288639e-02 -4.176831714378950039e-02 -2.348741338466367734e-01 1.638035843342368625e-01 3.011207020584275723e-02 -9.401461329860677507e-02 6.654166073981931939e-02 5.351997215731641583e-03 9.482866623883753898e-02 -2.142061918498334439e-01
-2.555833755579303701e-01 1.630859028848547221e-01 1.975229474707103361e-01 -1.460515143537970406e-01 -5.750404948709191277e-01 5.613699795710869189e-01 -1.232167488724891374e-01 4.371965923133112608e-01 -1.762192348739106129e-01 -5.476838305488287428e-01
7.868518971407999218e-02 2.926130202230446328e-02 1.794489358044049424e-02 6.484660885306491040e-02 1.054103578798066959e-01 -1.441871035626215037e-03 1.100872287450738521e-02 1.505267549862531612e-02 -3.576054349284394328e-03 4.779937626830945384e-03
-5.654967808259728779e-01 -2.821793754789533870e-01 -4.565337365995774666e-01 6.323820640149687700e-01 -4.835138603143648295e-01 6.924063196663373665e-01 -3.441329322214524700e-01 -4.576855406517975622e-01 4.823435494572290705e-01 5.611489949371113450e-01
-5.398588111131034095e-01 -7.969681387323178379e-02 3.621505751211689939e-01 -4.030526263670649971e-03 8.202630327215690853e-01 -2.675021360137360693e-01 -2.276700482713353291e-01 5.788608975474893725e-01 -2.556518953907283009e-01 4.227988676957287750e-01
-5.448405693998259469e-02 -3.297483350210336783e-02 4.007013912832776276e-02 5.491721471994691350e-02 7.202498632753223835e-03 4.364863528054329506e-02 3.041680025837166512e-02 -1.182452408118688479e-02 5.531554731145454235e-03 1.178032818642488905e-01
-9.692642496175021827e-02 2.374747311741222666e-01 -1.757150871000761824e-02 7.329032786699982149e-02 1.694014888964757437e-01 4.430198676538539548e-02 -1.444986140019653975e-01 -1.380354128880432463e-01 -4.845773143899451130e-02 -7.065533494067405273e-02
1.228501193993727404e-02 -7.100472435197273391e-02 1.630401260539840816e-02 -1.690320515716269290e-01 9.424133141879077746e-02 7.111346791086702035e-02 -8.397944169488823218e-02 -2.369781962144409115e-01 -2.740178252257070013e-01 -5.396049598403566128e-01
5.192158901893665357e-01 -1.066850784390795254e-01 -5.274397832167316835e-01 -5.613014841711987390e-01 1.236240690758606126e-01 8.654766122107067361e-02 -5.139162369666459007e-01 -6.781249656769294809e-02 -6.207235241706313689e-01 5.117584502539012092e-01
4.613549704857803913e-01 -6.364067082988511537e-01 3.783275438081220021e-01 5.747438711068849626e-01 6.293558317310541383e-01 -3.052041859547149905e-01 4.009208007976064470e-01 1.716015635093547098e-01 -1.265140346254122437e-02 4.826280596271562695e-01
4.203803359483912483e-01 -4.469582511319168949e-01 -3.812451723385639757e-01 1.666044118002127095e-01 -1.395254926544899632e-01 -4.139165216263406277e-01 5.040488484491810750e-01 4.233014168506412100e-01 -1.276576841107526783e-01 1.121967818985365600e-01
2.125812392029670095e-01 7.906211210171574244e-01 5.095676094101564413e-01 6.025117920732078192e-01 7.222740249423708070e-01 -8.031503337911358731e-01 1.674390830197092228e-01 7.928694909732850737e-01 3.089492581463882392e-01 -8.702831163218216481e-01
2.764530351255661822e-01 -1.144776491653480416e-01 5.350475115917210922e-02 1.356227577807066209e-01 -2.039870391629842461e-01 3.602620763096138212e-01 -3.277127866157338726e-02 2.381786112180404313e-01 1.410764340395455063e-01 3.469745165103818585e-01
4.324266469067161722e-01 -5.399475366955763800e-01 5.566618619641023891e-01 -3.537393965124095985e-01 -1.764850265103789506e-01 -1.596825572700919793e-01 5.550941370427160404e-01 -4.463044767893142306e-01 3.266392311972789453e-01 -2.328140080969304249e-01
6.766387347234890104e-01 -2.550036001543870556e-01 -7.074584532560286299e-01 8.932583712407800025e-01 8.626010642852723065e-02 9.341072077569158028e-01 6.929450204352914922e-01 -2.708447988666320971e-01 -9.290677505436950590e-02 7.890342439403916774e-01
-2.181744541024919493e-01 6.950876645845065725e-03 6.187332524252026067e-02 -5.223329427184066898e-01 -4.275848877323603081e-01 -2.356738683131873457e-01 2.180584697623917656e-01 -4.068585042842903232e-01 -2.963822478418251527e-01 1.436246291269237529e-01
2.445319281136130053e-03 4.384187634780806198e-02 1.020015136989786166e-02 7.479337742712285908e-02 2.239751414824676674e-03 7.380719935668629550e-02 1.523931328926569429e-03 4.812909184314421995e-02 8.479683705344744429e-03 1.696012469209469062e-02
-1.263515321172309636e-01 -6.032823019033416445e-01 2.758909551556601447e-01 3.305446027752047961e-02 4.914029661586036268e-01 -4.560768301939187030e-01 2.466985423802487420e-01 -3.980529444978991305e-01 7.146692385052103580e-01 4.417961885667365252e-01
-4.829218052325205401e-01 6.735808119427395546e-01 -1.038432710566706413e-01 -1.631494882719355111e-01 4.559507103540088035e-01 5.138538249068613784e-01 2.684068442053299530e-01 4.598213052186282401e-01 -4.631729806814808836e-01 -3.978309581854233001e-01
-6.604397250803639707e-02 -4.159274319995442393e-01 5.555700347279351331e-02 -5.751614844768603019e-02 1.564555758427186027e-01 1.752871447723122200e-01 1.131836827959744884e-01 4.108672419170986134e-01 -2.743039497228687007e-01 3.267597860852717306e-01
-6.774098967278244787e-01 3.952232251716607525e-01 4.481593533179734079e-01 7.199442901188042310e-01 1.306646878840317105e-01 5.890319970869375421e-01 -1.913514901208660524e-01 -8.473757810160884030e-02 7.054287847645404064e-01 9.196763066066032666e-02
-1.490510907083254233e-01 6.239085988332909727e-01 -5.614526475484672430e-01 1.915082466229327540e-01 3.063181899146862897e-01 4.256331822449698210e-01 4.000089601269424811e-01 1.155028817306194555e-01 -4.286567989773493181e-02 -1.581258921603349299e-01
1.130855043951415478e-02 -5.285953952771495733e-03 2.905270272610026294e-02 5.529346414013699279e-02 6.945195972760843939e-02 2.507746672748696962e-02 5.456836181495856170e-03 9.240954647965694824e-02 3.835550013617589071e-02 4.365936912819420174e-02
-4.907736786806371487e-01 5.991990662275057389e-01 -4.900857072066093223e-01 -5.602913415268882813e-03 5.722990005315512496e-01 -7.475734031614998942e-01 -7.993164211008172426e-01 2.622328849085512892e-01 -3.389284335886231792e-01 -7.029601964906406764e-01
-2.125996695774184098e-01 -1.598931360064048957e-01 8.064048501376294698e-02 1.389262519153524611e-01 1.417674403424754315e-01 -4.143352037203144600e-01 1.109645190550475058e-01 5.747334378178834413e-01 2.060106213469577452e-01 -8.249054053490297023e-02
-5.440275091013736519e-01 1.968812991316057914e-01 -8.099852171701021897e-01 -3.331581393541335201e-01 -6.752809278962239592e-01 7.866580873380205063e-02 -8.324721177694462959e-01 -5.071806471585443843e-01 8.000416318439490526e-01 6.872237787938891840e-01
5.007502568468241017e-02 2.783616741477929618e-02 8.138198406474443647e-02 -4.559192213508529712e-02 1.523284939606442574e-02 2.159655605675804210e-02 3.815415444025668790e-02 3.206778523471937037e-02 -3.430463579652843435e-03 1.103227606285230554e-02
7.498274554990924656e-02 -2.049253380210916409e-01 2.923338393954018621e-01 4.339992371913330427e-01 -4.834271309551583795e-01 1.852101781600278552e-01 2.254337818163535956e-01 3.706503968274164895e-02 -4.947116967322214842e-01 -5.560010632543154196e-01
2.168947413670117841e-01 -1.179164188147763664e-01 2.187726813170676743e-01 -2.709908586555068166e-02 -1.955335017726163027e-01 -2.261251287855085002e-01 2.262678009938035861e-01 -2.487496034998310790e-01 -1.131791067377162091e-01 2.875476145373341286e-01
6.965918277490519284e-01 -4.800844528964835489e-01 4.768193522189939082e-01 8.245654715114447697e-01 6.134375770329120181e-01 -3.285833272847533959e-02 5.271095199460928971e-01 6.937016588962171548e-01 5.925101171634675756e-01 1.054228478559161297e-01
9.649444507087157064e-02 1.151390450574763663e-01 4.726445278425325247e-01 -1.433035780440097828e-01 1.862153371454909057e-01 -1.968235535383514034e-01 8.844870501312575295e-02 2.648845588438603627e-01 -3.721651106705130552e-01 -3.559659551260171417e-01
-3.568878924554588772e-01 1.337322221693555691e-01 3.852085770907513473e-01 -5.816106205850811728e-01 5.703654140896446956e-01 -1.210202354582380624e-01 7.210899321526293981e-01 -5.607935440853982767e-01 7.488382295107808007e-02 -4.131680260636888535e-02
1.563464441260674354e-01 -2.159842981858457467e-01 -4.124617029032326965e-01 1.403545626388464501e-02 5.171535213441418033e-02 2.387837714263886524e-02 3.768710257527644880e-01 3.826453375499168641e-01 -2.827188788942284342e-02 -4.880445357226609882e-01
3.045149623086879087e-01 -6.140994729139649388e-01 -4.695742539798039572e-01 3.028123066900036478e-02 1.542188427497279690e-01 2.916445371303638123e-01 -2.633984234103581845e-01 1.999603225003429574e-01 -2.640147313197208634e-01 -4.028303341918698099e-01
-3.665142819596342583e-02 3.770374667440859473e-01 3.173274138806304046e-01 1.814117092177197632e-01 -5.203388931092999686e-02 2.234282211129419993e-01 -3.225485526301328787e-01 1.835631474308143662e-01 -6.005237845689632330e-04 -4.148348568124172742e-01
2.502398027874757069e-01 -1.880211359397804816e-01 -1.565686963856655900e-01 4.517217015482392073e-01 3.867949202516544061e-01 4.680528780866792249e-01 6.912015594405660490e-01 -9.438032600313638054e-02 -2.898391512390707248e-01 3.420706971975388533e-01
-5.099409279183817478e-01 -2.126876065546589312e-01 -5.519312673706185807e-02 -7.469307630599436067e-03 2.650149446115641627e-01 -2.333291331778236388e-01 4.562077208268773207e-03 -1.832067140241216419e-01 -2.864622411129489898e-01 2.381275235574848437e-01
-1.493408007662238024e-01 -6.566176825586174381e-02 -2.247855046892415498e-01 2.133713193093834948e-01 1.656134970134614526e-01 2.580836147519310342e-01 -7.262310392858764563e-02 5.308849097959059127e-02 2.432539441803654534e-04 -3.264877163856355624e-02
2.116736034975288949e-01 2.412745580782539867e-01 1.718997454774708056e-01 -2.140552794807940029e-01 -3.640814291613886922e-01 -2.424653418053974441e-01 2.359211230785843716e-01 -3.110856906032001268e-01 3.500136975855459021e-01 6.476123463598804086e-02
-1.991185547784564641e-05 5.348673554950005293e-01 -4.410914944995317777e-01 4.749736371390297918e-01 6.461987179396501135e-01 1.768969457880963658e-01 3.234179719706284928e-01 2.757504562553030891e-01 -4.688986001135079240e-01 -6.461598031387031371e-01
2.809120537716990329e-01 -3.699353593209997459e-01 -3.897542521942740090e-01 -2.318147906591591645e-01 4.692824928187045441e-01 -4.523016042534756115e-02 2.084584649329007319e-02 5.155976442741506682e-01 2.610067047481644531e-01 -2.431428665827558844e-01
-6.714543401185099625e-02 2.965222014591512023e-01 -2.509815842078760295e-01 1.817100399269573341e-01 -5.119951368788246970e-01 -1.679927923444721194e-01 3.093827884564988584e-01 -2.793124700955563200e-01 6.671749237362040175e-01 4.498820968180154978e-01
-1.408432974086019050e-02 9.445826195450560125e-02 2.134856721872045171e-01 2.067733199885004869e-01 8.861936438246127701e-02 3.575603736031590651e-01 1.695481645031859941e-01 -1.083341542877988145e-01 8.731469682980610991e-02 2.560865794563380038e-01
