6.284568390964211382e-01 -7.931057026380253783e-01 -1.145085011578734074e-01 -6.190060364685232575e-01 3.215551076174815170e-01 -4.556730252668033665e-01 3.523427331924902650e-01 5.920812307146648967e-01 8.049806336202165458e-01 7.072668446952764532e-01
1.491357336991026572e-01 1.206007934212364741e-01 -3.867987572868365476e-01 4.044728722067013060e-01 3.951736932949831971e-01 -1.073973570443039205e-01 -2.523755747848213660e-01 -4.306941171414831460e-01 5.160339571878097553e-01 -2.687231895823848915e-01
2.783141851597608629e-01 4.414561869070288691e-01 -2.008440042744442586e-02 6.557053585880143753e-01 -5.670155334368296440e-01 -2.936513364812637361e-01 5.544578711606887866e-01 2.522883218588455323e-01 6.817508358449061445e-01 -2.658550034857145583e-01
1.658790048375034520e-01 -1.727081857739682369e-01 -4.002751754219516928e-02 -4.292706495621292223e-02 -1.411000185098059967e-01 -1.281814472182836173e-01 1.825442807675150270e-01 -1.487076658093576809e-01 1.327977780232001970e-01 -8.042509461276300953e-02
-4.466363368935574903e-03 -2.991813709797219983e-03 7.712042818237897779e-02 -9.197459295989628483e-03 8.612757559981808198e-02 1.782683398500587921e-02 1.512260540752861059e-02 6.573956269671596409e-02 7.408207266915670976e-03 3.700716885184097277e-02
-4.455932789913623071e-01 -7.468032539331433961e-01 -4.071536608294015758e-02 -7.938553892256202671e-01 7.015732497696135495e-01 -6.938260446551314242e-01 5.530806871949958126e-01 7.119580840096881857e-01 6.743578284857053573e-01 2.297294410562850386e-01
-4.716098374401930630e-03 1.753969880275707827e-01 6.627264272836827508e-02 7.080866749458313014e-03 -1.386628461455908894e-02 1.070209820118534459e-02 3.521353063179620546e-02 1.290417717224079559e-02 6.157074174475488798e-02 5.124670356904524604e-03
-5.348222803613394971e-01 6.801128559840088350e-01 8.225132679354568710e-02 6.852499417709667640e-01 2.255910144263920114e-01 -3.245062943846518388e-01 -3.837816448373476130e-01 3.201272593295242941e-01 -6.045973640901631807e-01 5.596475626007272330e-01
-6.985338558606840609e-02 5.909109616126317910e-01 5.496447333127437718e-01 -5.611123129501767171e-01 -2.791446982878932337e-01 3.691186671428789423e-01 -4.163875305679087813e-01 7.205018186553654447e-01 5.173589638991971107e-01 -1.899879283899534865e-01
7.650872442091616321e-03 -5.715013916202679387e-03 -6.021561509550277767e-03 2.547691249224010371e-02 8.719843523320075507e-02 5.262461718731185206e-02 1.277134947438616358e-02 4.958875568707734466e-02 2.744776421781198669e-02 1.771419905702694211e-02
-1.279991913208816494e-02 1.010906519770973788e-01 5.932897276118095919e-02 -6.257075134868100852e-02 2.130100017462583928e-01 1.587411131635584408e-02 -2.713229405720849266e-02 8.801321393927803542e-04 2.823376998228185192e-02 4.942162131015536558e-02
3.422669918475045869e-01 -3.188791101293200203e-01 5.952697369026141994e-01 1.864070584090254112e-01 -3.493807634885839897e-02 -2.090157982550377436e-01 5.402685293248022935e-01 5.067690590600165690e-01 -4.532661263592278611e-01 4.087029452030948029e-01
-4.217238452772540946e-01 -4.403265067196292237e-02 4.410828284628102169e-01 5.796639399620543420e-01 4.670998227485424481e-01 -4.573702359819531993e-01 2.075286779520939817e-01 -1.356102948652839757e-01 3.158225239091593806e-01 -1.275606680026982465e-01
4.143794356421007241e-01 2.016689395296293874e-01 -4.658648404640547969e-01 6.357803860950990149e-01 1.752637532231940132e-01 5.427396052047605418e-02 7.430829604046030878e-01 -1.596275151015983940e-01 4.121150210790994750e-01 2.876824997473189094e-01
3.103297888679574235e-01 -5.498653293961162092e-01 3.617448146149058186e-01 -2.360249653142817150e-01 2.915240846397055829e-01 -1.800915128480622407e-01 -4.542018812502829350e-01 -1.668442208682116012e-01 -2.011593516684831162e-01 -6.821024860407939316e-01
-9.500106305712326463e-04 1.474002146676460165e-02 5.471109576007000125e-02 1.723479364363652774e-02 1.103718602543836413e-02 6.190398233082715362e-02 5.958176626058069893e-03 -1.830922575435185847e-03 2.227538841186496241e-02 3.848278415615792591e-02
-3.957601642364069194e-01 9.684440838279062547e-02 -5.336632563466903179e-01 -4.565997624705044888e-01 -1.350919138413806363e-02 1.928064108688762879e-01 -4.246535238113871569e-02 3.547655824628058729e-01 9.489024125901293627e-02 2.431044292002589591e-01
8.297674908028244145e-01 -5.337672835028030027e-01 -7.693720764132282453e-01 4.700892865544091803e-01 5.959934612553982047e-01 3.149311622839551794e-01 1.115673349830133831e-01 6.657052012476324387e-01 8.042207280697930560e-01 -4.411909356912203095e-01
1.371136904023165367e-03 4.161261673334227390e-02 -5.883678715398148462e-01 -4.765024905850032133e-01 -5.776597284393868437e-01 2.849846160729993527e-01 -3.636594370116696395e-01 6.708593302795239355e-01 6.698409076763646441e-02 1.281696523361163485e-02
-3.756490930421368946e-02 2.353249337127409635e-01 -1.327144250720199703e-01 6.132867507587664441e-02 1.882689799849497359e-01 -8.685760425479571722e-02 -1.947531623251679556e-01 1.321646327120994113e-01 1.395756770524648749e-01 4.962374382506896248e-02
-3.119636086344253212e-03 -5.366026869203078392e-02 -2.336802800935270930e-01 3.603229663900374691e-01 -4.037557072043924111e-01 -2.510420902212183447e-02 1.750728481928259528e-01 1.985235431909479764e-01 -3.025178558478617274e-01 1.708902283794578314e-01
2.738763795762171882e-01 -9.141328413926474994e-02 -2.186589900762760941e-01 3.996163662035571162e-01 2.629659342293216295e-01 1.634013561092542421e-01 2.064584832268308301e-01 -8.985465712947432460e-02 -1.245671999890574089e-01 -2.127356674936413949e-01
5.754783738315467218e-02 4.128816251250190250e-01 -1.965244947308083523e-01 1.696531238898928151e-01 2.515181708937921368e-01 1.287215015715718891e-01 1.008089419049437302e-01 -4.887861952751718780e-02 2.419046951327368244e-01 -6.949193640521406090e-02
5.222740789436330910e-01 1.115655723236802094e-01 8.166473364619276643e-01 -8.842787902296934677e-01 -3.956570448614143420e-01 8.720973103079898703e-02 7.580135434906398739e-01 -7.725640634394508321e-01 -2.094256671491019905e-01 -8.075380614379134014e-01
-6.267130223735982719e-01 1.824509673466728488e-01 1.279606942195725232e-02 -6.601250062523084106e-02 3.361754669183683597e-01 -1.332951181506120963e-01 -6.820211116025223230e-01 4.614028886507035576e-01 -6.514917731333331741e-01 -5.973714910279956936e-01
1.099681992665620632e-02 -3.119703453142927060e-02 -1.606876808659810085e-02 2.445064281380494864e-01 -4.845297847374063216e-01 4.157357708302654165e-01 -2.041814969203225305e-01 -2.446751482867275118e-02 2.170755308051464938e-01 -1.158405556771436307e-01
1.708228628459560194e-01 -6.254736563919444103e-01 -8.083971617627851991e-01 -8.180864803474670321e-02 -3.101049302137033892e-01 -7.991822943837058046e-01 -6.672280189126098549e-01 -7.253383114219561500e-01 8.637071662020372464e-01 -5.173632225874581492e-01
3.679541084031683340e-01 4.727533369133342100e-01 -4.056644271575641364e-02 -2.681282933228784082e-01 4.400970896084064332e-01 -2.755300598504513698e-01 5.124685145377226858e-01 3.511160579899637035e-01 1.543098132532575439e-01 1.384356543548183049e-01
-3.189088266227825263e-01 2.914284820573051493e-01 -3.578570015405336396e-02 3.166706121002434843e-02 -6.895376648221215321e-01 -2.368869757625487182e-01 3.313393685028931390e-01 -6.519715766928001477e-01 3.850674953246641663e-01 3.586768064425009325e-04
-1.713773829791633563e-01 4.743191510038277658e-01 6.120989781700317822e-01 -7.230989206360660670e-02 -2.110071222819683845e-01 -5.382029063548673387e-01 -2.582602566093626373e-01 -4.061172507937811371e-01 5.178966508150932846e-01 3.566184744425219266e-01
-3.800685913909281344e-01 -5.391853344611883259e-01 8.694212461144082971e-01 6.501658930747131748e-01 5.098159147267101732e-01 -1.409770609087666882e-01 -6.753102246343481996e-01 -8.339617886233008370e-02 -5.770179528804734170e-01 -6.630540912413638299e-01
-6.650207215951334239e-02 -1.099522235158540279e-01 -6.913635466327798795e-01 3.337065940549052701e-01 -3.806702937728274616e-01 -5.782520697163293644e-01 7.970746614794693707e-01 -1.520601409712540319e-01 -1.319948634442086877e-01 3.548747640204874543e-01
-1.489296377165486018e-01 6.063457832178853479e-01 -4.886040670651176643e-01 -6.683925514676523072e-01 2.551553066644313694e-01 1.323653249982512936e-01 -4.336980120478414746e-02 2.558745880111887860e-01 3.154166573891648007e-01 2.477175299598140812e-01
3.090501294948235222e-01 6.334948946327003672e-01 -2.221616147105470451e-01 3.525195350571802555e-01 -6.103907562269741405e-01 -5.778697371636084545e-01 1.091722021041215823e-01 1.923112499168060929e-01 -1.168870855967402977e-01 -4.401182744225516363e-01
-3.425633472335764401e-02 3.180205959880419431e-01 3.510151082068858064e-01 3.131935621084398491e-01 5.174184704642748045e-01 -2.782867271416312183e-01 -3.700228836804094201e-01 -5.299474718601769607e-02 -5.641063885862841465e-01 -6.190102176633617559e-02
-3.526389796745872385e-01 5.886436300425679224e-01 2.758163370405556925e-01 4.289115327434465663e-01 4.003674677818384042e-01 -4.516401108112517715e-01 3.558541945632727188e-01 -2.605082157795531317e-01 7.166554175318028408e-01 -4.219071494110084863e-01
1.061116828403256968e-01 3.596005183970608921e-02 3.643623730250587084e-02 9.900993909535931239e-03 -6.335020548805312193e-03 -9.611441227276393967e-03 1.625470718349155720e-03 1.757214221452424729e-01 -9.990766436480492257e-03 8.990573820109076970e-04
1.344427794780870544e-01 -2.437685973146188831e-02 -9.792436296820082250e-03 -1.640019395620888054e-01 -2.157514327253247377e-01 -1.324443118758741531e-02 -5.705297358529669988e-02 9.311387715116677122e-02 -1.125429338202106472e-01 -2.751896294122145870e-01
3.828067018299699531e-01 -5.490443781476953555e-01 -2.856736811587207714e-01 -7.030770370247593215e-01 -6.882120540464031766e-02 -6.943222297892782668e-01 -2.032908626425296850e-01 -6.339426570303611230e-01 -2.114744643356177359e-02 3.128258673401204115e-01
2.809929991298282248e-02 -7.785843714301034224e-02 -1.587520786569331186e-03 -9.450086934216599382e-04 1.739595401843303524e-01 1.929914535723649654e-04 6.907823567031498579e-02 6.059576461217462684e-02 -1.885638990044064683e-02 7.086012026245150364e-02
1.123047858053172754e-01 2.470016585274396326e-01 -3.303315267502576064e-02 1.165614857352848394e-01 -4.219441268738591960e-02 1.620259090268305613e-01 -2.763107311492974949e-01 1.789773829218694878e-01 -4.566363474832896459e-03 7.256967750880800871e-02
-3.822215445702242809e-01 -4.044425713070857326e-02 5.792147919879204743e-01 -5.063285826522051503e-02 -2.531286272689484140e-01 7.109476366525702140e-01 -3.183115123565083970e-01 -5.171201696699089245e-01 -4.077325453488761520e-01 5.436217554897817550e-01
5.803786022900472297e-01 -7.572099184769248703e-02 -2.596665203541229650e-01 6.618653666786475931e-01 -2.619474146277750437e-01 2.617223996548030326e-02 -7.756162908937203060e-01 1.503468316154718543e-01 -5.355011667037486989e-01 7.418753753333233725e-01
2.461445163984706530e-01 1.679203515289418858e-01 1.107893446665521656e-02 1.144526104775683978e-01 -7.148642698311966082e-02 7.566540888768233386e-02 4.442604754445929338e-02 5.094974497035472533e-02 1.141096754233857785e-01 1.371429466848859968e-01
-5.198111830356528795e-01 -8.462895755339479020e-01 1.551240833615570858e-01 6.036040957102629667e-01 -2.752998307398145106e-01 5.896747796735593017e-01 -8.403434191158583033e-01 -6.965830043629640811e-02 -6.876773034036063326e-01 6.391876415397038658e-01
5.409572930453589255e-04 1.170870561536758656e-02 2.828249098056708280e-02 -2.327180550291138919e-02 3.484257830767689690e-02 3.762796904778196311e-02 -4.515576175207345472e-02 4.280273215938556336e-02 -5.655837855469308256e-02 -3.835493886544706632e-02
1.996643979862062490e-01 -2.353538648715301218e-01 -4.377629213135151298e-01 -2.987409584745310820e-01 4.341193234638352494e-01 3.656554149134172427e-01 -2.079309196547091121e-01 -5.324034441773161097e-01 -5.169056624993718652e-01 4.908711650125233694e-01
2.779347554392170294e-01 -5.078422053023371463e-01 -2.070619238909702370e-02 -3.380985587467899012e-01 9.757560051008555557e-02 -2.917429435891980560e-01 -3.933435488494603227e-01 -6.301280858191760093e-02 9.406029344340536766e-03 1.776609325169273002e-01
-1.104325101552069838e-01 -2.832667393817610013e-01 -7.655985953990114556e-02 6.874910754706005378e-02 1.747998935973605061e-01 2.130493724556036528e-01 2.332218490596508209e-01 1.929550414185930707e-01 1.210901355016848063e-01 7.983660227561409362e-02
-8.560176882862438053e-01 4.488020812323935127e-01 8.845607587036129205e-02 7.398614154368129414e-01 -2.688812124896726719e-01 -3.179005016275560092e-01 -1.515059669990355684e-01 7.620184771207800800e-01 -5.125826627487065079e-02 1.401563900362631232e-01
-2.418939131639892270e-01 8.393082252621454631e-02 5.651627237166246820e-01 -4.028139853791879998e-01 1.992675081810974524e-01 8.062399128386894542e-01 1.950797588668933824e-01 -7.677729561515102101e-03 3.365724888684729077e-01 -4.146544301471582483e-01
-3.169803125060760042e-03 1.243032072354193357e-01 -4.828641360455125653e-02 -1.120251310227224489e-01 1.409168365803790957e-01 -1.618351758011644659e-01 5.811859617318600874e-02 2.128592185952700791e-02 -3.525740548003094155e-03 -1.192322022360603057e-01
7.095209839795017792e-02 8.509152257170237224e-03 1.837370123427813362e-01 -1.752380033402464385e-02 -2.875385702255837950e-02 -4.281502376177113295e-02 -4.194713280127384050e-03 2.883305605235739894e-02 -1.203012803110703188e-01 2.871219446976383191e-02
-2.853420722396562415e-01 7.639705736527588886e-01 9.146490546181690329e-01 -6.204589440860235339e-01 -1.043791443870052960e-01 -2.512263207627259964e-01 -3.170489101930434872e-01 -2.257362047545922457e-01 6.803477733288516571e-01 -3.992679456009404770e-01
-3.383634198976504526e-01 -4.366753300083695000e-01 -4.447912088587300250e-01 2.742711242111358638e-01 -2.326153462049789789e-01 7.273673678700729450e-01 -2.087991301833728719e-01 -5.144298884337989985e-01 7.504698682507232599e-02 4.385095415222968751e-01
-5.075789006782834845e-01 4.419421074889142154e-01 5.393892367916378605e-01 -3.210127816902752507e-01 -1.558449520052683779e-01 3.177813883119722793e-01 -3.198794439283683677e-01 2.311980107575566934e-01 -5.809806066357314780e-01 -7.119460907522416893e-01
-2.342959426942354262e-01 -4.526610583369783947e-01 -6.240247556828979469e-01 -3.866022567992329906e-01 3.788645843386679313e-01 -5.361796923954096350e-01 4.747375879172062441e-02 -3.168299242237712643e-01 -3.663376290468313146e-01 1.464226940108807051e-01
8.477676846490132812e-02 -4.214058934745181645e-02 -2.372495357725738774e-01 1.665987631547282966e-01 2.858349975726695233e-02 -9.279119771667047878e-02 6.569928031679973801e-02 2.505413101625317274e-03 9.497306933717271360e-02 -2.181828435056054338e-01
-2.579026607933431747e-01 1.635050261572565666e-01 1.957233331358733119e-01 -1.448535514105318278e-01 -5.739785800873150601e-01 5.641379179628041030e-01 -1.256601401200619084e-01 4.387263819866816239e-01 -1.763072072375973243e-01 -5.496161816452952431e-01
7.524277760285116856e-02 3.143596332983984720e-02 1.808023442602161787e-02 6.969067423106060921e-02 1.078520498242050984e-01 -3.618322994584660494e-03 1.455875901909171183e-02 1.231412038613483376e-02 -5.816012628692671452e-03 3.573850527108938472e-03
-5.656940873614731968e-01 -2.821955596240397490e-01 -4.565674457536922359e-01 6.323587517280542247e-01 -4.835414879361176199e-01 6.927371816601252119e-01 -3.441957320303227763e-01 -4.580039630225898328e-01 4.824034935917168032e-01 5.611208058537753285e-01
-5.398460867672337793e-01 -7.969041357818963667e-02 3.621522953457345650e-01 -4.026276738530796054e-03 8.202540625057960222e-01 -2.675040694549946640e-01 -2.276542228696538939e-01 5.788226349010741068e-01 -2.556542820455726672e-01 4.228146221214227340e-01
-6.043083944126945162e-02 -3.584459754010854704e-02 4.301296782241684213e-02 5.406166277406736914e-02 2.270054954089756067e-03 3.542760315466628868e-02 3.316571457203475182e-02 -1.114330779723487867e-02 6.671809520775627382e-03 1.156626030968467694e-01
-1.003413939740686878e-01 2.398717456106030377e-01 -1.857502560614666259e-02 7.660811686626159411e-02 1.742847392244869509e-01 4.465349407942058313e-02 -1.514112163155637847e-01 -1.393344514655330824e-01 -4.987815956497135966e-02 -7.781204230174429415e-02
1.185755910173215237e-02 -7.191572265125285857e-02 1.614460294567309287e-02 -1.710927160307620098e-01 9.689216305255979322e-02 7.378488283549404503e-02 -8.454809993270988311e-02 -2.447155643898549782e-01 -2.762696468738458089e-01 -5.464744781236197113e-01
5.197696939971444552e-01 -1.085198880343478667e-01 -5.278686710218849498e-01 -5.619097515282314159e-01 1.240077691996624709e-01 8.660578740479527027e-02 -5.145981335918338173e-01 -6.776181104427461688e-02 -6.215204820840112276e-01 5.122552146546376362e-01
4.615096061564885055e-01 -6.364596981679688792e-01 3.784181901299318862e-01 5.747690742115569851e-01 6.294597515507999175e-01 -3.051219533542656737e-01 4.010001357626001850e-01 1.713203051456380910e-01 -1.262282030920205619e-02 4.826112730042886323e-01
4.205774015938179566e-01 -4.470352052162691048e-01 -3.817846204319451653e-01 1.667684778025255443e-01 -1.394825472846788206e-01 -4.139929152014152902e-01 5.042696099437840029e-01 4.234435932961728710e-01 -1.277020498014476146e-01 1.122083955432695013e-01
2.124327344999054068e-01 7.906567683778717992e-01 5.094834656804233530e-01 6.025246217202471222e-01 7.223298154023466422e-01 -8.030699347496353946e-01 1.673763186674526449e-01 7.929509449664585707e-01 3.089712924696484952e-01 -8.703410113578642360e-01
2.794844951278965817e-01 -1.154152514697405346e-01 5.472074541200937919e-02 1.363500671164795675e-01 -2.041877343780785503e-01 3.641638710869145035e-01 -3.307720431634030706e-02 2.357834582882360475e-01 1.424561628027072313e-01 3.465531448006983206e-01
4.325194439467976437e-01 -5.403969861706842126e-01 5.567308370250388938e-01 -3.538977080631119376e-01 -1.761988147956869699e-01 -1.594062318676665591e-01 5.545063912978632770e-01 -4.461829242649950067e-01 3.268687652232740160e-01 -2.333588055934024130e-01
6.766387347234890104e-01 -2.550036001543870556e-01 -7.074584532560286299e-01 8.932583712407800025e-01 8.626010642852723065e-02 9.341072077569158028e-01 6.929450204352914922e-01 -2.708447988666320971e-01 -9.290677505436950590e-02 7.890342439403916774e-01
-2.177961569210317139e-01 6.702479702741289541e-03 6.123050324155940305e-02 -5.229754581728595086e-01 -4.279118267393676733e-01 -2.353646336873886358e-01 2.191526801150346371e-01 -4.074343800603467125e-01 -2.968310490219789877e-01 1.437280325635289513e-01
5.583260127153292715e-03 4.189582600871874507e-02 5.475141402026248438e-03 7.745637171099195584e-02 3.008989578494042274e-03 6.895728289647741482e-02 4.824329604320987813e-03 3.989732325458104217e-02 9.055158538527782047e-03 1.943688838010106112e-02
-1.265886191652094150e-01 -6.032171778826634911e-01 2.761467322153300930e-01 3.344369563053979644e-02 4.916535601750090523e-01 -4.556909822887171835e-01 2.465496429562643588e-01 -3.979313888934860599e-01 7.151231963160343819e-01 4.425006454952489232e-01
-4.829803299814098283e-01 6.728742000545716584e-01 -1.037572997618643189e-01 -1.631729341103158037e-01 4.561995993910418767e-01 5.138997421593038961e-01 2.682950857503819120e-01 4.599494977220908720e-01 -4.633863417753417147e-01 -3.979238207156146068e-01
-6.615784208109881659e-02 -4.173292362040014747e-01 5.591737314617649390e-02 -5.735570931368381281e-02 1.574524003772798941e-01 1.747565094756497461e-01 1.135310529852671807e-01 4.113823290517681364e-01 -2.754639183206926689e-01 3.266407530321486230e-01
-6.774198237261789268e-01 3.952430064995973713e-01 4.481631020293035395e-01 7.199898780078087812e-01 1.306692578435211805e-01 5.890648242048760475e-01 -1.913525372434549954e-01 -8.497593767609649962e-02 7.054501380473755523e-01 9.196754993717563831e-02
-1.490598856645797832e-01 6.239540817597873934e-01 -5.614583380269446700e-01 1.915281608350878906e-01 3.063420199326173932e-01 4.251195072026690558e-01 4.000345299105074193e-01 1.155112993398852567e-01 -4.285893731496304149e-02 -1.581130865028584631e-01
1.184155820388724939e-02 -5.561251676427719087e-03 2.651522848578782843e-02 5.874166029136834721e-02 6.300397619719627640e-02 2.933409665224187904e-02 6.701252673129894262e-03 8.248167684562492108e-02 3.865563271691238589e-02 4.428466438947529366e-02
-4.907717066323729060e-01 5.990982159292583820e-01 -4.900829135018936467e-01 -5.598951342451877200e-03 5.722893007070134486e-01 -7.475718174037736530e-01 -7.993171731906963950e-01 2.622395546778168440e-01 -3.389290171513343330e-01 -7.029590678524402225e-01
-2.129017115193400367e-01 -1.613004028296713688e-01 8.079593268852096333e-02 1.389053266003001386e-01 1.420961950459063150e-01 -4.149106120356292893e-01 1.111380372826271251e-01 5.746831692037596140e-01 2.063767997007437405e-01 -8.256065541843095323e-02
-5.440591718659540943e-01 1.969921591699475838e-01 -8.104029948755869794e-01 -3.332874722703597081e-01 -6.752865349457344291e-01 7.864573064907640076e-02 -8.325242479802712481e-01 -5.071963804106878193e-01 8.000209861444915749e-01 6.873781586644879260e-01
4.968520085917900453e-02 3.085887582337781126e-02 8.100875482783088943e-02 -4.908622050778228829e-02 1.565054156381881154e-02 1.658567879815934024e-02 3.178679424572742468e-02 2.912366313483116115e-02 -3.058386949105456297e-03 1.142740967466872141e-02
7.540526700692655460e-02 -2.059324329143574217e-01 2.917492250491058869e-01 4.345035082706730223e-01 -4.835508482437602118e-01 1.848241704565672383e-01 2.263569380629790739e-01 3.687805326063550021e-02 -4.955154700065395601e-01 -5.564834886477545428e-01
2.167718004930274944e-01 -1.176375209889202605e-01 2.181392766768128488e-01 -2.684768337927137885e-02 -1.949521919911575141e-01 -2.252608104679016121e-01 2.255915684943667343e-01 -2.494219655509331279e-01 -1.141627763621557018e-01 2.882247054902072336e-01
6.965941707986571529e-01 -4.801720843153026164e-01 4.768289378110007193e-01 8.245687132457165669e-01 6.134467182480889402e-01 -3.285539804164273880e-02 5.271072994652545862e-01 6.937006723343317471e-01 5.925080613825106646e-01 1.054222977543135542e-01
9.623458771018977842e-02 1.152894855077474523e-01 4.718804238890965674e-01 -1.433836751387699004e-01 1.864742924488902720e-01 -1.969175825844183547e-01 8.845012096143541058e-02 2.651052820074709104e-01 -3.722583878820644454e-01 -3.560464421029542748e-01
-3.568919371654867834e-01 1.337337377939298300e-01 3.852129427669974682e-01 -5.816172121404665774e-01 5.703718781999682630e-01 -1.211890497027361818e-01 7.210981044659561245e-01 -5.607998997150492881e-01 7.488467163033009355e-02 -4.131727086121685100e-02
1.576536721889179593e-01 -2.180630269291623791e-01 -4.159864975570986556e-01 1.505958346929038225e-02 5.130244468310165423e-02 2.007592546759410720e-02 3.796658695346776247e-01 3.853649435165369397e-01 -2.959932566528046538e-02 -4.916577355619768941e-01
3.045989102436814089e-01 -6.142311525080904611e-01 -4.701457169196767705e-01 3.027211946681812940e-02 1.543039079854046647e-01 2.917061051802743443e-01 -2.634120600276820823e-01 2.000222257855492070e-01 -2.644544437604787190e-01 -4.028887421788265311e-01
-3.671799446754811513e-02 3.762060151797584906e-01 3.176805435037600156e-01 1.816993957288153272e-01 -5.272674229967996840e-02 2.233878987085363144e-01 -3.228342903978868028e-01 1.837726706250053244e-01 -5.613094741263119575e-04 -4.152362719271722735e-01
2.503487128034304066e-01 -1.880451983461843279e-01 -1.567534193461714020e-01 4.519665633495114077e-01 3.869222359010008327e-01 4.675938371839390428e-01 6.916331428757278577e-01 -9.406894092495507453e-02 -2.905380862159567812e-01 3.416937428649179376e-01
-5.106705655159907709e-01 -2.138819396706845843e-01 -5.503065081186780255e-02 -7.384009223946938656e-03 2.657193906722641330e-01 -2.363488734466230590e-01 5.234673516430931456e-03 -1.835508939350996571e-01 -2.863651686959013398e-01 2.394259760395041070e-01
-1.611728716144386897e-01 -6.544537931024274613e-02 -2.390986282656444029e-01 2.278233913191075877e-01 1.740853921491249678e-01 2.820322399739820241e-01 -9.029315343909981306e-02 6.060939853629893070e-02 -1.766679050198813154e-03 -4.158784692258360449e-02
2.122133437019568802e-01 2.407612948809795816e-01 1.721342804732614862e-01 -2.146209733361877647e-01 -3.646867406746711060e-01 -2.423161578441270503e-01 2.348281850368701407e-01 -3.121708743956402854e-01 3.504903790151845944e-01 6.468195456849050451e-02
-1.971072508817942569e-05 5.347590297621943600e-01 -4.410937199979044765e-01 4.749840465071828444e-01 6.462091556783343682e-01 1.769057115983901918e-01 3.234207996892962678e-01 2.757570418875667229e-01 -4.689018175437235092e-01 -6.461632502567137282e-01
2.814914645862847120e-01 -3.706864830009729550e-01 -3.920915501596132224e-01 -2.322905267937000751e-01 4.702313743500850518e-01 -4.671157317980599577e-02 2.088738557139618174e-02 5.166522755969760183e-01 2.615157531013618808e-01 -2.436315228532418831e-01
-6.727050346485635712e-02 2.966005953137573203e-01 -2.509901113106152715e-01 1.817084356380605226e-01 -5.120504265116647691e-01 -1.679651411817495721e-01 3.093824956487142841e-01 -2.791423356297675351e-01 6.673080576972515443e-01 4.500190839308777502e-01
-1.444093885216784362e-02 9.481121221293420387e-02 2.151606586565402435e-01 2.078406739992605945e-01 8.746138713465119452e-02 3.595455353371992957e-01 1.700766172443611557e-01 -1.081935954912350423e-01 8.836719035651037502e-02 2.581804714401212397e-01
