6.283539407817929634e-01 -7.922303151879148686e-01 -1.144947386557582519e-01 -6.188994310457791581e-01 3.212835848856314680e-01 -4.557480241447430247e-01 3.526078934774873330e-01 5.919593088716773588e-01 8.051462732387322241e-01 7.072260516125015162e-01
1.490668106163487716e-01 1.206388442400092853e-01 -3.862713002027679532e-01 4.044723046496742636e-01 3.950573248492755263e-01 -1.072582682823244871e-01 -2.524011654230487456e-01 -4.303977254523490004e-01 5.159922204963314218e-01 -2.687967651889154874e-01
2.781441641793669928e-01 4.413662374467183236e-01 -1.998154367822282257e-02 6.554711230277172618e-01 -5.667993633130579134e-01 -2.936939032765564228e-01 5.541910242109486795e-01 2.528930771096106755e-01 6.819461812823063296e-01 -2.660133348783998986e-01
1.708847864081194379e-01 -1.659513128137319604e-01 -3.568003406006412664e-02 -3.870575769604188421e-02 -1.344411748230585346e-01 -1.204992566195423193e-01 1.736817999252631417e-01 -1.409462870245374311e-01 1.267526651673904770e-01 -7.535464977223162164e-02
-5.236734307924624868e-03 -2.173163298775276312e-03 7.832527849924145191e-02 -7.366767584546679050e-03 8.049862682381996037e-02 2.672015134599933089e-02 1.395507396895634411e-02 6.404082326490666277e-02 8.682939215010091957e-03 4.113508838435801784e-02
-4.455968966103237561e-01 -7.467825368794319685e-01 -4.071741933331848862e-02 -7.938843468245212476e-01 7.015456299493514347e-01 -6.938600538293506759e-01 5.530714604769612075e-01 7.120380370444812090e-01 6.743420393063986884e-01 2.297183841409190241e-01
-4.724707378901030208e-03 1.718317026291670546e-01 7.455169214610139761e-02 8.391710639875529440e-03 -1.381001534891230544e-02 8.171619293442969334e-03 3.919052177785484203e-02 1.478815360226541122e-02 6.542044653635861740e-02 6.503919470279971582e-03
-5.348090633584137166e-01 6.800953284205396576e-01 8.247900481093749236e-02 6.852293129011703954e-01 2.255742671864572613e-01 -3.245032834747146877e-01 -3.837731230303436658e-01 3.201135991537254477e-01 -6.045843883079892178e-01 5.596310827383566000e-01
-6.973604410135157694e-02 5.905399218917403159e-01 5.497071923222248691e-01 -5.610694495707577722e-01 -2.795201246846759080e-01 3.687141185153594569e-01 -4.154764834403458784e-01 7.203404925872792797e-01 5.173324809901299615e-01 -1.894421752593817010e-01
7.581865021590207185e-03 -3.602280175971721374e-03 -7.490839923757364877e-03 2.293602728053705658e-02 9.999135529308780801e-02 5.106946520625740837e-02 1.663634314964080457e-02 4.801509270647393024e-02 2.869546473023505337e-02 1.609290650818639978e-02
-1.145562104887714282e-02 1.060364599363554095e-01 5.518928965892587468e-02 -5.736011256653537893e-02 2.087472795715049068e-01 1.984507248879107191e-02 -2.568786794994338749e-02 1.949899198511971998e-03 2.929562827403584674e-02 4.693424865799642604e-02
3.422655820980239905e-01 -3.188777967112266243e-01 5.953774583790154562e-01 1.864062906246347906e-01 -3.493793244384810204e-02 -2.090149373484354589e-01 5.402663040349066081e-01 5.067669717497155224e-01 -4.532642594199628450e-01 4.087012618132896957e-01
-4.215513212889826500e-01 -4.412619960711031825e-02 4.408042602719183245e-01 5.793305371909962531e-01 4.671028144978739416e-01 -4.562160572894423671e-01 2.075333028725270812e-01 -1.356966490774860479e-01 3.157709100472305686e-01 -1.274367360818178807e-01
4.146089858098478409e-01 2.019693999721622890e-01 -4.654376834587248823e-01 6.352823682054865584e-01 1.747980238704980316e-01 5.337038663969537189e-02 7.439161069412879579e-01 -1.598638098421977238e-01 4.120582547843206211e-01 2.884159186668044939e-01
3.105642344377723130e-01 -5.499060651107136044e-01 3.623984694958759523e-01 -2.360170298412546386e-01 2.916500073487117151e-01 -1.800975279875631774e-01 -4.541772008507747316e-01 -1.669740810712212475e-01 -2.012949411860935622e-01 -6.819483992799582062e-01
-1.965634658099115091e-03 1.495429074325720434e-02 5.030917140939426130e-02 1.658596609375640255e-02 1.356228233390787200e-02 4.936781017777244762e-02 -3.985251269052619036e-04 6.885136075438366525e-03 1.363823460778054372e-02 4.775653087238076328e-02
-3.909921307818513547e-01 9.567912634250448634e-02 -5.296979108667612124e-01 -4.528227655919889738e-01 -1.340882648392712449e-02 1.907484512176989278e-01 -4.328787680904076784e-02 3.535084695160597978e-01 9.315713064367878160e-02 2.426799693622488929e-01
8.297674774195809011e-01 -5.337672748937194456e-01 -7.693720640040967451e-01 4.700892789723822851e-01 5.960008289809545223e-01 3.149311572044594665e-01 1.115673331835541071e-01 6.657051905105345613e-01 8.042207150985909436e-01 -4.411909285752923515e-01
1.337028831151081424e-03 4.155539447226515998e-02 -5.881380673677676363e-01 -4.764244938394277540e-01 -5.775650775753555788e-01 2.849193190811912246e-01 -3.635962011193432653e-01 6.714471700804609533e-01 6.695470317669303950e-02 1.282010991914066256e-02
-3.339659681215370601e-02 2.287791669208397716e-01 -1.306098093868005294e-01 6.074460595734163665e-02 1.872936147855685241e-01 -8.548033999349087531e-02 -1.888678551754653934e-01 1.275718180306712746e-01 1.353169839003093566e-01 5.399186247380752257e-02
-4.121248898116846617e-03 -5.384090219850111436e-02 -2.304177306090339494e-01 3.581714613867741925e-01 -4.008897258501002425e-01 -2.533664963222330077e-02 1.733311352960854035e-01 2.023014858388351711e-01 -3.000767967638713341e-01 1.690261920994702294e-01
2.727222860775204150e-01 -9.100215285207184646e-02 -2.128885233827843559e-01 3.982621034699251328e-01 2.613681720023513511e-01 1.625800338911984888e-01 2.047965946636585988e-01 -9.007125474884036809e-02 -1.237639610220918895e-01 -2.126540154752705192e-01
5.641155481501471808e-02 4.084378690814369772e-01 -1.912527045094109812e-01 1.678635564581266448e-01 2.488994337131259504e-01 1.273540669834294925e-01 9.978642435078431683e-02 -4.399243792113696067e-02 2.395312303827694667e-01 -6.883503234176878427e-02
5.222625254479291712e-01 1.115823291015450719e-01 8.166473597625336645e-01 -8.842766808121588218e-01 -3.956823992768938036e-01 8.720443203724097259e-02 7.580031556290312000e-01 -7.725745219419476451e-01 -2.092715430560680434e-01 -8.075049114339526435e-01
-6.267331133562947798e-01 1.823924045343671696e-01 1.300367432802857458e-02 -6.628497539211775091e-02 3.360837988836344881e-01 -1.327121553249963615e-01 -6.819845582899571879e-01 4.609112456139659031e-01 -6.513502348411005505e-01 -5.967625635214701685e-01
1.082375968816094713e-02 -2.646425349570029339e-02 -1.632174982513702466e-02 2.427344078442422171e-01 -4.824197263175622474e-01 4.121808354078674297e-01 -2.030382933107569565e-01 -2.457449088246057775e-02 2.154319990594048273e-01 -1.157618989987242858e-01
1.707929876515633660e-01 -6.254555541248093542e-01 -8.080230264096920356e-01 -8.181221365676029367e-02 -3.100861967853738022e-01 -7.991559886639117982e-01 -6.671925694072894375e-01 -7.253218951983887441e-01 8.636602290938705240e-01 -5.173572664860708326e-01
3.678490304485144136e-01 4.726189313100047085e-01 -4.057392628833449838e-02 -2.680739353220659704e-01 4.401656930734395567e-01 -2.746635785862217016e-01 5.123149472573887975e-01 3.510046523372729599e-01 1.542517265695748374e-01 1.383999046940058708e-01
-3.188447585630276304e-01 2.915448527908788279e-01 -3.593323869721629787e-02 3.164401658580982823e-02 -6.893640967986821577e-01 -2.355313924861398567e-01 3.316828605687833220e-01 -6.517005385575123100e-01 3.847943656461102480e-01 1.966869057675662365e-04
-1.714218781949442827e-01 4.739588785929059744e-01 6.117429968270214902e-01 -7.242765758103064666e-02 -2.094562641541795611e-01 -5.377848957348527748e-01 -2.583835649170252435e-01 -4.049797685774405021e-01 5.175892950640700318e-01 3.559689126591769615e-01
-3.800582677144614951e-01 -5.380673018292824183e-01 8.693276028909061592e-01 6.502441678221152488e-01 5.094534121561221651e-01 -1.410149223512735805e-01 -6.750962482450030278e-01 -8.356805078486152782e-02 -5.766939463305704727e-01 -6.629883808609989826e-01
-6.676594199433646959e-02 -1.096428341533231821e-01 -6.906604054645534285e-01 3.335117916521329051e-01 -3.806946045582975668e-01 -5.772882472138428644e-01 7.962315957014862722e-01 -1.525927260636660010e-01 -1.317872705623556462e-01 3.556507771271260610e-01
-1.491200870687533486e-01 6.060975388436029565e-01 -4.881833986099052280e-01 -6.684851703200643813e-01 2.554204447261644861e-01 1.323108015181178321e-01 -4.367826992763965133e-02 2.574664377757709399e-01 3.157479141707561499e-01 2.471961939984649859e-01
3.089416825593171989e-01 6.333008229302899972e-01 -2.221852910963604821e-01 3.523808877494570280e-01 -6.096101538982506840e-01 -5.777119088084207155e-01 1.095749621872116192e-01 1.921743883503918005e-01 -1.169513772690521786e-01 -4.400118345606590098e-01
-3.429087008484841409e-02 3.185743455379279054e-01 3.509134773845760114e-01 3.131474583672049783e-01 5.173572910320376472e-01 -2.781007678191275145e-01 -3.699038479320480022e-01 -5.296316202457476002e-02 -5.640404028196107644e-01 -6.193073573266598408e-02
-3.530892516002567261e-01 5.881328268753353017e-01 2.760674376032732358e-01 4.285103405701323753e-01 3.993972872911171201e-01 -4.523446583973812496e-01 3.553995606531812346e-01 -2.592602942559033008e-01 7.158784307593241136e-01 -4.221447784028375949e-01
1.063205279407137133e-01 4.132690177271166471e-02 3.608536479308471767e-02 9.526551993349504505e-03 -6.012230557601776736e-03 -1.095916659432676250e-02 8.490466713019219304e-04 1.820045815579553750e-01 -1.226669908805270125e-02 -1.785532144545650670e-03
1.294602722296442909e-01 -2.841151280474593296e-02 -9.726059961124605691e-03 -1.596628244290567433e-01 -2.035162127977923618e-01 -1.442620212668625432e-02 -5.266268189801954352e-02 8.777770287223971013e-02 -1.109971777547787419e-01 -2.671395425695544112e-01
3.825532541488457228e-01 -5.487161990201749884e-01 -2.850866069431470806e-01 -7.031619497086768478e-01 -6.882555418477184772e-02 -6.935590623948427735e-01 -2.038586717572606344e-01 -6.342852292056819774e-01 -2.093964477154684409e-02 3.138685619988206832e-01
3.320613761343776948e-02 -7.215728896976361662e-02 -6.323784086079105478e-03 -2.414974868809002459e-03 1.696765258567554668e-01 -3.521112511337423211e-03 6.780806196435749944e-02 6.067259493718948210e-02 -1.636487371724852993e-02 6.039854514789334133e-02
1.133080878526779578e-01 2.487404007413445972e-01 -3.199130538469117241e-02 1.181047302503732410e-01 -4.141573801243466496e-02 1.580577677224283273e-01 -2.710802076331278454e-01 1.774348792322271995e-01 -4.613625756486190201e-03 7.344397083552432759e-02
-3.813143141654309343e-01 -4.022764674068967511e-02 5.793393211480895033e-01 -5.092241439048101476e-02 -2.527446075153452765e-01 7.105401604886920630e-01 -3.182075577506431885e-01 -5.164527848089961459e-01 -4.077330840082624142e-01 5.444147937517445079e-01
5.803749004081714125e-01 -7.559550987915002185e-02 -2.596657024231284749e-01 6.618609794274986635e-01 -2.619455442188259320e-01 2.617194928767856837e-02 -7.756117257707434431e-01 1.503456957047713261e-01 -5.354985176181656925e-01 7.418704910913871409e-01
2.441939439638673159e-01 1.652370187221852971e-01 1.161624305235313057e-02 1.135452735532611057e-01 -7.041328452800693638e-02 8.151182802632171709e-02 4.685341652453283573e-02 4.901546227785152227e-02 1.126467489414956918e-01 1.349586745546818012e-01
-5.198232021778529388e-01 -8.462679224622424723e-01 1.552753771703292707e-01 6.036125863837371597e-01 -2.753183668049555832e-01 5.896680741963021832e-01 -8.403396495332923211e-01 -6.968280572398684314e-02 -6.876803660775014926e-01 6.391896268330679032e-01
6.953643257027404372e-03 6.450308442140045145e-03 2.782424333683077011e-02 -2.388654029634047077e-02 4.062422872092966153e-02 4.319758349077798543e-02 -3.126335143855004522e-02 3.521401874900915302e-02 -5.508268941009811931e-02 -2.756008201527871196e-02
1.990545727214245442e-01 -2.350924278186038718e-01 -4.370187833016053736e-01 -2.991472622951635296e-01 4.346614934859477364e-01 3.655025523709616309e-01 -2.086172144387828387e-01 -5.304410987088011842e-01 -5.160107033417579148e-01 4.901934534376115038e-01
2.773137464256707485e-01 -5.066700668217427594e-01 -2.068215063224470782e-02 -3.373062436722770174e-01 9.770695779862463570e-02 -2.910070330052422771e-01 -3.902416536563809712e-01 -6.272467021187448644e-02 9.299305386838908893e-03 1.772016230662689928e-01
-1.082372629546730913e-01 -2.779869786579634572e-01 -7.583012578472020371e-02 6.714827579918752898e-02 1.797915728129283464e-01 2.086128267993165863e-01 2.285665960988583767e-01 1.890538457557159602e-01 1.182626213044187941e-01 8.437443712816128372e-02
-8.559968835441754686e-01 4.488534054251330230e-01 8.842125720513552278e-02 7.400683528837458391e-01 -2.688819176184139015e-01 -3.179247441203864044e-01 -1.515044146501919320e-01 7.619990533910222519e-01 -5.126671275360115271e-02 1.401271047335782005e-01
-2.414366431745979258e-01 8.391152095935403010e-02 5.651172163222106803e-01 -4.027818521574968447e-01 1.992308384775356433e-01 8.061855440363383529e-01 1.950696929461091245e-01 -7.678332674579207984e-03 3.365474547157025764e-01 -4.146404280305017731e-01
2.942027341585270756e-04 1.148008229008544434e-01 -4.398252390893250818e-02 -1.006360660259030537e-01 1.289146600906709017e-01 -1.571118619958729867e-01 7.430337242886549121e-02 1.522594978943628621e-02 -4.472395534587078267e-03 -1.063491107162369970e-01
6.615501225147285558e-02 1.437415887896140859e-02 1.911088065482948184e-01 -1.782302546161680656e-02 -2.658321212397402045e-02 -4.216262113600201950e-02 -2.952768071548746999e-04 2.920727256848124412e-02 -1.144331629037132203e-01 2.520612539567432253e-02
-2.853004400274545826e-01 7.635947110815523020e-01 9.145872128085357211e-01 -6.205761908368514490e-01 -1.044427869720929575e-01 -2.503283510522251731e-01 -3.175006341276808142e-01 -2.262254267295746302e-01 6.802353055180176966e-01 -3.984416588538980397e-01
-3.380179173748346089e-01 -4.366860295958909788e-01 -4.448448052801810548e-01 2.741119801784000498e-01 -2.328313630828914849e-01 7.278660071652851560e-01 -2.084373032301490014e-01 -5.145581153158195198e-01 7.498183341112225897e-02 4.382166748862051375e-01
-5.075773050693630495e-01 4.419397783808556301e-01 5.393838400755476270e-01 -3.210181263707976851e-01 -1.557613196544140599e-01 3.177695688203118762e-01 -3.198800309230973027e-01 2.311848156789492736e-01 -5.809833045131524987e-01 -7.118921683555330393e-01
-2.341942495041982319e-01 -4.524989951392492937e-01 -6.237602368060981561e-01 -3.848142210451402367e-01 3.785241427223721700e-01 -5.359979961777380231e-01 4.730112482108842636e-02 -3.166935659325513241e-01 -3.662190351255177334e-01 1.460997629449310442e-01
9.221212132219676338e-02 -4.096028891686135515e-02 -2.342696389386566269e-01 1.635168818647372013e-01 3.059257790146810083e-02 -9.349958207528884235e-02 6.584045084033612882e-02 6.425395610213118294e-03 9.417656219235884252e-02 -2.130589201331632709e-01
-2.552818384994016698e-01 1.631070251651869085e-01 1.974568879392071541e-01 -1.458128174504612351e-01 -5.749086022323361966e-01 5.612296891938762800e-01 -1.229775766196021941e-01 4.371183689868953781e-01 -1.762609495691001005e-01 -5.475330227529616733e-01
8.041612653969948399e-02 2.727935971762033077e-02 1.911182038355993887e-02 6.523280368093414827e-02 1.049202178503923777e-01 -1.869045435441155090e-03 1.013461971696615754e-02 1.574653795786266908e-02 -4.258351715965773276e-03 3.711772013865701023e-03
-5.654368008112057309e-01 -2.822987763899574287e-01 -4.564801518170911732e-01 6.323465243108473688e-01 -4.836152138026317826e-01 6.923664714475545878e-01 -3.441472343268513479e-01 -4.575725549177586671e-01 4.822584993557578747e-01 5.611061772825814975e-01
-5.398588111131034095e-01 -7.969681387323178379e-02 3.621505751211689939e-01 -4.030526263670649971e-03 8.202630327215690853e-01 -2.675021360137360693e-01 -2.276700482713353291e-01 5.788608975474893725e-01 -2.556518953907283009e-01 4.227988676957287750e-01
-5.349710463082979484e-02 -3.254952239204943892e-02 3.983076485614014256e-02 5.464955847157119267e-02 7.599652300562360734e-03 4.524555666484739169e-02 2.999068926699902105e-02 -1.175095151165192128e-02 5.431149289707403599e-03 1.189318099959638109e-01
-9.628364367340604135e-02 2.369772510064659665e-01 -1.789666450164547826e-02 7.273444705710313540e-02 1.681854237262152274e-01 4.503142696615079765e-02 -1.436684456066814053e-01 -1.379549927047409585e-01 -4.784454294612206643e-02 -6.981608351061643902e-02
1.232434055542894549e-02 -7.072360149837861321e-02 1.649341334390271030e-02 -1.690256296726311003e-01 9.437821739704896351e-02 7.139035048163722141e-02 -8.425851753826602009e-02 -2.367183972555180482e-01 -2.742071887128129659e-01 -5.392196657958933104e-01
5.190326535980620548e-01 -1.062354221131159848e-01 -5.272914965274767551e-01 -5.611090238556625254e-01 1.235642314205072367e-01 8.655576296761031962e-02 -5.138064248622105090e-01 -6.783924537127752896e-02 -6.206184799584175682e-01 5.115710644128153017e-01
4.613507244092556747e-01 -6.364125100560975579e-01 3.783379144745878664e-01 5.747346633712946407e-01 6.293645695422660502e-01 -3.052408816297241811e-01 4.009135086951018945e-01 1.716166037183332049e-01 -1.269493866245654905e-02 4.825845691780846769e-01
4.202163970098272139e-01 -4.468371543865252149e-01 -3.807922069645932606e-01 1.664630412669089454e-01 -1.395475258093464010e-01 -4.138954079730119973e-01 5.038705495194756301e-01 4.231888376804769369e-01 -1.276189516064279161e-01 1.121456709034851645e-01
2.125812392029670095e-01 7.906211210171574244e-01 5.095676094101564413e-01 6.025117920732078192e-01 7.222740249423708070e-01 -8.031503337911358731e-01 1.674390830197092228e-01 7.928694909732850737e-01 3.089492581463882392e-01 -8.702831163218216481e-01
2.761360743181652255e-01 -1.145328773466944700e-01 5.363405762580077119e-02 1.353682950934293749e-01 -2.036894208903622938e-01 3.592800819058312722e-01 -3.244449588902207499e-02 2.382927752526741438e-01 1.401096386691038642e-01 3.463540582764960130e-01
4.323575028520869612e-01 -5.397456552405045516e-01 5.564871786608605042e-01 -3.536989057769867051e-01 -1.764488294920630862e-01 -1.598287335558750966e-01 5.552964810639987592e-01 -4.462008617333704241e-01 3.266562635837967910e-01 -2.327281908375807562e-01
6.766387347234890104e-01 -2.550036001543870556e-01 -7.074584532560286299e-01 8.932583712407800025e-01 8.626010642852723065e-02 9.341072077569158028e-01 6.929450204352914922e-01 -2.708447988666320971e-01 -9.290677505436950590e-02 7.890342439403916774e-01
-2.181409828125909223e-01 6.896076492508449070e-03 6.246075759110739090e-02 -5.222362819754368113e-01 -4.273537691183855181e-01 -2.356836335676892602e-01 2.178276734079409860e-01 -4.065953448118235225e-01 -2.962585424239146392e-01 1.435133460546353656e-01
3.684594238649793740e-03 4.465698096505504172e-02 1.346770298577069924e-02 7.881016726160428032e-02 1.042042561524759384e-03 7.105261631315526460e-02 1.452035718020726601e-03 4.476883048446564373e-02 1.032142068437952830e-02 1.971371078345893896e-02
-1.263485048942990241e-01 -6.033142400655714388e-01 2.758643037341966808e-01 3.309978218517481419e-02 4.913912353593257176e-01 -4.560737239007589539e-01 2.467547487472918077e-01 -3.980734297139579825e-01 7.146671740447246846e-01 4.418510160979045587e-01
-4.828998260643471707e-01 6.737542409067081017e-01 -1.038757492791932552e-01 -1.631537487000314646e-01 4.558925012313199687e-01 5.138486502222505692e-01 2.684145100314695442e-01 4.597836059599645364e-01 -4.631485159834948795e-01 -3.978022909442928134e-01
-6.587703932491099923e-02 -4.156517920174995218e-01 5.536211094490676304e-02 -5.759230146793178212e-02 1.559465045242161008e-01 1.756419474429614658e-01 1.131606696513796639e-01 4.108945692732036692e-01 -2.738485962041483646e-01 3.262417821307972976e-01
-6.774092269528471100e-01 3.952226715392513356e-01 4.481613058272295724e-01 7.199399805593617030e-01 1.306639004610971044e-01 5.890316090619391876e-01 -1.913518594588021482e-01 -8.468398751793498880e-02 7.054254657939199591e-01 9.197031572088032458e-02
-1.490494293666435044e-01 6.238999532291287231e-01 -5.614590554319953686e-01 1.915028776459344051e-01 3.063123582379668752e-01 4.257103312679583196e-01 4.000053984734658896e-01 1.155006728964451668e-01 -4.286841278203314121e-02 -1.581344722431014260e-01
1.100788245757157446e-02 -5.157234329228704318e-03 2.703203851359182661e-02 5.797204153852017483e-02 7.032188699074418126e-02 2.387679925210940690e-02 5.847394752196725595e-03 9.405397988119773567e-02 3.813575406099272563e-02 4.509662273093423962e-02
-4.907729831211422589e-01 5.992303900210890211e-01 -4.900885717139993325e-01 -5.603460768265566827e-03 5.723023431099247826e-01 -7.475730386167342978e-01 -7.993173171052954107e-01 2.622316793937995438e-01 -3.389310855536890044e-01 -7.029598688177653987e-01
-2.125424363621265245e-01 -1.598608018616037019e-01 8.056315273825959133e-02 1.389387112683841963e-01 1.416860019040456775e-01 -4.142572028838014675e-01 1.109341154167014926e-01 5.751594487145625934e-01 2.059413343217815773e-01 -8.249530812809295621e-02
-5.440256685645992185e-01 1.968777470969056975e-01 -8.099872110571051387e-01 -3.331325058444057907e-01 -6.752880696189218490e-01 7.866804308935949896e-02 -8.324728774801201103e-01 -5.071841380586513681e-01 8.000690397151273281e-01 6.872220627831870932e-01
5.214894794065594308e-02 2.882082072143523840e-02 7.929643368778332979e-02 -4.484149884099852823e-02 1.522222984557303205e-02 2.285907202538671815e-02 3.880170109384897120e-02 3.192474730244752867e-02 -4.015098760548005581e-03 1.291352045095169737e-02
7.487905738331765426e-02 -2.049201743590763625e-01 2.925317430688724185e-01 4.338497362821524539e-01 -4.833450774107392323e-01 1.854557871217901444e-01 2.251078473224076004e-01 3.713012359091865527e-02 -4.946161344929634884e-01 -5.558044544438522916e-01
2.162247428185268550e-01 -1.162996665408966429e-01 2.183380937012757428e-01 -2.853406901762968115e-02 -1.947420712527697939e-01 -2.278780214357432887e-01 2.266505281768912416e-01 -2.473828997786549355e-01 -1.127655732938951105e-01 2.858999672424932803e-01
6.965892440887198056e-01 -4.800586656829364252e-01 4.768157628322965969e-01 8.245667247526748955e-01 6.134365075448700022e-01 -3.285920227058366366e-02 5.271075831816773860e-01 6.936998773283032937e-01 5.925098506490783512e-01 1.054222614267298630e-01
9.660711662028578783e-02 1.150976927877856437e-01 4.727971307276354618e-01 -1.432972066233488273e-01 1.862015198842145169e-01 -1.967958604377154086e-01 8.844266100552847232e-02 2.648600517283338784e-01 -3.721716124898204470e-01 -3.559575904700642002e-01
-3.568873807048744129e-01 1.337320304073364441e-01 3.852080247304202065e-01 -5.816097865988874016e-01 5.703645962282373194e-01 -1.209932857658578692e-01 7.210888981635196204e-01 -5.607927399493375376e-01 7.488371557326849171e-02 -4.131674336115959134e-02
1.559818480357540449e-01 -2.154590575243395534e-01 -4.115435321283724690e-01 1.365813361780962056e-02 5.160126190092120119e-02 2.529403633749081198e-02 3.756353757113535252e-01 3.816060683567100154e-01 -2.809468505699011867e-02 -4.866469713702314404e-01
3.044995108851311638e-01 -6.140795846982832762e-01 -4.694481999077622647e-01 3.028522163972737283e-02 1.542133507145889149e-01 2.916325207533707609e-01 -2.633933054678516683e-01 1.999531513085131273e-01 -2.639387517711853093e-01 -4.028145870085778069e-01
-3.664815832080078190e-02 3.772138141743571205e-01 3.172871792961457493e-01 1.813663520011110086e-01 -5.202837725797811175e-02 2.234221601741432917e-01 -3.225122076233195023e-01 1.835268919376014385e-01 -6.033911326838581465e-04 -4.147810258529761041e-01
2.501784651288259109e-01 -1.879691302503013195e-01 -1.564359910105904972e-01 4.516551834766914242e-01 3.867577465686510840e-01 4.682514397301560938e-01 6.909731465387787264e-01 -9.451696645087347137e-02 -2.896294465884718949e-01 3.422560545354570993e-01
-5.097190126793064158e-01 -2.127012324333201754e-01 -5.543430998516279962e-02 -7.569788932184882274e-03 2.648006931988298174e-01 -2.331538918423832762e-01 4.395185221479713279e-03 -1.832116453330853434e-01 -2.863808716345715433e-01 2.376479209347280019e-01
-1.490574513180404070e-01 -6.321170098238731994e-02 -2.236554556676637051e-01 2.098064981413319541e-01 1.680332961948472204e-01 2.541902954931783420e-01 -7.161211385789129080e-02 5.434847564230746442e-02 7.669639287979799960e-04 -3.434942225448027464e-02
2.116008274588662419e-01 2.414456301071337962e-01 1.718343439723012123e-01 -2.139835051561793655e-01 -3.639579726386895642e-01 -2.423883612776404628e-01 2.361660329607481734e-01 -3.109787208567288408e-01 3.498911725261620864e-01 6.473366663823482137e-02
-1.991185547784564641e-05 5.348673554950005293e-01 -4.410914944995317777e-01 4.749736371390297918e-01 6.461987179396501135e-01 1.768969457880963658e-01 3.234179719706284928e-01 2.757504562553030891e-01 -4.688986001135079240e-01 -6.461598031387031371e-01
2.807151428917807334e-01 -3.696458117141011024e-01 -3.889057229762463708e-01 -2.316556931452711243e-01 4.689415021066420941e-01 -4.456157636727345328e-02 2.084699787812141145e-02 5.152184831480921545e-01 2.608277321698835305e-01 -2.429726485927990176e-01
-6.683265947229097281e-02 2.964270852643918763e-01 -2.509705796154170221e-01 1.817408602731500344e-01 -5.118470335481413169e-01 -1.679559336158222838e-01 3.093703972886043263e-01 -2.793289977150603121e-01 6.670732531180886271e-01 4.498290662087083280e-01
-1.256850135093054432e-02 9.395533444367247522e-02 2.128227278460269600e-01 2.061963445712460263e-01 8.903008260108855043e-02 3.561833359011919997e-01 1.692314648783759257e-01 -1.085024016279741155e-01 8.714607795411978552e-02 2.552823787172585623e-01
