6.292585536862055351e-01 -7.952090447925254102e-01 -1.148287017210263689e-01 -6.197964937275313169e-01 3.221610217683330002e-01 -4.556986958041322477e-01 3.514342940222296985e-01 5.922742818062891601e-01 8.042269349456927507e-01 7.078810528494451360e-01
1.493476662042252934e-01 1.205544916186749582e-01 -3.875998605855548451e-01 4.041435316481727935e-01 3.954938632756883621e-01 -1.076109999057359157e-01 -2.522341658948046850e-01 -4.313484786290741058e-01 5.162463610540847236e-01 -2.684634843648842084e-01
2.786618837570047913e-01 4.415497818061306923e-01 -2.014789485237062500e-02 6.560374311683461190e-01 -5.672275544143066117e-01 -2.936328900016774712e-01 5.549350381556696910e-01 2.512876619162266456e-01 6.814875100925820162e-01 -2.658793017217233601e-01
1.593030899777452269e-01 -1.939591955121138245e-01 -5.326136723704068265e-02 -5.506907839503816932e-02 -1.563151771377460919e-01 -1.617536345516296659e-01 2.103674204496991940e-01 -1.744100669237822199e-01 1.519513416323889921e-01 -9.273087744294149226e-02
-5.416433311994468466e-03 -1.540039175329447458e-04 6.969318638095962914e-02 -8.549115359146300733e-03 8.592507742918704949e-02 9.527401331801290882e-03 1.508510818762233766e-02 6.157990118262331863e-02 9.832732075280696885e-03 3.182012823429059001e-02
-4.455889198817064578e-01 -7.469578167402253221e-01 -4.071601442815615812e-02 -7.938311148722463351e-01 7.016150404133117968e-01 -6.938015058577743366e-01 5.530979324537201869e-01 7.118519252132514685e-01 6.743900828642422907e-01 2.297379107870490267e-01
-6.032901713277657660e-03 1.564860308338892059e-01 5.685805189311830127e-02 7.375635339560326215e-03 -1.253711436959987179e-02 8.605135840436806821e-03 3.673714155234651668e-02 6.130663975501777184e-03 5.692755783189477892e-02 2.889864827024352014e-03
-5.348684535807690654e-01 6.802217820480086496e-01 8.148021250183676290e-02 6.853907505402655476e-01 2.257214445835491468e-01 -3.245180508066844993e-01 -3.838226169555752909e-01 3.202010469434921625e-01 -6.046677761387694305e-01 5.597496928742601296e-01
-6.992667435644799034e-02 5.907098233652737784e-01 5.498014904046296669e-01 -5.605524148005224250e-01 -2.789279581617548076e-01 3.702184875724941482e-01 -4.182038508038470326e-01 7.202067989356937261e-01 5.171724866305522639e-01 -1.899187278158488978e-01
9.092989790645596843e-03 -4.951807960326563840e-03 -6.142619093165060072e-03 1.769999594315618124e-02 8.144429690057942983e-02 3.762623794242018344e-02 8.403692132021408495e-03 4.261442811454421026e-02 2.737504323414906987e-02 2.107505652560593898e-02
-1.727296453261026668e-02 9.175192705856190234e-02 6.908710448172132590e-02 -7.692987736645566510e-02 2.231425102646141245e-01 6.232805149917111827e-03 -3.085240681096245927e-02 -6.610163840703809149e-03 2.676834214934944653e-02 4.949678012866712967e-02
3.422799386663442633e-01 -3.188911722625929479e-01 5.948322686104298151e-01 1.864141095663766623e-01 -3.493939793976802433e-02 -2.090237046256172015e-01 5.402889658814686857e-01 5.067882284434436224e-01 -4.532832719051434478e-01 4.087184050724856910e-01
-4.222896517174138942e-01 -4.386640453621586111e-02 4.418789847892626854e-01 5.806119994464477019e-01 4.666814214347841938e-01 -4.599959228088896790e-01 2.075528298844461217e-01 -1.354747628284509176e-01 3.160586505404546220e-01 -1.279126232702112176e-01
4.159719217280284376e-01 2.010784016794217310e-01 -4.646664070477941055e-01 6.360907229950850672e-01 1.745433859277242261e-01 5.384164049271832758e-02 7.429731937017126642e-01 -1.606928719907749215e-01 4.117568671387976664e-01 2.868595518809518574e-01
3.103827783703075327e-01 -5.496767571555389864e-01 3.593997062637168671e-01 -2.363000914963465926e-01 2.909346959626683549e-01 -1.806636289925949990e-01 -4.546959504711036160e-01 -1.668977744264859842e-01 -2.010542507000032397e-01 -6.831759105582403402e-01
-6.369686737011127746e-03 1.873699868467898488e-02 5.189503800017079838e-02 2.379196499111518523e-02 1.903031012784803591e-02 5.082952362701471244e-02 8.295293968235533874e-03 -3.531162737328161650e-03 1.591618038070095192e-02 4.646034571807403785e-02
-4.136466872455999977e-01 1.010727808575618419e-01 -5.495875390316732334e-01 -4.721959420681905439e-01 -1.203284373951146215e-02 2.019083804149618133e-01 -4.063234012023664993e-02 3.635467577012742035e-01 9.802554328207654932e-02 2.453574663724827354e-01
8.297676965951337191e-01 -5.337674158835038485e-01 -7.693722672267490070e-01 4.700894031422013231e-01 5.959558040218224662e-01 3.149312403906679436e-01 1.115673626530531565e-01 6.657053663505223540e-01 8.042209275261982260e-01 -4.411910451118742360e-01
1.429577440808667364e-03 4.174474934733764242e-02 -5.890923629241908710e-01 -4.767555578058971233e-01 -5.779631325723589841e-01 2.851867905700956052e-01 -3.638602659798824135e-01 6.696172692797307535e-01 6.707082295715849352e-02 1.281410510182746584e-02
-4.662470856385416557e-02 2.467178743791244855e-01 -1.354397996599347176e-01 6.236700534428935710e-02 1.905906419562788667e-01 -8.912252679049494086e-02 -2.065436173067422276e-01 1.430699291108291082e-01 1.495153564187894357e-01 4.294009170696233557e-02
-5.481103476963168153e-04 -5.485787086778676908e-02 -2.403274417160773946e-01 3.677881007638273414e-01 -4.115237731784633923e-01 -2.520909910550418395e-02 1.799498878614649855e-01 1.878329477366970368e-01 -3.108258583986892032e-01 1.786612404178085922e-01
2.775257207106022750e-01 -9.293383887818269795e-02 -2.324444366235449422e-01 4.038524520595507816e-01 2.666697682637922395e-01 1.648428373429475513e-01 2.107052785890523861e-01 -8.882182590975581937e-02 -1.261731037155120749e-01 -2.133458391671643750e-01
5.974942119612892261e-02 4.236231293870167391e-01 -2.097860810041431989e-01 1.741892028741284237e-01 2.582511249442567824e-01 1.323905430627938806e-01 1.033653538416284406e-01 -6.080132896488822658e-02 2.480474167840117650e-01 -7.101124710782874550e-02
5.222903550875521717e-01 1.115452697468538590e-01 8.166458945837625771e-01 -8.842811845594789055e-01 -3.956399197703590609e-01 8.722206887467695569e-02 7.580191003033321939e-01 -7.725540975909435115e-01 -2.096030693875332307e-01 -8.077082611384032163e-01
-6.269520993238520967e-01 1.826406725940323827e-01 1.253769727420112577e-02 -6.586407116959631936e-02 3.364440566505207397e-01 -1.349029231304576804e-01 -6.826972827557403756e-01 4.622556407368896281e-01 -6.517833505319746701e-01 -5.989717211672965780e-01
1.137631513506423900e-02 -4.093977986105726968e-02 -1.627347863838121342e-02 2.478955561952796149e-01 -4.885363996074857384e-01 4.221879915684298989e-01 -2.065998058193503073e-01 -2.444679618425401810e-02 2.199871499156067778e-01 -1.162363661310363006e-01
1.708930839992719442e-01 -6.254866718934677383e-01 -8.091436020014315389e-01 -8.171654991454049832e-02 -3.101018362172601739e-01 -7.991058924376541750e-01 -6.673186488567087737e-01 -7.253957237045823847e-01 8.639262535238942942e-01 -5.172521176876186955e-01
3.684703737899178155e-01 4.734520699659912069e-01 -4.052413814231333594e-02 -2.683392927599185240e-01 4.395571472216294739e-01 -2.783234561519396522e-01 5.131127354730058432e-01 3.515876293134950759e-01 1.545798024670849147e-01 1.384861612896104155e-01
-3.188233776670250097e-01 2.897281279921297692e-01 -3.568326886830142097e-02 3.121725387374865712e-02 -6.899799557254374660e-01 -2.385972945074983365e-01 3.295665512136474185e-01 -6.527689944938506184e-01 3.855962627677185783e-01 7.439971334501800908e-04
-1.726446904875102717e-01 4.767005321546146090e-01 6.134081633843105896e-01 -7.003928012986351814e-02 -2.184691018386783201e-01 -5.396058598940332018e-01 -2.591501325858729388e-01 -4.104131145252103985e-01 5.195805520723495441e-01 3.600716607310629480e-01
-3.795911405958832807e-01 -5.414917469683748763e-01 8.692792424570108256e-01 6.496939473661129671e-01 5.104983690848472477e-01 -1.409737376112812079e-01 -6.762490366140793130e-01 -8.327141572358799648e-02 -5.780401946370593569e-01 -6.627191692413830770e-01
-6.653963183194482045e-02 -1.096046022520285879e-01 -6.915370231949449220e-01 3.337209699565165111e-01 -3.806615236338906638e-01 -5.807363978131239168e-01 7.978471842619119236e-01 -1.517110125038731994e-01 -1.317963972809805540e-01 3.540335524095539199e-01
-1.488623569619739184e-01 6.068614751427855447e-01 -4.888583727839748150e-01 -6.685802964194398346e-01 2.550743415324348007e-01 1.319887273300641983e-01 -4.300754200731972399e-02 2.536162512298499316e-01 3.151579130295176778e-01 2.487708035390701899e-01
3.097701104077941192e-01 6.350429821982004341e-01 -2.221078215940771594e-01 3.534285621887373052e-01 -6.153751085676814059e-01 -5.793815183230772714e-01 1.082873779312908263e-01 1.930701104407369917e-01 -1.164592303773996085e-01 -4.409564006934522662e-01
-3.415387279868440512e-02 3.166603877916767118e-01 3.514608149582177377e-01 3.134070129158294526e-01 5.176741385111814919e-01 -2.788793939668792188e-01 -3.703410426739282002e-01 -5.329000871923429694e-02 -5.643104103248953729e-01 -6.173774673213981712e-02
-3.524734719738165656e-01 5.897679847685863841e-01 2.750952938578285489e-01 4.294140572387835642e-01 4.016305924149623507e-01 -4.514120744854516754e-01 3.564583311145607114e-01 -2.620738480870010156e-01 7.176033224647084818e-01 -4.214890710792244533e-01
9.151683541309098280e-02 3.206098668637600430e-02 3.044165103397072566e-02 4.574007990409574825e-04 -4.901621049021783263e-03 -3.051512413774830085e-03 5.020901779012420900e-03 1.474598612731712888e-01 -8.154601146937012074e-03 3.631753072121769645e-03
1.588521300148904580e-01 -2.619131385939078849e-02 2.591165385610205533e-03 -1.907561974210266187e-01 -2.687561935538524405e-01 -7.595235647310777556e-03 -6.394489445879110445e-02 1.159128010162914363e-01 -1.219109633983951196e-01 -3.090116254482694336e-01
3.830508125751541093e-01 -5.492549276618118315e-01 -2.860997743192018605e-01 -7.033756414153846670e-01 -6.881149985617449061e-02 -6.960531050817388987e-01 -2.028170119725952181e-01 -6.338195177140321102e-01 -2.113115290108423180e-02 3.102414728782557085e-01
2.437023836604761129e-02 -9.025241982354259562e-02 3.972599416402991350e-03 -1.011325361286087750e-02 1.684108096067888916e-01 1.128393128656281566e-02 7.365144451886160293e-02 7.408487096399334060e-02 -2.440952577904472939e-02 7.905811378025874581e-02
1.125137385552546637e-01 2.507786168108686597e-01 -3.678609808707908324e-02 1.077391696058778575e-01 -4.423396628620966664e-02 1.755676792203010872e-01 -2.942707281122514673e-01 1.867920820782667246e-01 -3.029234100801775787e-03 7.242059070473780280e-02
-3.855109521679431772e-01 -4.055954523466861333e-02 5.803377111336507355e-01 -5.062865230500875752e-02 -2.535929471211397779e-01 7.127992238783177337e-01 -3.189664764063460667e-01 -5.191607468111983925e-01 -4.081719795550803886e-01 5.429776412044164946e-01
5.803921297830806347e-01 -7.605248744202203204e-02 -2.596693264712218174e-01 6.618833657737193121e-01 -2.619553949578318774e-01 2.616415617401340876e-02 -7.756333254584348857e-01 1.503516944526686605e-01 -5.355083143748042840e-01 7.418927347666589567e-01
2.526620863186332944e-01 1.738403278956189846e-01 8.477468735836872493e-03 1.172181617201378395e-01 -7.442302757397442625e-02 5.796594643657348306e-02 4.474247173011004081e-02 5.509795743448052396e-02 1.196751729644365270e-01 1.421974202335751503e-01
-5.197586066828290274e-01 -8.464294578954576487e-01 1.545861754009431044e-01 6.035488948332722314e-01 -2.752201247941364337e-01 5.897088185950351003e-01 -8.403789727306829604e-01 -6.956632355023315006e-02 -6.877015920349199840e-01 6.392023659237002775e-01
-4.135715682874056658e-03 1.828170551213301881e-02 4.544009307435534911e-02 -2.234128801988468499e-02 -5.233314101640251965e-03 1.424403563299882734e-02 -7.296593047487429096e-02 4.804137395490276630e-02 -7.013410182818270722e-02 -4.656369656354240189e-02
2.008577386247494267e-01 -2.364323922701796754e-01 -4.391960678429957521e-01 -2.975863427387948623e-01 4.325910078950903070e-01 3.659211232906806610e-01 -2.067562030784553806e-01 -5.378653208468404667e-01 -5.191862687453365766e-01 4.939399190620462621e-01
2.812066227197044244e-01 -5.141277851615307926e-01 -2.100452321726666710e-02 -3.424336409695618033e-01 9.699921436076094916e-02 -2.959202098895723498e-01 -4.073732363766421893e-01 -6.484507866421763966e-02 1.009182760489347325e-02 1.800832313467564116e-01
-1.146784587800586119e-01 -2.922711012721445623e-01 -7.943983902571047362e-02 7.286625503544784388e-02 1.673119366935398034e-01 2.206269220053414803e-01 2.415050826169846954e-01 2.009842921336307819e-01 1.264967812280994863e-01 6.798096346021924308e-02
-8.561537593623511633e-01 4.485058655408308836e-01 8.852483493619509036e-02 7.392578348682593559e-01 -2.689067620993679242e-01 -3.179005705007312277e-01 -1.515228655635295907e-01 7.621355154415893063e-01 -5.124099946810064393e-02 1.402216895009038011e-01
-2.439503777568612086e-01 8.403322131063793721e-02 5.655684346175545718e-01 -4.031057895840117200e-01 1.994743668606998310e-01 8.067600095026771223e-01 1.951932056593110310e-01 -7.682659229934924068e-03 3.367986380521557077e-01 -4.148677365692736707e-01
-4.648882926180556742e-03 1.356992273211719835e-01 -5.678925063091608966e-02 -1.382686435945406911e-01 1.616532973877812807e-01 -1.876688830514116058e-01 3.139532194023837014e-02 2.687284752794721204e-02 -5.156146929153171410e-03 -1.338079435382929783e-01
7.466755243768208317e-02 -5.676791132982775441e-03 1.722942893957175592e-01 -1.656961828239547629e-02 -3.569438467986413982e-02 -4.668454857754140985e-02 -1.734479907786981578e-02 2.696502682369098305e-02 -1.331834815628443469e-01 3.627959556604323788e-02
-2.855854409583674647e-01 7.661893604981877548e-01 9.160557424114142977e-01 -6.213835392247119005e-01 -1.043391579378410289e-01 -2.576855655127459621e-01 -3.150035594321042853e-01 -2.240569115689041435e-01 6.820614638242963323e-01 -4.041877176264302984e-01
-3.390926359608221197e-01 -4.367113756149003656e-01 -4.448476691762220381e-01 2.748573169026355401e-01 -2.321812005873103157e-01 7.262163793692578695e-01 -2.095058047548948588e-01 -5.143619136692518801e-01 7.533029391743639724e-02 4.394740085665617135e-01
-5.075847680089289327e-01 4.419537937338124389e-01 5.394132686630855877e-01 -3.209888649885385137e-01 -1.560736863502771854e-01 3.177875014997102454e-01 -3.198788664508089297e-01 2.312486256585391808e-01 -5.809649037389029713e-01 -7.121199147737655721e-01
-2.351255386999412667e-01 -4.531809650835551539e-01 -6.253212152218148301e-01 -3.914340883834896423e-01 3.799696298121755800e-01 -5.369294307616790940e-01 4.788953488886033005e-02 -3.174848975398869011e-01 -3.667633213316123797e-01 1.476433643914471239e-01
6.985239386559885522e-02 -4.290264471718836792e-02 -2.442466377065971861e-01 1.736479121605971065e-01 2.699310206936712114e-02 -9.361166055992950485e-02 6.636173990368317288e-02 -3.615178750752587843e-03 9.986526347341982690e-02 -2.269052149839420052e-01
-2.600208091655281106e-01 1.647071814436633364e-01 1.979632696849628337e-01 -1.478537386684070920e-01 -5.781175504113729158e-01 5.641897040757147819e-01 -1.282211311462855552e-01 4.407485003890345698e-01 -1.784038381202067425e-01 -5.499747087287940595e-01
7.686512279621952881e-02 3.862436655215267800e-02 9.171183082926651076e-03 8.226088415353158267e-02 1.134213540688335659e-01 1.164211039716741593e-02 2.589892744171834113e-02 -5.717834959387233266e-04 -2.015018750523049282e-02 9.234437195345609334e-03
-5.659617759932223935e-01 -2.821762161863584084e-01 -4.568983696987339305e-01 6.324120440106555385e-01 -4.822982900573978271e-01 6.939159472075607793e-01 -3.440410194572581237e-01 -4.605281528015900960e-01 4.824109993003007912e-01 5.607388641597815804e-01
-5.397938203823549053e-01 -7.968339619841086074e-02 3.621511198498835737e-01 -3.976158858508914602e-03 8.202165851637519545e-01 -2.675049135739765438e-01 -2.275795783377705939e-01 5.785998761664667978e-01 -2.557367985891219608e-01 4.229499716161793099e-01
-7.785696624428176116e-02 -4.398876950142405207e-02 5.009322290345184087e-02 4.542032943530068673e-02 -1.019912903705289670e-02 1.837278607385383483e-02 4.231578024948044747e-02 -8.948352221691413186e-03 1.016105434448162301e-02 1.076461745162070327e-01
-1.049646265026578651e-01 2.405476566082675183e-01 -1.487284412942444130e-02 8.228302506033381702e-02 1.832357063698243915e-01 4.328718993144765881e-02 -1.666579810932258265e-01 -1.426939872615583249e-01 -5.521000522564853408e-02 -8.753410051967609740e-02
1.118237262223553165e-02 -7.452931982478552819e-02 1.394361702813743525e-02 -1.771274940397778719e-01 1.043553159749814330e-01 8.052893441837881416e-02 -8.640005076399799588e-02 -2.599011355748640506e-01 -2.826843529852027803e-01 -5.595767523309186364e-01
5.227235600772683899e-01 -1.166935452198645945e-01 -5.301217835844217463e-01 -5.652328729401936425e-01 1.262056923030602518e-01 8.687198829161411895e-02 -5.178670781732297446e-01 -6.716543861752589939e-02 -6.253190358452523911e-01 5.150150327348566037e-01
4.619546812584012785e-01 -6.366772742129890306e-01 3.784254553777549046e-01 5.750451665082012553e-01 6.306191443295037224e-01 -3.048312720308418711e-01 4.014143635737955629e-01 1.699632625688063114e-01 -1.257097786746495457e-02 4.826291915867677584e-01
4.234003324138553848e-01 -4.487665856898312433e-01 -3.892410812316826618e-01 1.687279144289179633e-01 -1.393315367005803218e-01 -4.154370485877957875e-01 5.074783257785396851e-01 4.256539290376334383e-01 -1.282099114842754628e-01 1.128064120838799950e-01
2.119673997975388691e-01 7.908274636229148946e-01 5.094056318227515590e-01 6.022670244091665737e-01 7.222803729415998575e-01 -8.030393376736340016e-01 1.672783125540732718e-01 7.933130652498575630e-01 3.089801545923378523e-01 -8.704937546278060934e-01
2.849583079064789692e-01 -1.175889421720010958e-01 5.380165656841006533e-02 1.361908621425566568e-01 -2.054367705985538917e-01 3.755366683769854608e-01 -3.699232693200735916e-02 2.359188778997171054e-01 1.441596009239327902e-01 3.453538752780911381e-01
4.338425940721997720e-01 -5.449823099812354243e-01 5.579842489275622652e-01 -3.538860695066127771e-01 -1.767679197965301707e-01 -1.586019568526265133e-01 5.539064489160082649e-01 -4.477256784369336717e-01 3.271606015841792559e-01 -2.339793121441400281e-01
6.766387347234890104e-01 -2.550036001543870556e-01 -7.074584532560286299e-01 8.932583712407800025e-01 8.626010642852723065e-02 9.341072077569158028e-01 6.929450204352914922e-01 -2.708447988666320971e-01 -9.290677505436950590e-02 7.890342439403916774e-01
-2.180493788448932546e-01 6.303123245560253440e-03 5.899098822423004540e-02 -5.261548364661016164e-01 -4.302372027687885736e-01 -2.347428837678428859e-01 2.213712160788002536e-01 -4.090581715384976058e-01 -2.984252418435613396e-01 1.447584212295818795e-01
1.667820322338789971e-03 3.753018795683615849e-02 7.113464737446499597e-03 6.937498503608732769e-02 -2.894812597506449779e-03 6.289446653589880754e-02 5.562980537300850001e-03 3.936869027676109800e-02 1.026519882919377409e-02 2.020802065744040088e-02
-1.258225846414127713e-01 -6.034095527203674481e-01 2.771993016696757683e-01 3.266824495797078509e-02 4.896825108452180775e-01 -4.556825260850960735e-01 2.449763643949085246e-01 -3.972131410906189486e-01 7.156832229175674742e-01 4.420687529688525630e-01
-4.828625921557996858e-01 6.709534518638150535e-01 -1.041021561464934020e-01 -1.637379589056396911e-01 4.568540849558395123e-01 5.142345124839424741e-01 2.679801640981190336e-01 4.603807479022867799e-01 -4.641491912068693715e-01 -3.977606214669413554e-01
-6.750815901300799560e-02 -4.228561282065502747e-01 5.781622832606360396e-02 -5.599590529528708505e-02 1.623710519039467670e-01 1.720921213321490728e-01 1.150728426900921031e-01 4.148385818601346142e-01 -2.809487294057678164e-01 3.306549101805896784e-01
-6.775287516206940364e-01 3.952828851250423936e-01 4.482266817111045243e-01 7.203349995712743370e-01 1.307117399550508374e-01 5.892847415948193612e-01 -1.913697875957795225e-01 -8.592879511331465159e-02 7.056348234197246105e-01 9.196352053831714779e-02
-1.491123918427640638e-01 6.241748342413245831e-01 -5.615335940686946303e-01 1.916286547700264409e-01 3.064846727725173969e-01 4.235851663223118568e-01 4.001690533870730926e-01 1.155580928333915791e-01 -4.282804168719459709e-02 -1.580902440688784494e-01
1.361513286513833278e-02 -7.760486109087695941e-03 1.606205660294388743e-02 4.917690010654487270e-02 6.154062910353110677e-02 3.080530344933471443e-02 7.912220980689624317e-03 7.335779226154820476e-02 3.344133342847160212e-02 4.262220726329714326e-02
-4.907668809051278780e-01 5.986979581936314743e-01 -4.900310272477647056e-01 -5.568797540295130147e-03 5.722787151702376507e-01 -7.475691241438446877e-01 -7.993048760201407754e-01 2.622864306498448039e-01 -3.389016627927365910e-01 -7.029550174516012717e-01
-2.146209010321869781e-01 -1.674383349640075902e-01 8.170944495872778379e-02 1.390578457105819676e-01 1.437570263249231262e-01 -4.177975070440293481e-01 1.120474776453631582e-01 5.746263275743680454e-01 2.083494017426354150e-01 -8.282463665177601519e-02
-5.440694821552508609e-01 1.973046278783816276e-01 -8.112029623939116529e-01 -3.334786492528034607e-01 -6.753641291847556349e-01 7.851310797561351917e-02 -8.326580976949190527e-01 -5.072967002705374151e-01 7.997487443662527618e-01 6.877957777828034303e-01
4.457684654184793788e-02 3.318766228767410648e-02 7.616275812691519764e-02 -6.130914686502671879e-02 1.733562247634733502e-02 2.565675124150009184e-03 1.643881127134676906e-02 1.889966257515118472e-02 -4.382087875497329803e-03 7.171306099421898353e-03
7.579247659532772907e-02 -2.066169868621799133e-01 2.922394313032318225e-01 4.348103465952208313e-01 -4.841433143474613843e-01 1.833727016467689153e-01 2.280321114746916011e-01 3.652374948290995627e-02 -4.965707574903218680e-01 -5.578302337050177195e-01
2.409157846158484773e-01 -1.275918628479010275e-01 2.449544461209857416e-01 -3.218478232743294393e-02 -2.150098963054306034e-01 -2.416183783963468112e-01 2.241389641490369455e-01 -2.745410119085580636e-01 -1.306979443147840425e-01 3.135737744606138522e-01
6.966091697884003731e-01 -4.804675277517830301e-01 4.768873174588673103e-01 8.245782248771488243e-01 6.134888699719625027e-01 -3.284564679811078497e-02 5.271011655280527508e-01 6.937006120137233500e-01 5.925005610133349254e-01 1.054249793197772761e-01
9.511057383454568637e-02 1.156072940179684039e-01 4.695891971282794564e-01 -1.438264956942835182e-01 1.874966002197381021e-01 -1.972098492755171850e-01 8.876309710701406341e-02 2.658746556749621570e-01 -3.728253314394608942e-01 -3.564242820079073781e-01
-3.569893179061833233e-01 1.337527295151796913e-01 3.852707044857104357e-01 -5.817036847501457775e-01 5.704574947384647432e-01 -1.221839568979404128e-01 7.212061863405917483e-01 -5.608844864419660903e-01 7.489535070882236134e-02 -4.132104139622044814e-02
1.587000143961896925e-01 -2.193583763812242404e-01 -4.180806513488500298e-01 1.389134342379988972e-02 5.113850348689377018e-02 1.168630692108058380e-02 3.834141451369909581e-01 3.911653838925427396e-01 -2.854872113404165190e-02 -5.023338662640055574e-01
3.050746944528415217e-01 -6.150620028624985691e-01 -4.728723128123533126e-01 3.029182276297676460e-02 1.547752375865986407e-01 2.921155900704766606e-01 -2.636066636209167813e-01 2.004433620163706409e-01 -2.664915309810174660e-01 -4.032874153284621843e-01
-3.688344627847701951e-02 3.743896471457720532e-01 3.191194930358334236e-01 1.827815091110234491e-01 -5.605522744372842120e-02 2.231374604790307137e-01 -3.241086818120076929e-01 1.847254233269052803e-01 -4.475826761078821625e-04 -4.176881490769147054e-01
2.505392379066749831e-01 -1.877575731349497012e-01 -1.567077377305842179e-01 4.523461353413557040e-01 3.873836035937033850e-01 4.664023292034352730e-01 6.928247664164040032e-01 -9.354431421809984715e-02 -2.925350006059157515e-01 3.407188492580633388e-01
-5.122679179418717643e-01 -2.163338160520141551e-01 -5.406978893112759921e-02 -8.932420446878039724e-03 2.648768824517322984e-01 -2.442021643413713472e-01 5.770788095546946009e-03 -1.840060276506916837e-01 -2.865212257711506338e-01 2.403645436462791551e-01
-1.757937900162341027e-01 -7.376839081517194696e-02 -2.546877592423018033e-01 2.531289084032778969e-01 1.749315119796241436e-01 3.129577837810756935e-01 -1.157183510462101161e-01 6.145407909269776092e-02 -2.078857885298220944e-03 -4.146232107667530142e-02
2.137064714821677591e-01 2.405371916831613166e-01 1.730545253460503974e-01 -2.154449748722647717e-01 -3.648622603244760509e-01 -2.431750575110455392e-01 2.321704242757887393e-01 -3.165618526560188273e-01 3.526390820419016969e-01 6.531413686930236107e-02
-1.974690801628357228e-05 5.344278549684485791e-01 -4.411040989025131753e-01 4.750186299839728732e-01 6.462541431572198514e-01 1.769303140149335318e-01 3.234324399645374104e-01 2.757788487289180024e-01 -4.689155368800234647e-01 -6.461804094062327808e-01
2.834063588892228869e-01 -3.731917240312921935e-01 -3.972795829542073442e-01 -2.338086240072610733e-01 4.734003799862568918e-01 -5.180617255348057143e-02 2.102069529589059918e-02 5.201184189495723365e-01 2.631803783771032301e-01 -2.456672707708779102e-01
-6.876591586731174710e-02 2.970995946759111828e-01 -2.511700783586603425e-01 1.814481303784337696e-01 -5.121297928278397693e-01 -1.678558238829308824e-01 3.094729850247223135e-01 -2.782774512702242409e-01 6.681963018156362732e-01 4.510546139133571053e-01
-2.147284611077921943e-02 9.717127961732349717e-02 2.235018747426182339e-01 2.104114657887388995e-01 8.207152855383542667e-02 3.696636461922279682e-01 1.723472503889850738e-01 -1.048645965861419865e-01 9.019246903449637531e-02 2.640653899653724879e-01
