6.281005581709221408e-01 -7.905929134472073905e-01 -1.143928776208571751e-01 -6.186108347286447540e-01 3.209315195792848963e-01 -4.558189231019813548e-01 3.529248370258465384e-01 5.918453161709776866e-01 8.054907163919077240e-01 7.069503082767845115e-01
1.488953064818784866e-01 1.206464986299527614e-01 -3.854782753578737120e-01 4.049812908453515603e-01 3.947808136264220891e-01 -1.069040886976127258e-01 -2.524362288016983036e-01 -4.294073513109958884e-01 5.158459879010757199e-01 -2.689289977912449059e-01
2.778261377927441211e-01 4.412678528237101716e-01 -2.005809694883785993e-02 6.552792077794259429e-01 -5.666052513043090544e-01 -2.937966908916891939e-01 5.537934821942486208e-01 2.539288030626362658e-01 6.821922621156870647e-01 -2.664845824520930551e-01
1.867705894900879016e-01 -1.416176266645251258e-01 -1.781181372876707372e-02 -2.662691501442104869e-02 -1.176094905198892676e-01 -8.047412285795740861e-02 1.386232426428540276e-01 -1.120535495945136906e-01 9.985158694310845851e-02 -6.146092627699493993e-02
-7.046040925443319142e-03 -2.703519143882478562e-03 8.682183089728445768e-02 -6.047371211147171098e-03 7.743943936022924801e-02 2.771607502721756475e-02 1.049590463041552395e-02 6.016716116079959958e-02 1.500962289652129494e-02 4.017682289620018443e-02
-4.455953769493271599e-01 -7.467088634821118509e-01 -4.072241679041687518e-02 -7.939376491965663973e-01 7.014861950310248284e-01 -6.939198270478450503e-01 5.530551026849600538e-01 7.123405585771513948e-01 6.743069054972919973e-01 2.296975259851153361e-01
-4.768426925024916996e-03 1.615637151116140480e-01 1.011404007169256769e-01 1.720692728979277344e-02 -1.440529183864714020e-02 6.146150378424913331e-03 3.581801463714202882e-02 1.791500302788696583e-02 7.979913014274345184e-02 7.928713463336508477e-03
-5.348079160911147767e-01 6.800712638532899756e-01 8.288524094187189883e-02 6.851909198340244700e-01 2.255249559653182134e-01 -3.245041766334126332e-01 -3.837659470260067485e-01 3.200900921530176468e-01 -6.045736966907430121e-01 5.596106378272296400e-01
-6.975821758932260197e-02 5.904847492847629109e-01 5.493147282913568574e-01 -5.611996968526026253e-01 -2.799506967879639152e-01 3.677277650008504706e-01 -4.133318073910431933e-01 7.202177155528917130e-01 5.175574123458211995e-01 -1.894590300275869610e-01
6.077337280835801159e-03 -3.218924606750937865e-03 -1.090520588228529458e-02 3.464322679617612422e-02 1.116785246091447775e-01 6.284512647241927152e-02 1.545151914586647551e-02 4.554421137011115117e-02 4.378595768290997198e-02 7.660767351868253902e-03
-3.922012528927230901e-03 1.200373603216120105e-01 4.442755778191073007e-02 -3.314518402538730452e-02 1.875183849967083649e-01 2.917329634366111132e-02 -2.273328213586006674e-02 1.173803332651327316e-02 2.640890121248298111e-02 3.961598771044786554e-02
3.422647379282752200e-01 -3.188770102255160110e-01 5.955142408386264741e-01 1.864058308689369725e-01 -3.493784627232751627e-02 -2.090144218303805201e-01 5.402649715127538776e-01 5.067657218508954120e-01 -4.532631414811573167e-01 4.087002537854319550e-01
-4.213455412972667014e-01 -4.420908996198866237e-02 4.404892992647453931e-01 5.789686142866222740e-01 4.677079262442700447e-01 -4.544699678119384356e-01 2.075111429593745893e-01 -1.357704115880220275e-01 3.156889840765544908e-01 -1.272920807880389416e-01
4.146200179569753952e-01 2.025199087538440690e-01 -4.651766912306364299e-01 6.349252082073671977e-01 1.742373591987303738e-01 5.290158985442942191e-02 7.444519696708494783e-01 -1.598840873840593757e-01 4.120527957139962227e-01 2.896066541433408026e-01
3.109627690684199086e-01 -5.498719519647055076e-01 3.644911462446413508e-01 -2.359861780082923022e-01 2.923611012406671650e-01 -1.800641656995780604e-01 -4.541843485351102494e-01 -1.671637554971729667e-01 -2.016492187638845024e-01 -6.815631333768574773e-01
-3.534284815663809448e-03 1.092073293284898973e-02 6.644055973414893235e-02 1.761493152615026259e-02 2.130171573108053870e-02 5.518221677762998739e-02 7.457728066462846785e-03 -1.738666645830129216e-03 1.731413622917740355e-02 4.751004847730931624e-02
-3.752611721556194380e-01 9.331420532313909610e-02 -5.168513093410507242e-01 -4.402735880858733575e-01 -1.481834632399967565e-02 1.839953769025982899e-01 -4.636409379616526077e-02 3.489846620966970403e-01 8.929376825896262471e-02 2.418156878698122236e-01
8.297674729179679298e-01 -5.337672719979520419e-01 -7.693720598301378999e-01 4.700892764220774289e-01 5.960070995551207673e-01 3.149311554959107196e-01 1.115673325782845920e-01 6.657051868989838361e-01 8.042207107355729967e-01 -4.411909261817655303e-01
1.314581801927810177e-03 4.144957055187614703e-02 -5.875804713000988277e-01 -4.763420763909834710e-01 -5.774740894601660957e-01 2.848213244661193522e-01 -3.635271923415687723e-01 6.725881789751907425e-01 6.688901424913409888e-02 1.283171305461157201e-02
-3.015973393714214967e-02 2.158526119207241634e-01 -1.254790288527750652e-01 6.092664923987430731e-02 1.898315249684887074e-01 -8.323922170479318428e-02 -1.745028925237858963e-01 1.126310097967796187e-01 1.271515998955737026e-01 6.366310700432027680e-02
-7.504067491659971965e-03 -5.493453489926494737e-02 -2.292868875276865559e-01 3.526765962355430939e-01 -3.950575757733588711e-01 -2.665642426524707231e-02 1.669585565363710111e-01 2.118448163139268481e-01 -2.940061698185623129e-01 1.612932204767356936e-01
2.701053369546042027e-01 -9.011499157883370859e-02 -1.974998436493575205e-01 3.947999031849482865e-01 2.580548279542775325e-01 1.607411239569996597e-01 2.015537643605361806e-01 -9.037272750324397419e-02 -1.224630663506115907e-01 -2.121884271166882274e-01
5.465705023817567232e-02 3.986177977288564711e-01 -1.762258845500058457e-01 1.639150881635193790e-01 2.430093215900018533e-01 1.242630505919256473e-01 9.748935018999753399e-02 -3.222391260153685544e-02 2.339682291036983830e-01 -6.727042844488100026e-02
5.222530326122664102e-01 1.115910650166647006e-01 8.166425104905101762e-01 -8.842736666706977333e-01 -3.956981310047718581e-01 8.720090475852988743e-02 7.579935808601268032e-01 -7.725799098358241412e-01 -2.090709503960370141e-01 -8.073586349404545670e-01
-6.267189586700510073e-01 1.823565981949670789e-01 1.326302942359676960e-02 -6.646774635653175667e-02 3.358665006473864900e-01 -1.313494550497776581e-01 -6.816559312314807162e-01 4.604595115201957634e-01 -6.511462681496338334e-01 -5.961088350540597602e-01
1.071569579150063317e-02 -1.832820418467820747e-02 -1.667719864520494227e-02 2.404806192840385215e-01 -4.792258354749446281e-01 4.079992704368347600e-01 -2.014890945975333081e-01 -2.458991162313949735e-02 2.134100702475971445e-01 -1.154038886490143107e-01
1.707651076789437339e-01 -6.254375046464643040e-01 -8.070791610958558682e-01 -8.184244916454010144e-02 -3.100875226387936334e-01 -7.991939552895352961e-01 -6.671406796384613536e-01 -7.252829016079334057e-01 8.635516331005310686e-01 -5.174075500271504424e-01
3.677503885973004705e-01 4.725446769326432928e-01 -4.058166411119250305e-02 -2.680058666233672837e-01 4.402917353217732921e-01 -2.731142785017721120e-01 5.120786102254566430e-01 3.508281637694961042e-01 1.541457950524421638e-01 1.383290675922547730e-01
-3.188285113040000840e-01 2.926340348979956651e-01 -3.613460044200491467e-02 3.173794356520502624e-02 -6.890807520854771440e-01 -2.334796015791617274e-01 3.331694787884916242e-01 -6.512512787608679687e-01 3.843890287434502673e-01 -5.942450161269662988e-05
-1.698458570621049213e-01 4.722172026222085095e-01 6.102751096869262204e-01 -7.424552194837975849e-02 -2.020648375314856859e-01 -5.376141867604375957e-01 -2.576860788183416573e-01 -4.013979563749761059e-01 5.154599248082730734e-01 3.532935894166923108e-01
-3.802339184990971011e-01 -5.362047765020935275e-01 8.693396095408448820e-01 6.504506911855783002e-01 5.090296322921321615e-01 -1.410436884357472165e-01 -6.745775316958069201e-01 -8.365607484206569189e-02 -5.760756263953041856e-01 -6.630669666800663720e-01
-6.686687483646890084e-02 -1.097324912470165059e-01 -6.902014189766119134e-01 3.332047816317396660e-01 -3.807915526857453270e-01 -5.751007130523931865e-01 7.954150922899194676e-01 -1.531180425266053802e-01 -1.317470365010315336e-01 3.563742594945752962e-01
-1.494265525846493192e-01 6.055341327252916628e-01 -4.883504300139673293e-01 -6.682302785281931667e-01 2.552116791638921467e-01 1.322235600423685986e-01 -4.434747700206488619e-02 2.603637775808273491e-01 3.158361480946369482e-01 2.461801653115154587e-01
3.088633750078116913e-01 6.332743356194404649e-01 -2.220453991708307984e-01 3.519523621439237804e-01 -6.075878613690296470e-01 -5.775991822221197003e-01 1.101690141569148795e-01 1.916071507762736881e-01 -1.171999135238115525e-01 -4.398284684332115502e-01
-3.442161210729635656e-02 3.201337907115447967e-01 3.504276198757532712e-01 3.130450053641892216e-01 5.172448246759082657e-01 -2.777707686666865405e-01 -3.696159024865922071e-01 -5.279438852024563589e-02 -5.640612622243922347e-01 -6.216894027779426568e-02
-3.544090630091287775e-01 5.873638484347926125e-01 2.764526971325504956e-01 4.279897562674953582e-01 3.978177344327774589e-01 -4.541882472662469583e-01 3.549788800571394010e-01 -2.559604021399315976e-01 7.149609172488691211e-01 -4.213267743385513131e-01
1.008886851180126887e-01 5.698490795661018127e-02 2.844033052746872126e-02 1.125931404251309491e-02 -7.656834372113443740e-03 -1.809753004527744902e-02 -1.386791648367989788e-03 2.162020309811932828e-01 -1.213523211835240700e-02 -2.938350526720127313e-03
1.101822141645221603e-01 -3.228437669242393421e-02 -7.866281166180393372e-03 -1.394266080011474507e-01 -1.683808268197865832e-01 -1.119021212980980673e-02 -3.979863614534335375e-02 6.234039323497774648e-02 -1.013009228217394975e-01 -2.390134587783882825e-01
3.823498251762801337e-01 -5.487386024167245635e-01 -2.849363932018212919e-01 -7.030274050840480404e-01 -6.899522255204193488e-02 -6.918155707805702104e-01 -2.040882722323467957e-01 -6.344510797110188838e-01 -2.103795145160752139e-02 3.151325573917184153e-01
3.556924342409845119e-02 -6.280649954398474788e-02 -9.230411036890111623e-03 4.337090782719476949e-03 1.869084217094872935e-01 -1.368713058675025303e-02 6.490799576282127448e-02 4.430370220420196126e-02 -7.068478448344526870e-03 5.174553570323015689e-02
1.149512786074765452e-01 2.430501558161629883e-01 -2.864868123150993845e-02 1.305330560596556777e-01 -3.967404806613834822e-02 1.461092701537015093e-01 -2.547424385834581306e-01 1.696516975212869482e-01 -6.869225217227192468e-03 7.158017623305515387e-02
-3.783493110016887262e-01 -4.030880290635110302e-02 5.790821806769150815e-01 -5.131350944296822481e-02 -2.524260127395278053e-01 7.094353879070295354e-01 -3.177413154683474406e-01 -5.152317478145360674e-01 -4.078218844148953637e-01 5.451151113688407213e-01
5.803694385683226820e-01 -7.533307426698671039e-02 -2.596634924500140218e-01 6.618547072579443746e-01 -2.619430306863629321e-01 2.617168027682965567e-02 -7.756045284208447077e-01 1.503442254952741530e-01 -5.354936820765776595e-01 7.418634707697993047e-01
2.357972052893312631e-01 1.587012077639161911e-01 1.366467957159436808e-02 1.099283988891022884e-01 -6.717173874089166219e-02 1.033770738065744876e-01 4.973863669457428277e-02 4.565581472718992923e-02 1.074597133529085063e-01 1.283989016929711624e-01
-5.198715151093790121e-01 -8.461806458285359156e-01 1.559890878916077028e-01 6.036472213346790738e-01 -2.753951200970901625e-01 5.896287477638857411e-01 -8.403242917063016293e-01 -6.978829984858152258e-02 -6.876911639779447194e-01 6.391909975250823495e-01
5.670137031010884406e-03 4.549736473193611544e-04 1.345389591130522616e-02 -1.588473330178212170e-02 7.715329488448464945e-02 7.287896938776300404e-02 -3.755494817487251349e-03 3.896662296933713771e-02 -3.703872112872377831e-02 -1.534541464839270231e-02
1.980193899835555049e-01 -2.350325373775395965e-01 -4.371241842566154223e-01 -2.993810758397421057e-01 4.346459666965496460e-01 3.660122307372281614e-01 -2.097150385811373530e-01 -5.267049758977749851e-01 -5.148984217988340495e-01 4.885058674250594701e-01
2.758117705707766043e-01 -5.037691206334582450e-01 -2.063663681439292449e-02 -3.352958793082003730e-01 9.800983963306555968e-02 -2.890818910749899384e-01 -3.806233579276411816e-01 -6.188944387215897930e-02 8.998820641637371096e-03 1.760459510803601690e-01
-1.045786556329540151e-01 -2.690553729495105961e-01 -7.421424482511575216e-02 6.377673297587367618e-02 1.928880137397724626e-01 2.016548912712372299e-01 2.197943159783353473e-01 1.815965838243467911e-01 1.130285005541327020e-01 9.451170696067616450e-02
-8.559815924262031972e-01 4.488713051762538431e-01 8.837078499553460698e-02 7.403469583028001733e-01 -2.688914297337964832e-01 -3.179597689709502961e-01 -1.515053631686103797e-01 7.619819193867656271e-01 -5.128062354898730441e-02 1.400923706782872813e-01
-2.410472510721369255e-01 8.390342756472735086e-02 5.650979369984143741e-01 -4.027688358023637782e-01 1.992172780741436611e-01 8.061637097660826479e-01 1.950644794480526911e-01 -7.680376288123782688e-03 3.365383342882492523e-01 -4.146347483844519677e-01
1.101553328038922148e-02 1.065452618661139189e-01 -2.200125471360706367e-02 -7.882468686808746794e-02 9.601726351693690154e-02 -1.441735711717319901e-01 1.070575640771839337e-01 8.844568107987846664e-03 -2.372517583280523909e-03 -9.062019303265694825e-02
5.634211272067393694e-02 2.460013945698259069e-02 2.063182956738854601e-01 -1.676152756314836997e-02 -2.009645448400635553e-02 -3.924485929658163424e-02 1.096216930403225674e-02 3.237807901661174381e-02 -9.931950026658852015e-02 1.820675540492014063e-02
-2.850181177384443210e-01 7.617051220059067873e-01 9.132461800553646203e-01 -6.195385130160947496e-01 -1.047656205437088872e-01 -2.444655647407318333e-01 -3.179335753832686629e-01 -2.268437714413863715e-01 6.786089698968945649e-01 -3.960796276621759704e-01
-3.372466055340268554e-01 -4.367167107148053895e-01 -4.450580490763533792e-01 2.738827230785465527e-01 -2.331954675426689827e-01 7.290539993484665970e-01 -2.079529631793041178e-01 -5.147414742378666475e-01 7.483389036171497755e-02 4.376567125455642637e-01
-5.075726625249427082e-01 4.419323145640559614e-01 5.393648821748882050e-01 -3.210451355645511651e-01 -1.554389218314218002e-01 3.177139315120951490e-01 -3.198849905328129961e-01 2.311315203045105904e-01 -5.810019609139210894e-01 -7.117477133125283961e-01
-2.340596488019366650e-01 -4.524979699162903768e-01 -6.236778296557032863e-01 -3.823564969366689548e-01 3.781973835234138104e-01 -5.358590111234380338e-01 4.713092831392644289e-02 -3.165735271423001929e-01 -3.662059534769055436e-01 1.457487499553268007e-01
1.063554496083613105e-01 -3.888322166302810717e-02 -2.273526935623316203e-01 1.562509991461688841e-01 3.431829788178417801e-02 -9.313454630114945121e-02 6.491969267954984801e-02 1.644415666985956509e-02 8.843033150767690143e-02 -2.043259388729145587e-01
-2.529730137113283539e-01 1.633026698805121191e-01 1.978141769121265214e-01 -1.450767480715719759e-01 -5.744790755598220278e-01 5.607036773862288381e-01 -1.212149037073837199e-01 4.361902712481342537e-01 -1.755447332475267574e-01 -5.467409405612158046e-01
7.030834928222903790e-02 2.857174759632066796e-02 1.750443967305019555e-02 5.763553850483053853e-02 1.060659000117058215e-01 -1.790432764055371884e-02 3.453228027241037794e-04 3.118260123380432389e-02 5.962085183712804298e-03 5.777294441230090317e-03
-5.652778437539456302e-01 -2.821384465343506620e-01 -4.560187669939703703e-01 6.325808901674205842e-01 -4.841468592751096978e-01 6.903935383752444199e-01 -3.439648718556735374e-01 -4.544763436390564237e-01 4.821688235311921145e-01 5.617117057460830898e-01
-5.399113955105805385e-01 -7.971692774821328986e-02 3.621228316886828114e-01 -4.025682940111146094e-03 8.202561573791317118e-01 -2.675281765311454119e-01 -2.277250603224660885e-01 5.789975284789027343e-01 -2.556253811750043847e-01 4.227247053156690249e-01
-3.725894515311652111e-02 -2.424582528712701524e-02 3.201155572364772911e-02 5.966218051036315667e-02 1.776464838284474990e-02 7.507609113825240710e-02 2.128486375848043233e-02 -1.456665297935228615e-02 1.741501224511117930e-03 1.203010764718590586e-01
-8.677104054232116781e-02 2.300809060080496460e-01 -1.944167685745451166e-02 6.455002736380967276e-02 1.498761549964550133e-01 5.469352977089212559e-02 -1.208192029950293928e-01 -1.330296704255568840e-01 -3.950521860902602572e-02 -5.314962279107638549e-02
6.300481551911098557e-03 -6.871755176678373545e-02 1.589154779730560588e-02 -1.640708869002028281e-01 8.383797971089679280e-02 5.898741099169294705e-02 -8.147684470746047181e-02 -2.092201884215794394e-01 -2.665942249346336945e-01 -5.178667721383486411e-01
5.177048530411705318e-01 -1.005113718706990567e-01 -5.260310941488832714e-01 -5.593389912814215048e-01 1.223504718160332849e-01 8.617313525676112418e-02 -5.120685190070782822e-01 -6.816828892355225600e-02 -6.182419760552295696e-01 5.103527342984995885e-01
4.609897972303544922e-01 -6.362032587704191666e-01 3.782698765195288693e-01 5.747210922629512053e-01 6.291686403935577987e-01 -3.057016391177208026e-01 4.008897043731383114e-01 1.720292890314579770e-01 -1.275344924282843621e-02 4.826313707319889179e-01
4.188001941819293195e-01 -4.461117046507283024e-01 -3.761425496887080833e-01 1.652892432902884068e-01 -1.396722107390591106e-01 -4.134318621930984095e-01 5.022251790667813243e-01 4.220039704554708337e-01 -1.273679425065243620e-01 1.117654018072905264e-01
2.125820415414404752e-01 7.906207600467018981e-01 5.095673300195071587e-01 6.025118618485811872e-01 7.222737893186251812e-01 -8.031504300759133574e-01 1.674390876923820826e-01 7.928688551108132865e-01 3.089495359496274851e-01 -8.702827180595354983e-01
2.610094515414738137e-01 -1.123892615081862195e-01 5.045166810899581050e-02 1.320500778943897446e-01 -2.063604317928340870e-01 3.407295386123763703e-01 -2.995483038901955788e-02 2.480125370393753970e-01 1.365844813862126805e-01 3.492522640752511176e-01
4.322676439799931214e-01 -5.373666037537283557e-01 5.566445624281246563e-01 -3.542160741240071853e-01 -1.776555182746567818e-01 -1.609410071957828037e-01 5.567905043127464593e-01 -4.452390016504724213e-01 3.266756455680741023e-01 -2.321001267480055086e-01
6.766387347234890104e-01 -2.550036001543870556e-01 -7.074584532560286299e-01 8.932583712407800025e-01 8.626010642852723065e-02 9.341072077569158028e-01 6.929450204352914922e-01 -2.708447988666320971e-01 -9.290677505436950590e-02 7.890342439403916774e-01
-2.192511777287085295e-01 7.405854088565006800e-03 6.530397904276864784e-02 -5.205956192193129661e-01 -4.261911173022884802e-01 -2.380742882127898918e-01 2.158605450360617517e-01 -4.028187001253552002e-01 -2.951168904024819573e-01 1.425321662764215402e-01
2.747726793270906243e-04 4.595829680037023801e-02 1.430301544382927420e-02 9.869090207396911951e-02 2.667217535622521968e-03 8.490175635319689718e-02 -4.373088529338773028e-04 4.891523974893643989e-02 9.579220952679370557e-03 1.235101164988320656e-02
-1.265901801059207132e-01 -6.034333845134082219e-01 2.757922003092893593e-01 3.315821451705851935e-02 4.916722791359277034e-01 -4.561353712894722356e-01 2.474101373625318401e-01 -3.984501090475158769e-01 7.145845698422972347e-01 4.418066742672133174e-01
-4.830430305906893151e-01 6.762405372668713888e-01 -1.035348512926773240e-01 -1.625754354915648903e-01 4.553014485724732885e-01 5.135642837758213064e-01 2.686465503467854732e-01 4.593736808194640586e-01 -4.624546746092126348e-01 -3.979681193467084488e-01
-6.354755627253586003e-02 -4.107970965029975052e-01 5.359123220449988484e-02 -5.856471554889687570e-02 1.498177742349233454e-01 1.824227164241365440e-01 1.125746266937873996e-01 4.063711771880900714e-01 -2.676791801822422934e-01 3.241253500837429358e-01
-6.774086798605100102e-01 3.952154602687478757e-01 4.481628712030876205e-01 7.199214380439752370e-01 1.306621114822169860e-01 5.890212759565870426e-01 -1.913523184005083699e-01 -8.453247227855667512e-02 7.054182270544337996e-01 9.197277200002330899e-02
-1.490409105980503857e-01 6.238604020290681174e-01 -5.614701904836034707e-01 1.914812435992341855e-01 3.062875228919282877e-01 4.265005705393973834e-01 3.999837246939711988e-01 1.154911796233797083e-01 -4.287816110226196770e-02 -1.581552003682111240e-01
1.020320090523470918e-02 -5.283576866838773402e-03 3.365038789240733935e-02 5.582122796482523464e-02 8.228092935477152037e-02 1.543330556840252950e-02 8.899540143361299449e-03 9.971307366500987979e-02 4.517505777271065004e-02 4.333682095655578409e-02
-4.907777895366559062e-01 5.994628618603872194e-01 -4.901165813694700613e-01 -5.618898092873110886e-03 5.723058145096994176e-01 -7.475798066461104563e-01 -7.993271978478111439e-01 2.622095954003003659e-01 -3.389501621826040978e-01 -7.029650543634411441e-01
-2.113220682860450506e-01 -1.537816957241570914e-01 8.019177247377955176e-02 1.385013910802078974e-01 1.404025299123356496e-01 -4.119539438371478957e-01 1.103030408621410302e-01 5.763476780782176290e-01 2.045762974557908676e-01 -8.216194398330919912e-02
-5.440244348229863469e-01 1.966013397978790544e-01 -8.092275629290904826e-01 -3.328050684186949493e-01 -6.751602039246370479e-01 7.881455133301229488e-02 -8.323098460498438156e-01 -5.071742662470455354e-01 8.005145237376570799e-01 6.868672541744648141e-01
4.170132834176981662e-02 2.443203524231048890e-02 7.853237570791750388e-02 -4.047813169749418100e-02 2.094430600693312008e-02 3.794931140558376742e-02 4.272831031240349048e-02 4.730608836123501026e-02 1.324519100043994920e-03 2.125679980133063710e-02
7.429437339740850577e-02 -2.028674059345207392e-01 2.923391890888056288e-01 4.332472189313022470e-01 -4.830010398484764766e-01 1.866977134332674371e-01 2.237811941616016653e-01 3.788388714419330117e-02 -4.936963649112163233e-01 -5.551776188486734487e-01
2.026072093025083065e-01 -1.078460585666906613e-01 2.039380560402837828e-01 -2.587324590655106990e-02 -1.896637473293494303e-01 -2.201174474748770205e-01 2.267396006891053417e-01 -2.298283326492257250e-01 -1.013662951997146011e-01 2.676711435093238056e-01
6.965859648391934389e-01 -4.799506730105284613e-01 4.768045794935635850e-01 8.245667380333437935e-01 6.134300886455722468e-01 -3.286278903508429994e-02 5.271073516349531474e-01 6.936987051722162123e-01 5.925119139567693871e-01 1.054213138669101713e-01
9.717766731999204211e-02 1.149718255384535315e-01 4.741160579223239191e-01 -1.431359355290486857e-01 1.858242875075862000e-01 -1.967509558635850142e-01 8.827181561711136548e-02 2.645408319074595838e-01 -3.720155729901779562e-01 -3.558996118951539001e-01
-3.568843529205442677e-01 1.337308958428547745e-01 3.852047566775717580e-01 -5.816048523000207915e-01 5.703597573320466907e-01 -1.207333032964705705e-01 7.210827805427112436e-01 -5.607879822594825647e-01 7.488308026994075495e-02 -4.131639283548992070e-02
1.539559340178534297e-01 -2.129848212708231048e-01 -4.065017333912730457e-01 1.206874068258844551e-02 5.075967283297405652e-02 3.455809931746304381e-02 3.718331539238062811e-01 3.746466527471579711e-01 -2.817006464865328200e-02 -4.778192098363157059e-01
3.043688191055483050e-01 -6.138716287853538400e-01 -4.679272689678686814e-01 3.029364831011015224e-02 1.540816314242327012e-01 2.915307694897184554e-01 -2.633592806272236353e-01 1.998514433044054073e-01 -2.632691676444769979e-01 -4.027172949536381164e-01
-3.649101395383684554e-02 3.798654497552143017e-01 3.163246514989608849e-01 1.805413166343263487e-01 -4.904813146035690019e-02 2.228900559345494692e-01 -3.216712132191909546e-01 1.829070990050300771e-01 -6.729063437329389471e-04 -4.136458803763912173e-01
2.500760181891880651e-01 -1.879776566696458595e-01 -1.561883695017729501e-01 4.514102172434476534e-01 3.865223391310956269e-01 4.694349850654553902e-01 6.904877961062262370e-01 -9.486129645361673912e-02 -2.885724357511804117e-01 3.426603333198631196e-01
-5.090224448358348086e-01 -2.090847070596118240e-01 -5.612750244309960140e-02 -7.040048543901970476e-03 2.661835253843050086e-01 -2.230989370899757462e-01 2.977320588013423423e-03 -1.823717499098455042e-01 -2.858857040795532711e-01 2.360954405099755793e-01
-1.280083148185388042e-01 -5.501360944173547263e-02 -1.955735617645491531e-01 1.757055337236745618e-01 1.527362485150578764e-01 2.148448340201642992e-01 -4.078288061935538000e-02 5.465433896931917029e-02 1.548949396043853947e-03 -3.023358843649689986e-02
2.091615385857542031e-01 2.434129713784395910e-01 1.702493236424857115e-01 -2.129903466901648112e-01 -3.638097224239149607e-01 -2.433763111779305988e-01 2.403494677185013528e-01 -3.064441827479373326e-01 3.481973283235800243e-01 6.449809395190922445e-02
-1.975686701225782399e-05 5.352977248335314409e-01 -4.410903857938330286e-01 4.749478406349668669e-01 6.461660775148465596e-01 1.768735099066131855e-01 3.234138585839810842e-01 2.757326420299380798e-01 -4.688935719229909704e-01 -6.461543921168183546e-01
2.796463831254797916e-01 -3.682591887155505228e-01 -3.844856303199751246e-01 -2.307863238601197409e-01 4.672380015883066950e-01 -4.032319896763325584e-02 2.079515907598134331e-02 5.132510729287906859e-01 2.600065513002687290e-01 -2.422575245591163107e-01
-6.536645098060805958e-02 2.960903694597760705e-01 -2.507769424096974453e-01 1.818223470808922881e-01 -5.113330230364154794e-01 -1.680216537133161214e-01 3.094467759860177747e-01 -2.797020229846422512e-01 6.665752460450724559e-01 4.493167809092314391e-01
-1.166518732482290602e-03 9.139568163983165239e-02 2.075972361220783657e-01 2.010754872141732041e-01 9.072899672832765439e-02 3.471133972157642855e-01 1.665664978766326076e-01 -1.096472521491121677e-01 8.449525159610801750e-02 2.471162327483043819e-01
