6.396655735963241440e-01 -8.195463428082571111e-01 -1.164115964938752940e-01 -6.275708853397301556e-01 3.304967493152003444e-01 -4.596185620313804066e-01 3.462281431198122039e-01 5.971505054871698581e-01 8.073575941332802319e-01 7.202518333612623058e-01
1.533458593694332350e-01 1.204910406703252057e-01 -4.260600784334235835e-01 4.271502786798250240e-01 4.187370600190369885e-01 -1.204876077002491608e-01 -2.529280418656651430e-01 -4.463256210628683829e-01 5.339525233645002755e-01 -2.791148976982069652e-01
3.076031651878278761e-01 4.607176177685816665e-01 -2.051599463399313497e-02 6.971533069060419363e-01 -6.182022229382885259e-01 -3.116162296533854792e-01 5.990484653524467129e-01 2.467836294281889886e-01 7.099847915544613697e-01 -2.742947198132620334e-01
1.336040870192264363e-01 -3.827577563377606018e-01 -1.364719971546174970e-01 -1.697540972450830576e-01 -3.103731480223235195e-01 -3.413726973720298541e-01 4.262214508639233790e-01 -4.215247111413569225e-01 2.647339105261082848e-01 -2.124481113021708389e-01
1.158652101720240683e-02 -7.202589830942440416e-03 4.314688837807021532e-02 -2.013875116268410911e-02 4.247527231850763141e-02 -1.168364482953632329e-02 1.315147279701211515e-02 4.482510917107739717e-02 -1.072666312106287587e-02 2.266067348477079565e-02
-4.472774746735848628e-01 -7.517204826423676822e-01 -4.039019484595710030e-02 -7.951043762342304699e-01 7.054383697759770699e-01 -6.944843963246885021e-01 5.551606728975846394e-01 7.133211544698870865e-01 6.780998487304271682e-01 2.283714293958825081e-01
-1.022440103084741765e-02 9.611313546133615215e-02 3.917830160843381593e-02 -1.833386624552953148e-02 -1.048289563928946240e-02 4.133241383640694905e-02 6.917720538929184038e-02 -8.106206164753862811e-03 -4.517516070813275015e-04 -4.977112762645065358e-02
-5.482879116620885673e-01 6.994235609981538371e-01 6.702486864954979029e-02 7.023340521465738506e-01 2.307611037201321436e-01 -3.293341614504331494e-01 -3.926095931751379386e-01 3.268655059667928131e-01 -6.164844463306510258e-01 5.767558321126941001e-01
-7.117148646405696555e-02 6.023231327453154593e-01 5.612266114395749739e-01 -5.710562249117887568e-01 -2.830862927109881189e-01 3.756596511510115755e-01 -4.423357044762932233e-01 7.279266112406657108e-01 5.274446048727061687e-01 -1.920815314493845571e-01
3.238300912876930244e-03 -8.743751749626091363e-03 3.557933586876627259e-03 1.989615091476274258e-02 2.124391729111837004e-02 1.655033152613855432e-02 7.933423044547555092e-03 2.814629822717417545e-02 1.920311949529020581e-02 2.753537536129220184e-02
-7.774289744816062497e-02 9.293943532352161307e-03 1.827129178270678334e-01 -2.560369810623783215e-01 3.499990753362924867e-01 -1.112514503759210252e-02 -4.201586771599831460e-02 -9.220149734031143907e-02 2.762623945760357691e-02 8.009837610138623165e-02
3.524356546274162727e-01 -3.278011093548589550e-01 5.957847349777640744e-01 1.908964373328172759e-01 -3.483854147686193947e-02 -2.144291627798757260e-01 5.538314538821420552e-01 5.167253294793019425e-01 -4.654670821643350220e-01 4.151918673495836876e-01
-4.572690426930018925e-01 -3.410336500367054657e-02 4.914869762640244888e-01 6.335530012602673677e-01 4.856519765534358379e-01 -5.415396406241902438e-01 2.115511912860883192e-01 -1.443727509269926157e-01 3.404920525711103152e-01 -1.402842956837553334e-01
4.460547318056172217e-01 1.795617302649022695e-01 -4.770372010784075800e-01 6.786626744619401741e-01 1.852231462261144379e-01 4.519907728757079773e-02 7.663597743989208899e-01 -1.889413147387571379e-01 4.276769065424403382e-01 3.012569516464544406e-01
3.244075812674762638e-01 -5.688956788065696601e-01 3.509003947010181923e-01 -2.460946717573399278e-01 2.994222056058631343e-01 -1.930788713496738029e-01 -4.715557860341121899e-01 -1.780335437532996612e-01 -2.030559157353314936e-01 -7.084821057645869224e-01
-4.290859833570465640e-04 1.722226424730638472e-02 2.977269767536562528e-02 1.137086020173938908e-02 -3.436415011530176075e-03 3.410475002659862226e-02 1.272607800627934341e-02 -4.744787231719138978e-03 2.847114703708105571e-02 5.027124244085032223e-02
-5.722302867754662792e-01 1.279376052193686164e-01 -7.156301161333215033e-01 -6.168774515131526526e-01 -4.091591230563401682e-02 3.102258434691481104e-01 -5.212753928620804389e-02 4.645854648363779704e-01 1.017723366571543914e-01 2.305914683712105562e-01
8.364084715798714154e-01 -5.358129094891388444e-01 -7.719721987487309089e-01 4.737809463683889111e-01 5.937774245393321326e-01 3.138103946264018118e-01 1.132652248230683056e-01 6.657109590744919592e-01 8.078589015760784253e-01 -4.412943151346663817e-01
3.019239250750616402e-03 4.405456032293469243e-02 -6.207806385656560177e-01 -4.909906651461153904e-01 -5.950841902433361419e-01 2.954893953318898925e-01 -3.758535920003714392e-01 6.753390224056056157e-01 7.239673749305115813e-02 1.153467704394505085e-02
-8.056604437384166928e-02 3.946179359517723029e-01 -1.794930142975553200e-01 5.255978974964896355e-02 1.704251546650151217e-01 -1.005523009896637093e-01 -3.440612952022937265e-01 2.850542580258418890e-01 2.701517482405429993e-01 -7.648101121718994290e-03
2.921173048212544199e-02 -6.041947919146525153e-02 -3.227076330907179824e-01 4.508902753446585865e-01 -5.199146838979376017e-01 -2.713251726104376135e-02 2.533010151754328532e-01 1.711964865831253346e-01 -3.785744027752069862e-01 2.201821416269790499e-01
3.248758272912104506e-01 -1.066060206956714468e-01 -3.536774053333288648e-01 4.849728282210015728e-01 3.262720963522704465e-01 1.778501632614251371e-01 2.757179625791691957e-01 -9.655182068532419670e-02 -1.513804630073949109e-01 -2.425587304020993817e-01
8.621030878169159972e-02 5.548288201721139901e-01 -3.204440481121885176e-01 2.384354596215509381e-01 3.444104075113217922e-01 1.750856313380925178e-01 1.303947794407923078e-01 -1.642777506891817119e-01 3.200321898863213166e-01 -9.178879052603423905e-02
5.290720030182828326e-01 1.063239175522978780e-01 8.246143534445143919e-01 -8.920798811729624411e-01 -3.999670937185446640e-01 9.128573261559633223e-02 7.665760458533323884e-01 -7.819206403569716191e-01 -2.122679587915078103e-01 -8.214946922527424089e-01
-6.514559043171620489e-01 1.864438626475177774e-01 -2.961083828688929748e-03 -6.381874532083757490e-02 3.493672978670003260e-01 -1.511407680704450474e-01 -7.090425534260809126e-01 5.011589121767831001e-01 -6.874587126132674086e-01 -6.628315894188838708e-01
2.464115373784902391e-02 -1.429402635108905917e-01 -2.944348489485565379e-02 3.211814209062162084e-01 -5.914412804590883921e-01 5.262912787996886221e-01 -2.594084455657468813e-01 -2.457287616658437521e-02 2.666271707718733674e-01 -1.210974320074002103e-01
1.728645662727993082e-01 -6.289543185648306389e-01 -8.216324382703974472e-01 -8.110281085989104466e-02 -3.118102065997396255e-01 -8.050026234398384162e-01 -6.727381874500021341e-01 -7.286955141252015045e-01 8.702601400381970720e-01 -5.196951346240284986e-01
3.953866052432344902e-01 5.026429490601519445e-01 -4.566300706703309981e-02 -2.755450112951337016e-01 4.593110330361776517e-01 -3.338220891061084994e-01 5.489553473945752993e-01 3.747886139332028965e-01 1.654062369993546389e-01 1.483754826202053623e-01
-3.352021847083835882e-01 2.904269265022162427e-01 -3.435467457986361717e-02 2.325553972484782628e-02 -7.142746504179382505e-01 -2.694084339417363583e-01 3.447968567559059339e-01 -6.855945804242307151e-01 4.008814936629112591e-01 6.965767120073778273e-04
-1.844356041495677223e-01 5.030315343562242747e-01 6.321208858715313683e-01 -4.929195028922378485e-02 -2.723848253920793105e-01 -5.858068666615496856e-01 -2.629132620157802469e-01 -4.382202188211979932e-01 5.567965362003607366e-01 3.927911445245478306e-01
-3.817219733185026609e-01 -5.582984405947585271e-01 8.737954893406439938e-01 6.528373587022696656e-01 5.181145769792152578e-01 -1.418057292095987187e-01 -6.830207089859650083e-01 -7.992508548296757553e-02 -5.872383625221679893e-01 -6.616828608190303829e-01
-6.970956754058357796e-02 -1.103022908026118215e-01 -7.177523572323445400e-01 3.464440370448875761e-01 -3.962063300702174939e-01 -6.329761140516972917e-01 8.304383371041602624e-01 -1.492540013740628613e-01 -1.395665608830938265e-01 3.521768214585419554e-01
-1.602940424572646683e-01 6.390541516042812509e-01 -5.275856689033088243e-01 -7.016197854000634226e-01 2.474341358169416527e-01 1.368977320584822688e-01 -4.204106989582740567e-02 2.519313640219820183e-01 3.267645010319070731e-01 2.806073384804471660e-01
3.307636027486169916e-01 6.738921426479994592e-01 -2.254790041411512957e-01 3.807955326289843567e-01 -6.773238656323546936e-01 -6.251403268884531128e-01 1.103674273218163693e-01 2.143937491088336589e-01 -1.082534282162733730e-01 -4.622624174206180769e-01
-2.197974226762378080e-02 3.151238027312492918e-01 3.599209986604132161e-01 3.191075908853101550e-01 5.365408235537898474e-01 -3.046068649058714661e-01 -3.915810287482925367e-01 -7.112875643459451447e-02 -5.828457022503610307e-01 -5.897802119860894032e-02
-3.660598657638189923e-01 6.127008359202470444e-01 2.568557445284196383e-01 4.658794551856710875e-01 4.382921051818750025e-01 -4.519523252024977289e-01 3.880410763331934021e-01 -2.945112179794907026e-01 7.444448413776026952e-01 -4.351320332493426313e-01
3.735793565799376548e-02 1.790213937778599093e-02 1.971928613324044899e-02 -1.700644108464240828e-02 -1.587902302957352324e-02 3.330142695073170372e-02 1.988021911708278203e-02 7.646679083038199209e-02 3.957464333473184126e-04 2.084476482523434093e-02
3.103958388931134516e-01 -1.136163083117098897e-02 5.129020878040402298e-02 -3.877184697878522379e-01 -5.888969475651218977e-01 2.995652872470153539e-03 -1.501732315675049778e-01 3.090511885627258426e-01 -1.622350971056412960e-01 -5.574305589021489871e-01
4.040863591017607170e-01 -5.785995498380394064e-01 -3.047293040694221689e-01 -7.398575894809378273e-01 -7.310816271881542816e-02 -7.400970955404914120e-01 -2.097132109376902975e-01 -6.651768615704447551e-01 -2.653323423497821673e-02 2.842728350861651876e-01
-2.253116395466068025e-02 -2.597325540027725088e-01 -1.489030887298025720e-02 -1.443375418759088868e-01 1.310183331236275950e-01 1.632005294871191892e-01 8.373256770733110421e-02 2.630568834962603852e-01 -7.408197406999118828e-02 1.635516573146711117e-01
1.437832393027918820e-01 2.786335195175543289e-01 -7.297840693743827545e-02 8.113951008622440064e-02 -8.554027527232446748e-02 3.083020303193378386e-01 -4.591981694588665452e-01 2.535208952796436654e-01 1.810740770043070547e-02 9.889241323047756604e-02
-4.185306628116357563e-01 -5.960685470989243034e-02 6.050182594446084083e-01 -6.619754313905164278e-02 -2.638218617978035363e-01 7.484713729757183076e-01 -3.268733718944313305e-01 -5.743620139084770759e-01 -4.228732675975594435e-01 5.296978615706043891e-01
5.910912880975467409e-01 -8.668260967041334364e-02 -2.639794075548709817e-01 6.789249041274139085e-01 -2.662257634176782850e-01 2.326391526616443384e-02 -7.890562375161235265e-01 1.489450831444881218e-01 -5.420390464245591344e-01 7.545358072971679597e-01
2.899234724915032424e-01 2.530760870000366980e-01 -6.244992794811134000e-03 1.694844021292047920e-01 -1.372835963957446670e-01 -4.483407634374737133e-02 5.193254983080503734e-02 1.079299664076936727e-01 1.445886657890967097e-01 2.216643860799348831e-01
-5.192868316082911440e-01 -8.602491610318093729e-01 1.470702159117413810e-01 6.045365963159410327e-01 -2.715598536847800282e-01 6.012845827814587985e-01 -8.480433286992127284e-01 -6.833416979240698741e-02 -6.956383065693934054e-01 6.413146893432797313e-01
-6.005241099599719495e-02 6.425348228165124465e-02 1.835010468128804029e-01 1.111487516168930406e-02 -2.771559596697913408e-01 -2.692116077502385574e-01 -3.219802300119262717e-01 6.523322939508006957e-02 -2.114473665702517324e-01 -1.681320366706127167e-01
2.242926979729656101e-01 -2.525201998855371444e-01 -4.580758460579373859e-01 -2.950020806820956576e-01 4.185032588850230995e-01 3.758638500790215664e-01 -1.951668708765420257e-01 -5.819234657645072639e-01 -5.416427021140896025e-01 5.228551047957521458e-01
3.258504738870879325e-01 -5.813507892839562263e-01 -3.545883513635463002e-02 -3.877242780759160290e-01 1.134412779152940282e-01 -3.432243173315649432e-01 -5.084867237000145757e-01 -7.131095294803871387e-02 -9.560143563324052449e-03 2.060463735762333437e-01
-1.666613003465285403e-01 -3.932974912084007957e-01 -1.130817706775121417e-01 1.343882693244308757e-01 1.415795449812575768e-01 2.974675814111334970e-01 3.446140543579418458e-01 3.063888835207944084e-01 2.114110291216937110e-01 -7.640390418410187082e-03
-8.804101248727668194e-01 4.494573657338207795e-01 9.535889499906573252e-02 7.486077259906420700e-01 -2.762954606486733855e-01 -3.244248560315859953e-01 -1.556121419475346157e-01 7.840954314955129734e-01 -5.265279984163762778e-02 1.439890396543699325e-01
-2.877304031776927173e-01 8.823067684612996564e-02 5.992437761341687930e-01 -4.257120819496601483e-01 2.136729058167370077e-01 8.488693850745732128e-01 2.035891057143656702e-01 -8.972751028955729471e-03 3.542495115147128448e-01 -4.323133435283590953e-01
2.839799336667543639e-02 2.258233571301269949e-01 -1.466747149840268438e-01 -3.095084440109163171e-01 3.358085867776272049e-01 -4.134092374688558835e-01 -1.824857101315858765e-01 2.328938519994078887e-02 -4.064166608999464358e-02 -2.546361412874794117e-01
1.929566547789628508e-02 -1.963321580875721506e-01 1.369317548337385670e-01 1.096532578419202354e-02 -6.042645135927553895e-02 -1.163426472030696518e-01 -7.185093731823928576e-02 3.216275531615150896e-02 -2.833321614616692297e-01 1.186732920122468560e-01
-2.911874267117414150e-01 7.781003329370397292e-01 9.208878974971611564e-01 -6.298314238388434960e-01 -1.056548401095370598e-01 -2.864546185582570459e-01 -3.105886366182786795e-01 -2.117806474622198343e-01 6.855200105559289270e-01 -4.373878105840337538e-01
-3.544296666583046651e-01 -4.411226251253946296e-01 -4.608603076902068052e-01 2.818247502457240650e-01 -2.380579934009358911e-01 7.261885231138412999e-01 -2.181301811816618585e-01 -5.266583910024106308e-01 8.167998958826760969e-02 4.617425511746539035e-01
-5.121031596344677306e-01 4.465229798878983525e-01 5.437800909504199032e-01 -3.216969966347280052e-01 -1.626033063247606103e-01 3.130104065088863963e-01 -3.184883480067198236e-01 2.334269116080630313e-01 -5.837822851153463555e-01 -7.193425233409892483e-01
-2.699478733093155225e-01 -4.938061141769377604e-01 -6.932153769166338186e-01 -4.642344579406094685e-01 4.125228960776655129e-01 -5.862054081130519956e-01 5.442995933833501276e-02 -3.521128080870947197e-01 -3.947868578713307763e-01 1.832140888683551627e-01
-6.608344228392477870e-02 -8.490680068075434628e-02 -3.296816028073406568e-01 2.461865815255240009e-01 8.916437463657472806e-03 -1.079020284470449120e-01 7.947380468919741647e-02 -8.863491318290428467e-02 1.523719623828241332e-01 -3.298295534436416210e-01
-2.971833101770986474e-01 1.767574851405264158e-01 1.902221414624455931e-01 -1.842813041444420208e-01 -6.241169109568069917e-01 5.794426502395576550e-01 -1.392043455526250362e-01 4.734589953595636502e-01 -1.894785605473515155e-01 -5.881200235913777163e-01
1.581422230262709838e-01 1.244647582773662220e-01 -7.245321253020289842e-02 2.627278249631545548e-01 1.247241899918537233e-01 2.442057735841881849e-01 8.257372857164294033e-02 8.038551929467202539e-03 -9.942421590995106917e-02 1.789280101032278414e-02
-5.770149605319782049e-01 -2.919793064610864408e-01 -4.656369695843786682e-01 6.380015608739572075e-01 -4.808816330756672253e-01 7.311547745651905128e-01 -3.504428036423262727e-01 -4.782401812835658239e-01 4.839691215591644946e-01 5.641263021544015155e-01
-5.457052955522248006e-01 -8.175684065381987053e-02 3.691915768781666163e-01 -2.362813545399894150e-03 8.353228627024673614e-01 -2.707909949372009906e-01 -2.426323497381278338e-01 5.974629636680086620e-01 -2.598021978836492774e-01 4.296384344628942364e-01
-2.743120372104585480e-01 -1.257105864592340805e-01 1.473192576712195889e-01 4.373622328015801773e-03 -1.501001670959039580e-01 -1.022503746288707105e-01 1.623870083389741814e-01 2.904982894891137632e-02 6.453207519650941415e-02 4.998603627053204400e-03
-1.710526660732989424e-01 2.769660067984227592e-01 1.849636499939253395e-03 1.754091185997639357e-01 3.169904044029527856e-01 6.757930131922779138e-02 -3.073973902587403551e-01 -2.062867848506381163e-01 -1.007799705605003648e-01 -1.769009373226385073e-01
-2.327487905239607538e-02 -1.404316719499778265e-01 -1.310679639984427963e-02 -2.226843910358632384e-01 1.223215763690715524e-01 2.031964417373712251e-01 -1.189150920300906661e-01 -3.971529078385204192e-01 -3.435415747505343176e-01 -6.590381425515203784e-01
5.504001805660968527e-01 -1.646810723423789147e-01 -5.545205807575876999e-01 -5.973099967709152303e-01 1.469783371186640930e-01 8.741625015820286837e-02 -5.676020441286344642e-01 -6.716124493922140393e-02 -6.582753192309541701e-01 5.510314786487923167e-01
4.700829162342065604e-01 -6.474231101543436173e-01 3.815871459260735676e-01 5.867274727065450168e-01 6.324081796954746926e-01 -2.982923788873469428e-01 4.052617350424797538e-01 1.647594707531856162e-01 -1.268021768720668276e-02 4.866821274953951337e-01
4.512843791702794150e-01 -4.661789418503445304e-01 -4.383908561645367685e-01 1.853399605526558080e-01 -1.478540833765158435e-01 -4.365294409533591602e-01 5.436245499539882342e-01 4.503440169179715458e-01 -1.411714321859151022e-01 1.192475377164826933e-01
2.046331742419688349e-01 7.963312621203486596e-01 5.056672197969835914e-01 6.046066612081434366e-01 7.216592239049954838e-01 -8.091815807395996707e-01 1.680992964151274416e-01 8.046657574275961622e-01 3.102587347074030055e-01 -8.806295501362274569e-01
3.587351469902606560e-01 -1.812749374809397018e-01 5.577866391306923050e-02 1.678455749796099461e-01 -2.362085204513628967e-01 5.614318540585033768e-01 -7.873484282495175901e-02 2.390826040419368470e-01 1.561258252508628541e-01 3.454797462297790611e-01
4.656043873817332091e-01 -5.981506280188862990e-01 5.918193983663395663e-01 -3.591921212801650332e-01 -1.966322139666706048e-01 -1.669969264136063059e-01 5.650577428801060176e-01 -4.776844679940402405e-01 3.490758519123151049e-01 -2.546619501084097514e-01
6.779476446415269031e-01 -2.561802159948981528e-01 -7.086344654280207767e-01 8.957081707636973533e-01 8.747453298839093228e-02 9.339379277505355237e-01 6.948502599944648139e-01 -2.710250149721856738e-01 -9.429131237757926165e-02 7.906878824975127618e-01
-2.335274066793885384e-01 6.270592416641618955e-03 2.631525711311674676e-02 -5.760369078536258236e-01 -4.670610150102234570e-01 -2.517579300494682815e-01 2.637989551849818648e-01 -4.380626444283477472e-01 -3.258882294849773653e-01 1.520759769757768221e-01
2.884500491042541262e-02 2.295049614102891850e-02 1.876732127943166531e-02 2.814380572627679308e-02 -2.303945315960524709e-02 4.502572725045036334e-02 -2.423848680416373566e-03 9.927096390471431067e-03 2.554748687033501012e-02 2.801661031453644285e-02
-1.241641940576814623e-01 -6.231329586925433706e-01 2.958439859120154392e-01 3.730327455020607946e-02 4.879032000580235118e-01 -4.605968156763179389e-01 2.365135037074790891e-01 -4.105283505523925069e-01 7.343210826040253991e-01 4.503767101365617198e-01
-4.968123847414592231e-01 6.709104984251912374e-01 -1.067461053163853285e-01 -1.727184877665852991e-01 4.811603461683125471e-01 5.297488339446254635e-01 2.626119004714284055e-01 4.741336120479022198e-01 -4.825799147754129548e-01 -4.083030941578748574e-01
-7.734691551759777239e-02 -5.131413661301568174e-01 6.834098640498091626e-02 -2.521714115102546838e-02 2.107391156300800206e-01 1.925749426946091469e-01 1.711585336991334749e-01 4.740628525830644646e-01 -3.612989583019070028e-01 4.078664338273206291e-01
-6.970777222569104481e-01 4.004530795461432868e-01 4.632419557786773279e-01 7.477275193109613749e-01 1.377569584015141957e-01 6.084824430272607332e-01 -1.991879640198216950e-01 -1.029478315316317977e-01 7.243522328495534124e-01 9.084693667346174784e-02
-1.560322173674972279e-01 6.475169190085905413e-01 -5.813526122051673184e-01 2.014600906587579732e-01 3.117303342205017813e-01 4.126110981031522740e-01 4.143579705488104059e-01 1.226384196048783126e-01 -4.412308615799796774e-02 -1.642675656857682520e-01
2.546254375529751271e-02 -9.988655539761954680e-03 6.041882594996276362e-02 4.739273453053047258e-02 -2.503695513944478868e-02 5.446147957725883809e-02 2.178662487338518111e-02 4.387535845590069539e-02 3.003929106127824905e-02 -3.774844988441681398e-02
-4.963565807303829680e-01 5.960894936999749927e-01 -4.910113060413053843e-01 -4.309337487482559417e-03 5.754802350487768781e-01 -7.540148306177896220e-01 -8.033090257143843393e-01 2.651486746736402278e-01 -3.415090272936125437e-01 -7.086816808696516645e-01
-2.593741719627186137e-01 -2.432011048651739060e-01 9.542577591346569632e-02 1.582654661870070978e-01 1.909525587810274316e-01 -5.009313979210416878e-01 1.305757636516402809e-01 6.590708381362037072e-01 2.666889244770852541e-01 -9.384368394240993894e-02
-5.519604965952672471e-01 2.047358512816608855e-01 -8.223230258177169905e-01 -3.410935580274295220e-01 -6.792238110142482244e-01 7.537750557639506799e-02 -8.402508490019557907e-01 -5.131393603577661944e-01 8.030832184071047264e-01 6.936047720225548829e-01
1.041275091666542529e-01 9.473585213106661129e-02 7.310398073610853420e-02 -3.111206470938807644e-01 5.724500579958784890e-02 -1.453375449925009277e-01 -8.558385841352064705e-02 -1.386288267063849056e-01 2.819868491771716085e-02 1.779184872457137195e-03
9.756978576563973826e-02 -2.362997625027897231e-01 3.029984756260304390e-01 4.545508590373382729e-01 -5.190712320663278811e-01 1.888184518033753923e-01 2.606715365005897733e-01 3.473556051664926370e-02 -5.384057795687321457e-01 -6.063005467254191094e-01
4.084573374181124650e-01 -2.131706416791489533e-01 3.480055914352713220e-01 -1.015099854913777307e-02 -2.725692171138416331e-01 -3.863500151431312757e-01 2.374737444533677466e-01 -4.972034043301496453e-01 -2.171809966120731572e-01 4.888129235863454825e-01
6.966392112078757526e-01 -4.817688236123671142e-01 4.826253621290460538e-01 8.254614274774906280e-01 6.215968218801289913e-01 -3.012606986499187858e-02 5.278689501871516310e-01 6.966510088345504448e-01 5.969860103106874316e-01 1.051459656528995756e-01
8.962774832868264374e-02 1.237860743617256315e-01 4.537995524289284432e-01 -1.585102184781996548e-01 2.072335834999908255e-01 -2.138116908014917605e-01 1.018669317385146184e-01 2.860984238963518167e-01 -4.021166815535245354e-01 -3.850649781979883501e-01
-3.812550307328874677e-01 1.364835778480029405e-01 4.055206063054621612e-01 -6.028233673410430260e-01 5.962147642195350095e-01 -1.436766745174585247e-01 7.524011573126211383e-01 -5.809786190249773830e-01 7.782401435718586113e-02 -4.514013140906749516e-02
1.693007948348297098e-01 -2.682506509391382465e-01 -4.885651653414294082e-01 1.804548277933842523e-02 4.215831839745678294e-02 -5.118240051305197186e-02 4.413016911587058777e-01 4.901445008399348269e-01 -6.966284800960041712e-02 -6.587760957162703823e-01
3.218459839879935780e-01 -6.395343218445314060e-01 -5.000488341021389616e-01 2.934075290403657596e-02 1.701439407634066647e-01 3.037512378941926161e-01 -2.639338496851549309e-01 2.145314177158783864e-01 -2.976560927604471329e-01 -4.247363999710452864e-01
-5.481134688291106061e-02 4.182110433924797754e-01 3.781606823404089490e-01 2.167479027537758951e-01 -9.037909298304452888e-02 2.439445571477178998e-01 -3.775765211510155317e-01 2.189715003057112475e-01 -9.959217881676739673e-03 -5.111702011818339830e-01
2.656635906284987581e-01 -1.993906400895009978e-01 -1.738868345053147801e-01 4.774144142403902724e-01 4.138787484693857710e-01 4.717298859874520800e-01 7.369128451381609102e-01 -9.221011307122334300e-02 -3.287371765996515149e-01 3.442090967121841372e-01
-5.489440281360516982e-01 -2.515590434221475769e-01 -5.888615269327474727e-02 -5.167880320461840787e-02 2.811718270874241643e-01 -3.037608864338069425e-01 1.366695021248358170e-02 -1.958630657160287392e-01 -3.103058814307717017e-01 2.564660548488146841e-01
-2.315958126116433868e-01 -1.700539234555802637e-01 -3.997777020519662217e-01 5.044278870413820837e-01 2.451616546768616012e-01 4.466008904882862174e-01 -2.955488913440020848e-01 -2.225189994745002675e-02 -1.171558442942300694e-02 9.351045853265687593e-04
2.466788548767061551e-01 2.362420311850143562e-01 1.946965318972801451e-01 -2.389186117846612278e-01 -4.023724912155021149e-01 -2.619356882654123031e-01 2.340960407185235792e-01 -3.615356340328248486e-01 3.936008054460438665e-01 7.111576451915613273e-02
-3.114337326691197106e-03 5.391964047235446866e-01 -4.471553266307509156e-01 4.828288787388108627e-01 6.602313548521931974e-01 1.827695082334317156e-01 3.124559646186267914e-01 2.779365576862025677e-01 -4.766218713603739277e-01 -6.562172831059014388e-01
3.255074468284503975e-01 -4.284768852090798941e-01 -4.942484977338048591e-01 -2.675868799762725070e-01 5.409913203975452722e-01 -8.131688701114926643e-02 1.965255417757044709e-02 5.951744179474945939e-01 3.011183438132906121e-01 -2.854651755272969993e-01
-9.608967231288610689e-02 3.307080107534290936e-01 -2.921874571202340287e-01 1.960015267738980660e-01 -5.489493237088036715e-01 -1.674580223442319882e-01 3.204507733667393277e-01 -2.857340723065298627e-01 7.208066797828281969e-01 5.050092923435092196e-01
-1.280288760053100994e-01 1.365387092857131279e-01 3.508542348961560253e-01 2.986001741136034560e-01 1.013875696736559751e-01 5.366267430251244752e-01 2.269233139926319920e-01 -8.383388194566675222e-02 1.476186702837460896e-01 3.845439241300356858e-01
