6.283596540571623201e-01 -7.920550167597758540e-01 -1.144848531232956212e-01 -6.188686802039286006e-01 3.212464823381975254e-01 -4.557614847767956223e-01 3.525803814408777215e-01 5.919125994421813308e-01 8.051447316838610258e-01 7.072241839140956943e-01
1.490663094559122048e-01 1.206293332942232344e-01 -3.862400073687523028e-01 4.045065399738078660e-01 3.950107397330375192e-01 -1.071983750559432624e-01 -2.523993951630954524e-01 -4.303502793990732767e-01 5.159677746529250930e-01 -2.688225887004467296e-01
2.781109280575392306e-01 4.413669231838116547e-01 -1.998825144945106866e-02 6.554399022563217603e-01 -5.667981745493604340e-01 -2.937209773689894998e-01 5.541493524850485963e-01 2.529328312317925542e-01 6.820008877356320554e-01 -2.660781283026050770e-01
1.705948616359014569e-01 -1.629513697487985080e-01 -3.453150537061126790e-02 -3.818904639381839189e-02 -1.334243815402119948e-01 -1.146600877845586897e-01 1.699603232403572306e-01 -1.379977629553752749e-01 1.247032549083888497e-01 -7.297843869981886222e-02
-6.188513779348016330e-03 -2.093923281354510141e-03 7.621609144560824445e-02 -8.280410413907413752e-03 8.072529772663490644e-02 2.745446103683507263e-02 1.296580487973718505e-02 6.219171032145454775e-02 1.113543984078101470e-02 4.223191282975008454e-02
-4.455975286906828092e-01 -7.467693969063353698e-01 -4.071917354129622052e-02 -7.938977958524016110e-01 7.015378378757484157e-01 -6.938734324476278914e-01 5.530686876720241063e-01 7.120701003575987675e-01 6.743358967497493639e-01 2.297139490462654643e-01
-4.784920022079817807e-03 1.704014822734222501e-01 7.524522669514709106e-02 8.981596460889985575e-03 -1.305995622281683026e-02 6.797084263124131970e-03 3.875891437396457306e-02 1.523827646487002467e-02 6.794573384834917684e-02 5.862418368147047885e-03
-5.348090633584137166e-01 6.800953284205396576e-01 8.247900481093749236e-02 6.852293129011703954e-01 2.255742671864572613e-01 -3.245032834747146877e-01 -3.837731230303436658e-01 3.201135991537254477e-01 -6.045843883079892178e-01 5.596310827383566000e-01
-6.964716471993261104e-02 5.905347059161388801e-01 5.498714514910673090e-01 -5.611618561866485999e-01 -2.797279908993665076e-01 3.685890298117444064e-01 -4.153199485134513869e-01 7.202914488148846051e-01 5.172606147179893421e-01 -1.893461380106344905e-01
6.488667689475456808e-03 -4.670361721896629757e-03 -7.148641472538672971e-03 2.468074866436788251e-02 1.002501867687492637e-01 5.395891277080645115e-02 1.802951876195340447e-02 4.521879737083105144e-02 2.869329316432521482e-02 1.415352562869798270e-02
-1.078117763176170661e-02 1.070898623911400588e-01 5.441187555862714992e-02 -5.711934638518541968e-02 2.079721589814521321e-01 2.192753821450370635e-02 -2.589925334199194573e-02 3.161241132340539533e-03 2.953660295739434297e-02 4.626579503885278749e-02
3.422654514465420239e-01 -3.188776749874574490e-01 5.953910464158507221e-01 1.864062194686103568e-01 -3.493791910715025872e-02 -2.090148575621152693e-01 5.402660978015106918e-01 5.067667783038671825e-01 -4.532640863974612411e-01 4.087011058016182252e-01
-4.215460236982009889e-01 -4.412564507783603429e-02 4.407987207314927880e-01 5.793232568055286524e-01 4.671762126630391032e-01 -4.562103240705969176e-01 2.075306948235027815e-01 -1.356949437920772494e-01 3.157669417876671214e-01 -1.274351345978603778e-01
4.146593966140983412e-01 2.020512777548495731e-01 -4.652980382714619334e-01 6.351896813560176103e-01 1.746371316177133259e-01 5.327586952596642667e-02 7.439808481246784622e-01 -1.598940222349515272e-01 4.119899469423927707e-01 2.886455657637269079e-01
3.105834772327521476e-01 -5.498159786378296054e-01 3.626737357586610755e-01 -2.360003559026323805e-01 2.916744343573357545e-01 -1.801044816018290418e-01 -4.541592712101936713e-01 -1.669737983900776435e-01 -2.013066002562848567e-01 -6.818998911669703622e-01
-2.588755724387303923e-03 1.635698993943663498e-02 5.728906842940679339e-02 1.768079897431852274e-02 1.019409347721276018e-02 4.425515656633375455e-02 5.742504150866081374e-05 8.848644545595047567e-03 1.430859383367655453e-02 3.889787021202675832e-02
-3.911854543641802850e-01 9.565933555452345305e-02 -5.295628964445354692e-01 -4.527684080010125900e-01 -1.340427478611046913e-02 1.899185282728441115e-01 -4.329549743654553806e-02 3.537465367296073193e-01 9.283019904870165595e-02 2.425147527370530576e-01
8.297674766016119863e-01 -5.337672743675418996e-01 -7.693720632456644282e-01 4.700892785089772485e-01 5.960015304549997062e-01 3.149311568940063588e-01 1.115673330735731661e-01 6.657051898542950541e-01 8.042207143058055507e-01 -4.411909281403747496e-01
1.333512434548762664e-03 4.155302864152775333e-02 -5.881246452500110689e-01 -4.764129698578541405e-01 -5.775505581260700350e-01 2.849126354888551482e-01 -3.635871994670742402e-01 6.715359267743289395e-01 6.695346957462031123e-02 1.281989315933140458e-02
-3.446545526195367998e-02 2.283457938491234573e-01 -1.296992582812016015e-01 6.167529503138782787e-02 1.883614668943860981e-01 -8.481324385557827139e-02 -1.877189807921642861e-01 1.257188477105532221e-01 1.355115562124320494e-01 5.622502760309515402e-02
-4.693012689535596901e-03 -5.385978911314961981e-02 -2.306435604841333697e-01 3.576608807123747846e-01 -4.005323433884281914e-01 -2.573598879005849910e-02 1.723647707604755441e-01 2.029596057181947966e-01 -2.992149967751659423e-01 1.681247184939074768e-01
2.724883090343141467e-01 -9.100590427660133763e-02 -2.116278093623729095e-01 3.978734274968873663e-01 2.611235286526848998e-01 1.623611089718152156e-01 2.046078464134324648e-01 -9.003499976860226961e-02 -1.237021773425775323e-01 -2.125866658471372295e-01
5.636004713661961485e-02 4.080603055486781705e-01 -1.910821961814905545e-01 1.676905042723274009e-01 2.486563117914258603e-01 1.272140861354384145e-01 9.969213529622915348e-02 -4.323741675734735918e-02 2.393055223967603951e-01 -6.878099527286914150e-02
5.222601175197886247e-01 1.115856091677913664e-01 8.166469973182269859e-01 -8.842763829283443178e-01 -3.956872782761892138e-01 8.720334739067121810e-02 7.580010226292783759e-01 -7.725768090974570734e-01 -2.092334691521542944e-01 -8.075050030181183391e-01
-6.267253882490716466e-01 1.823832281810409683e-01 1.301761626345998048e-02 -6.635116141827335223e-02 3.360655095521327684e-01 -1.326490610694864847e-01 -6.819472105585807631e-01 4.608798613668660948e-01 -6.513086496121606173e-01 -5.967571024802537094e-01
1.081784228675914013e-02 -2.562577233885833874e-02 -1.645709180645940281e-02 2.424195959563251734e-01 -4.819525707845464524e-01 4.116012836398095232e-01 -2.028235344940182427e-01 -2.457029625276695509e-02 2.151635903209395406e-01 -1.157813344451899124e-01
1.707879693483406180e-01 -6.254526646366698195e-01 -8.079660646765947085e-01 -8.181141887247826705e-02 -3.100833842060329859e-01 -7.991494321815523216e-01 -6.671882223924401334e-01 -7.253216673502098644e-01 8.636577149250523888e-01 -5.173544262435314511e-01
3.678524569680060585e-01 4.726323859624547707e-01 -4.058279431405215076e-02 -2.680756331854670660e-01 4.402225260408551555e-01 -2.746765660476969129e-01 5.123000305569248569e-01 3.509917182697778193e-01 1.542389319583449270e-01 1.383900749282069298e-01
-3.188652916253691405e-01 2.915865730434430980e-01 -3.593153801330681296e-02 3.167423652733941664e-02 -6.893630487257952355e-01 -2.354996954775714635e-01 3.318055281536724244e-01 -6.516838004147709196e-01 3.847884666937136378e-01 1.802930249570429324e-04
-1.711537802986967949e-01 4.737793189684267881e-01 6.115791746952224939e-01 -7.260910901389341920e-02 -2.086881737358204369e-01 -5.377405469168848873e-01 -2.581901873498624322e-01 -4.048255604020142284e-01 5.172347175038937150e-01 3.557450241943898583e-01
-3.800582677144614951e-01 -5.380673018292824183e-01 8.693276028909061592e-01 6.502441678221152488e-01 5.094534121561221651e-01 -1.410149223512735805e-01 -6.750962482450030278e-01 -8.356805078486152782e-02 -5.766939463305704727e-01 -6.629883808609989826e-01
-6.676235505304538298e-02 -1.096526817185208141e-01 -6.906403814563746302e-01 3.334234697634499422e-01 -3.807151263564743093e-01 -5.772045056896382142e-01 7.961903992865749791e-01 -1.526294087307969727e-01 -1.317384970080657802e-01 3.556449734021885356e-01
-1.491690904272506002e-01 6.060923370050229630e-01 -4.882157262106418538e-01 -6.685213440900935611e-01 2.554836428678753935e-01 1.322984514878983719e-01 -4.378580230412326690e-02 2.575096075920095262e-01 3.158117083025604455e-01 2.471345599195054754e-01
3.089333368567460103e-01 6.332677182779560265e-01 -2.221850062938295067e-01 3.523767717889044193e-01 -6.096164893468600798e-01 -5.776961244065994538e-01 1.097525811384992694e-01 1.921680384232806738e-01 -1.169512620051520735e-01 -4.400036452760169303e-01
-3.429774045434937774e-02 3.185872707119206670e-01 3.509137087862394533e-01 3.131563215754360474e-01 5.173555814040782241e-01 -2.780918429807200942e-01 -3.698661284311710040e-01 -5.294464012910970324e-02 -5.640408796229166022e-01 -6.193555525498421060e-02
-3.531895474065142038e-01 5.881008545682303579e-01 2.762739094365035952e-01 4.285448043503105597e-01 3.994040421911430050e-01 -4.528524779368226505e-01 3.554084172250527307e-01 -2.590910445828084052e-01 7.156433611577264209e-01 -4.222419950752816509e-01
1.069300813456468824e-01 4.117322476178485874e-02 3.519858746463845611e-02 8.949806837356298270e-03 -6.068510384163279363e-03 -1.255526423316448946e-02 5.011927932917427560e-04 1.864156581124866707e-01 -1.331473241184875922e-02 -2.520215314599797730e-03
1.275904864438927588e-01 -2.913245830725261568e-02 -8.457159868294450780e-03 -1.579186159427228286e-01 -2.013683030925058903e-01 -1.345723923349058382e-02 -5.110510002482147873e-02 8.491014880984769364e-02 -1.103859687277085194e-01 -2.644858355690179463e-01
3.825508876276923487e-01 -5.487128045947502475e-01 -2.850848433625774447e-01 -7.031575998629751023e-01 -6.882512842148763577e-02 -6.935547719537747957e-01 -2.038574106626188098e-01 -6.342813054397855588e-01 -2.093951523634681941e-02 3.139222356648284640e-01
3.241246889880266407e-02 -7.209246071638769626e-02 -6.274232083580179482e-03 -1.609337399301039463e-03 1.721302263212022843e-01 -5.018633827128257154e-03 6.866309689729897803e-02 5.744652383690294906e-02 -1.635526042830721255e-02 5.909587750476625462e-02
1.125272178854586913e-01 2.480766594319833707e-01 -3.175652195970792013e-02 1.198837797539544364e-01 -4.148802890773145569e-02 1.568954161565966898e-01 -2.694965007462691298e-01 1.763053698910956868e-01 -4.810575317797115974e-03 7.294201994187364535e-02
-3.813143141654309343e-01 -4.022764674068967511e-02 5.793393211480895033e-01 -5.092241439048101476e-02 -2.527446075153452765e-01 7.105401604886920630e-01 -3.182075577506431885e-01 -5.164527848089961459e-01 -4.077330840082624142e-01 5.444147937517445079e-01
5.803737623389846334e-01 -7.555126589886815291e-02 -2.596653577589275730e-01 6.618596514556510657e-01 -2.619449968934748352e-01 2.617188091096638372e-02 -7.756102777708838714e-01 1.503453614903067781e-01 -5.354976101845546621e-01 7.418690085274203261e-01
2.434523060896328639e-01 1.647063391098070595e-01 1.162539727771644271e-02 1.131444197559588055e-01 -7.023651342888678761e-02 8.217227460559586860e-02 4.774525967038968643e-02 4.878226521792138753e-02 1.124375433689994430e-01 1.345125296824282446e-01
-5.198232021778529388e-01 -8.462679224622424723e-01 1.552753771703292707e-01 6.036125863837371597e-01 -2.753183668049555832e-01 5.896680741963021832e-01 -8.403396495332923211e-01 -6.968280572398684314e-02 -6.876803660775014926e-01 6.391896268330679032e-01
6.453941850515901128e-03 5.139093818349450664e-03 2.571149473669894631e-02 -2.243970854287066427e-02 4.210724644540218831e-02 4.876002361800137880e-02 -2.915566788402769796e-02 3.407554691682234543e-02 -5.316843277251903643e-02 -2.495091261014521430e-02
1.989463162673556496e-01 -2.350759183002417985e-01 -4.370319693885175716e-01 -2.992712436128100451e-01 4.346820290463437875e-01 3.654881363219081858e-01 -2.087793956267712248e-01 -5.303615392633506120e-01 -5.158385054542704573e-01 4.900356481985160828e-01
2.770580541059888824e-01 -5.061832489122433110e-01 -2.066672507971705972e-02 -3.369712583757886737e-01 9.769727030684703661e-02 -2.906805282465573792e-01 -3.888476942992221685e-01 -6.260039750999896180e-02 9.267812475005928960e-03 1.770195743801805943e-01
-1.079777964651066902e-01 -2.774456635712059249e-01 -7.587914317873345471e-02 6.700554291626543979e-02 1.801079658684623941e-01 2.081332545755563423e-01 2.281016175850845429e-01 1.886722605297178612e-01 1.178925250476417080e-01 8.499931984186009926e-02
-8.559968835441754686e-01 4.488534054251330230e-01 8.842125720513552278e-02 7.400683528837458391e-01 -2.688819176184139015e-01 -3.179247441203864044e-01 -1.515044146501919320e-01 7.619990533910222519e-01 -5.126671275360115271e-02 1.401271047335782005e-01
-2.414366431745979258e-01 8.391152095935403010e-02 5.651172163222106803e-01 -4.027818521574968447e-01 1.992308384775356433e-01 8.061855440363383529e-01 1.950696929461091245e-01 -7.678332674579207984e-03 3.365474547157025764e-01 -4.146404280305017731e-01
1.511216617349693406e-03 1.128791302663776086e-01 -4.144679600866404967e-02 -9.849046038650523249e-02 1.230871318393404051e-01 -1.551049755854994605e-01 7.986877884711975073e-02 1.396331016258211925e-02 -5.104380933394870451e-03 -1.021220540389849163e-01
6.538148616845788907e-02 1.486906004192794541e-02 1.927563827051262391e-01 -1.768930693787689606e-02 -2.581859718289029187e-02 -4.202567603447559391e-02 7.539062371789652037e-04 2.939636177532052932e-02 -1.132876627944922887e-01 2.449708322031405802e-02
-2.853310333939389487e-01 7.634692390218363878e-01 9.145861147226683752e-01 -6.205360543012514718e-01 -1.044681461458913801e-01 -2.500456661372805756e-01 -3.176219433939750925e-01 -2.264323176184999675e-01 6.800889459883089350e-01 -3.981156757465382223e-01
-3.379883183476405373e-01 -4.366750153967389192e-01 -4.448900695152354645e-01 2.741288098208224389e-01 -2.328303671133027664e-01 7.280572777016178776e-01 -2.084782087978298837e-01 -5.145351658050113519e-01 7.496662933654020533e-02 4.381428215992334563e-01
-5.075771380489618734e-01 4.419394757161838050e-01 5.393828442123259626e-01 -3.210216997501778025e-01 -1.557281055668402747e-01 3.177613841752334745e-01 -3.198814347415050441e-01 2.311763280850392954e-01 -5.809864073174766386e-01 -7.118936515439157064e-01
-2.341824051334417955e-01 -4.524744523806077945e-01 -6.237284928213616686e-01 -3.846338237263688953e-01 3.784949041350637589e-01 -5.359729373241755024e-01 4.729777788377108327e-02 -3.166877848848001498e-01 -3.662029566300344374e-01 1.460857711484586929e-01
9.280453512451572462e-02 -4.009429287010094628e-02 -2.335857713910053923e-01 1.633396839424564317e-01 3.121924177117526081e-02 -9.287894849605352054e-02 6.489786504412091428e-02 7.057390672785329375e-03 9.363081231438380447e-02 -2.119237358124633763e-01
-2.551490291204381866e-01 1.630472744943621821e-01 1.974106409999888956e-01 -1.458012676814920416e-01 -5.749476045291932458e-01 5.612137513796946475e-01 -1.229768031620145641e-01 4.370131160259904113e-01 -1.762149653904780122e-01 -5.474670992448245066e-01
8.132710766358987320e-02 2.739609098564114303e-02 1.857711419229024497e-02 6.473109344276624377e-02 1.064108189656618048e-01 -1.593977433193661825e-03 1.004332789814801549e-02 1.471064009195108269e-02 -3.901461424345675517e-03 3.773444515682547809e-03
-5.654033588713524017e-01 -2.822997053904898745e-01 -4.564147793955953269e-01 6.323040880014769716e-01 -4.835698478878160955e-01 6.921908887549063083e-01 -3.441827347863155029e-01 -4.575549937090273578e-01 4.820900033216074521e-01 5.608740435806264246e-01
-5.398660716330300202e-01 -7.969666407212513959e-02 3.621491097905591983e-01 -4.037346524891756612e-03 8.202632924101861400e-01 -2.675080504218196875e-01 -2.276791515715892444e-01 5.788695819420694999e-01 -2.556399446193192704e-01 4.227847133984857231e-01
-5.210856158564446117e-02 -3.203067309161334447e-02 3.936813614841466052e-02 5.494698622061984505e-02 8.957510014880655860e-03 4.657521830819194575e-02 2.930086987321406725e-02 -1.214932857058496907e-02 5.079113793747581235e-03 1.193616027808761665e-01
-9.552364261701237758e-02 2.365189376934339338e-01 -1.783759004029908043e-02 7.234090826914787997e-02 1.669174655375423311e-01 4.534561499517724553e-02 -1.430453143488162049e-01 -1.377775607495310695e-01 -4.718737790724674558e-02 -6.784436129259976966e-02
1.184196455883554204e-02 -7.049787999741130573e-02 1.664579688706434649e-02 -1.686074945593032948e-01 9.416891476659079718e-02 7.047293390168207772e-02 -8.429230861821010445e-02 -2.358717441187328789e-01 -2.742015321850463927e-01 -5.377141406747453223e-01
5.190326535980620548e-01 -1.062354221131159848e-01 -5.272914965274767551e-01 -5.611090238556625254e-01 1.235642314205072367e-01 8.655576296761031962e-02 -5.138064248622105090e-01 -6.783924537127752896e-02 -6.206184799584175682e-01 5.115710644128153017e-01
4.613297220228880779e-01 -6.363956514387049124e-01 3.783316932375563324e-01 5.747499902709806152e-01 6.293534724133983405e-01 -3.052890516947042721e-01 4.009202226610226183e-01 1.716350182625998033e-01 -1.269162413127675366e-02 4.826255952577956920e-01
4.202163970098272139e-01 -4.468371543865252149e-01 -3.807922069645932606e-01 1.664630412669089454e-01 -1.395475258093464010e-01 -4.138954079730119973e-01 5.038705495194756301e-01 4.231888376804769369e-01 -1.276189516064279161e-01 1.121456709034851645e-01
2.125820415414404752e-01 7.906207600467018981e-01 5.095673300195071587e-01 6.025118618485811872e-01 7.222737893186251812e-01 -8.031504300759133574e-01 1.674390876923820826e-01 7.928688551108132865e-01 3.089495359496274851e-01 -8.702827180595354983e-01
2.754772234823714139e-01 -1.145267746502584283e-01 5.385290881049600159e-02 1.354433787023383295e-01 -2.035641016919067237e-01 3.571227495966226573e-01 -3.200606096691693825e-02 2.386699911493271042e-01 1.392744587259706623e-01 3.462135941819853291e-01
4.324266919945138898e-01 -5.397998453639403227e-01 5.566653276651887250e-01 -3.536948818102013670e-01 -1.768288961416856209e-01 -1.598855011620139710e-01 5.555775678299099685e-01 -4.461955889763680738e-01 3.265749938787037565e-01 -2.324834759664810291e-01
6.766387347234890104e-01 -2.550036001543870556e-01 -7.074584532560286299e-01 8.932583712407800025e-01 8.626010642852723065e-02 9.341072077569158028e-01 6.929450204352914922e-01 -2.708447988666320971e-01 -9.290677505436950590e-02 7.890342439403916774e-01
-2.181315957871158007e-01 6.929513818619686787e-03 6.278743246984916371e-02 -5.221516564073358513e-01 -4.271159535050426670e-01 -2.358131572443679935e-01 2.176727760731670958e-01 -4.065534388220183315e-01 -2.963249491981226336e-01 1.432463111890659724e-01
4.245196371836093725e-03 4.274363345903389733e-02 1.322913796898364004e-02 8.039305468856544623e-02 1.829360852851491612e-03 6.923935448618764865e-02 3.864534237182800074e-04 4.566468832666321226e-02 1.112757217650052650e-02 1.885628400057569667e-02
-1.263148647562256088e-01 -6.033158639540033841e-01 2.759266380973755539e-01 3.306458113012065991e-02 4.913123768174352812e-01 -4.561208440003059472e-01 2.468117601155938590e-01 -3.980918114321327361e-01 7.146400287441984078e-01 4.418872171120445946e-01
-4.828904422395824958e-01 6.740421607818364302e-01 -1.038595129839132852e-01 -1.631032426584675676e-01 4.558315628670877584e-01 5.138265419265540812e-01 2.683693234449339715e-01 4.597068890032047217e-01 -4.631510476870291382e-01 -3.978053583406204186e-01
-6.559844950877291581e-02 -4.148755931225859284e-01 5.517710525778893316e-02 -5.755100684374657438e-02 1.552199429028605360e-01 1.766270593319110849e-01 1.130441681323379050e-01 4.101129161460831951e-01 -2.730161634159905537e-01 3.256927193436865986e-01
-6.774081375578121511e-01 3.952192059852842609e-01 4.481596310162838659e-01 7.199339879519442986e-01 1.306636860092928731e-01 5.890263111867106716e-01 -1.913515067806448311e-01 -8.464278657785587190e-02 7.054234017843484805e-01 9.196905380303679878e-02
-1.490485254227252587e-01 6.238961694469921104e-01 -5.614556503367820195e-01 1.915017162334935186e-01 3.063105005375080792e-01 4.257852208985246634e-01 4.000029725504096745e-01 1.154999724165355068e-01 -4.286815279686456703e-02 -1.581335132008893363e-01
1.148213321598416138e-02 -5.444847302491738310e-03 2.761740271380707171e-02 5.837673935035921774e-02 6.887902064676010294e-02 2.457374597302870028e-02 5.960702938538281828e-03 9.402967510911364180e-02 4.009688649758962053e-02 4.527487705317079225e-02
-4.907737972804550597e-01 5.992567929693338735e-01 -4.900923673822681903e-01 -5.605051759134835505e-03 5.723016263084456101e-01 -7.475737445369401435e-01 -7.993189534584724809e-01 2.622290835886288418e-01 -3.389334813641474708e-01 -7.029608125056906465e-01
-2.124616735743216078e-01 -1.594057797608158522e-01 8.048764333556512884e-02 1.389170673670500344e-01 1.415819111992133172e-01 -4.140888568278755510e-01 1.108805615832741953e-01 5.752044946615407772e-01 2.058342029734561429e-01 -8.248437677153776237e-02
-5.440149544283885419e-01 1.968479852297355392e-01 -8.098243129378634997e-01 -3.331177710299099703e-01 -6.752643530853427167e-01 7.868809702476405044e-02 -8.324414179442278794e-01 -5.071726433349518226e-01 8.001172832956889858e-01 6.871819871186503059e-01
5.086707863772239879e-02 2.954824518148558080e-02 7.816561549651245000e-02 -4.528110952706190101e-02 1.728451777868952877e-02 2.425637463946633821e-02 3.711086686934751688e-02 3.357192532731353984e-02 -1.861385268798771558e-03 1.037250861009297517e-02
7.483660122746155219e-02 -2.047885744871309477e-01 2.925051031394744205e-01 4.337368629248322671e-01 -4.833042604949737142e-01 1.854941673274362046e-01 2.249546699786960369e-01 3.710784945022778392e-02 -4.944855351245443509e-01 -5.558248157854569493e-01
2.161628095618363388e-01 -1.163294467808834165e-01 2.182259709693971650e-01 -2.821409650167952532e-02 -1.947585946860661554e-01 -2.276768497003592850e-01 2.265720399555744557e-01 -2.473651233846147768e-01 -1.127874054930362163e-01 2.857849240338258268e-01
6.965879480417451752e-01 -4.800382341741759595e-01 4.768132540220786919e-01 8.245669880253062578e-01 6.134359756039753364e-01 -3.285972110559589460e-02 5.271067873784890390e-01 6.936988941329744751e-01 5.925099170651823011e-01 1.054216473386428848e-01
9.660711662028578783e-02 1.150976927877856437e-01 4.727971307276354618e-01 -1.432972066233488273e-01 1.862015198842145169e-01 -1.967958604377154086e-01 8.844266100552847232e-02 2.648600517283338784e-01 -3.721716124898204470e-01 -3.559575904700642002e-01
-3.568865558200742250e-01 1.337317213083737411e-01 3.852071343872428000e-01 -5.816084423062658493e-01 5.703632779269707243e-01 -1.209449616067929667e-01 7.210872314885296008e-01 -5.607914437717973488e-01 7.488354249222921311e-02 -4.131664786449752713e-02
1.559047266847255198e-01 -2.157304137119167298e-01 -4.115333344846955899e-01 1.374308714829198218e-02 5.159346188787417714e-02 2.593383685699849478e-02 3.753494566215911377e-01 3.811302032818752461e-01 -2.842524962610222528e-02 -4.859075038592796658e-01
3.044820732897753901e-01 -6.140551057685494918e-01 -4.693269386898447082e-01 3.028752405481828155e-02 1.541922720196363394e-01 2.916209317971295567e-01 -2.633940728454075009e-01 1.999388246638871824e-01 -2.638660936197302909e-01 -4.028061597346822564e-01
-3.664814956679464386e-02 3.772137240707286177e-01 3.172871035069644852e-01 1.813663086788205869e-01 -5.202836483015759600e-02 2.234221068061419957e-01 -3.225121305860556009e-01 1.835268480992310602e-01 -6.033909885541140911e-04 -4.147699982307315181e-01
2.501762864283842980e-01 -1.879810348946832077e-01 -1.564213351136786445e-01 4.515811032957992577e-01 3.867158202749151341e-01 4.683032671731151564e-01 6.909272310372516213e-01 -9.454324078613554616e-02 -2.894342022555626559e-01 3.422397246605567989e-01
-5.097278542083578667e-01 -2.122796154469285546e-01 -5.541762501325035728e-02 -7.487748824623610515e-03 2.647175576135665787e-01 -2.325247739425941040e-01 4.198502719042680222e-03 -1.829725703057563380e-01 -2.864454491938583369e-01 2.376140886830226673e-01
-1.468375365596176763e-01 -6.355409309684818819e-02 -2.206581216231159048e-01 2.075353026686923563e-01 1.653055679583254334e-01 2.517031506344540315e-01 -6.894182018347808083e-02 5.370555932116741898e-02 -1.009836089012870492e-03 -3.296930120589833951e-02
2.114705765057234010e-01 2.418013765275095484e-01 1.716786309339633498e-01 -2.139174085392762659e-01 -3.638095832461760715e-01 -2.423315653961413407e-01 2.363755399621389197e-01 -3.109181550440108244e-01 3.497260815614586238e-01 6.464295929831707921e-02
-1.972653665775352837e-05 5.349325166669521847e-01 -4.410902559082063856e-01 4.749722701316556051e-01 6.461922278936714781e-01 1.768957707921189337e-01 3.234168196228838221e-01 2.757490936125323588e-01 -4.688968091971368879e-01 -6.461574414196650240e-01
2.806605732801838449e-01 -3.695739544278647259e-01 -3.888301216601506294e-01 -2.316106604439037431e-01 4.688503422377158780e-01 -4.424114870962435331e-02 2.084294532660797492e-02 5.151183272668550250e-01 2.607770285708842506e-01 -2.429254159322243589e-01
-6.669741616927843397e-02 2.963797289232642518e-01 -2.509443119476603146e-01 1.817812848276516013e-01 -5.117481068722319337e-01 -1.679928522790831991e-01 3.094080442397740272e-01 -2.793371321494447779e-01 6.670312520119019428e-01 4.497859491407791843e-01
-1.262457128375187032e-02 9.422357029714469034e-02 2.124263867064677680e-01 2.059834621664416998e-01 8.900623070340614451e-02 3.557400937328783486e-01 1.689162968185051739e-01 -1.086260088177429528e-01 8.706812016620996131e-02 2.547041938383010073e-01
