6.286777533083433012e-01 -7.935101256815104698e-01 -1.145739704087565258e-01 -6.192361094214479111e-01 3.216934559862383303e-01 -4.557320602086959438e-01 3.521321594615001715e-01 5.920854956893715215e-01 8.047513622915505316e-01 7.074320906091648986e-01
1.492519645809048390e-01 1.205752425551969848e-01 -3.873412822503187192e-01 4.043355112510907401e-01 3.952814511431232414e-01 -1.074553704210016308e-01 -2.523092619390369662e-01 -4.309513801776072017e-01 5.161209618418393097e-01 -2.686021084817351579e-01
2.784850801269526110e-01 4.414883556165274947e-01 -2.004542575529768764e-02 6.557837627986240481e-01 -5.670829544349014206e-01 -2.936564714715194646e-01 5.546696987146727542e-01 2.519301411345110653e-01 6.816362120732528673e-01 -2.657710446620576983e-01
1.623717441277606477e-01 -1.829380542142028665e-01 -4.853186043417620499e-02 -5.141474246969837680e-02 -1.464781811905053743e-01 -1.483543363058275333e-01 1.969550332848994667e-01 -1.606682825525826419e-01 1.426176922255235902e-01 -8.518450323933356161e-02
-3.140392811439007229e-03 -1.189336800593589726e-03 6.869888041043328841e-02 -5.261407229705966984e-03 8.766175496943064138e-02 8.454717559537390861e-03 1.822617981354509101e-02 6.248965872409283084e-02 6.782837534032919342e-03 3.971052816055222617e-02
-4.455894360443229396e-01 -7.468739452170480853e-01 -4.071432487019610580e-02 -7.938361706097085690e-01 7.015904539483812652e-01 -6.938086938932855885e-01 5.530882873188943671e-01 7.119148983683258880e-01 6.743718376454412855e-01 2.297349667494109071e-01
-5.369054833384311921e-03 1.699355453977831054e-01 5.967664936004734438e-02 3.145387331647231735e-03 -1.170274929340050021e-02 1.107614439152013186e-02 3.756192505871128184e-02 1.096098203782506011e-02 5.542213182217787387e-02 5.473196321816287645e-03
-5.348396583384684710e-01 6.801585995237586779e-01 8.187891429612956240e-02 6.853090637058001366e-01 2.256405812187949333e-01 -3.245148894267305684e-01 -3.837993258233861615e-01 3.201562552446387544e-01 -6.046269058841571287e-01 5.596867635778692840e-01
-7.003657037780589012e-02 5.909463133194780005e-01 5.496224872543971074e-01 -5.608769635154784439e-01 -2.789792562503782825e-01 3.698064596675042504e-01 -4.173492052865306889e-01 7.205843910095807159e-01 5.173756406527513230e-01 -1.902374384265407836e-01
7.927477500452057013e-03 -2.837324291726962041e-03 -6.234534185456865919e-03 2.554393684203063938e-02 8.229660310276458446e-02 4.856571457951338461e-02 1.146361001215875398e-02 3.788059897751765853e-02 2.904241695943180976e-02 1.758405850331827905e-02
-1.533341637137139099e-02 9.638063745097470714e-02 6.434111144183896069e-02 -7.156937192486795274e-02 2.204085406786753798e-01 9.870411930138897269e-03 -2.786037616835578337e-02 -4.348825217868361979e-03 2.808820424334423568e-02 4.933955513959727146e-02
3.422728120833711807e-01 -3.188845326552370851e-01 5.950231628488609203e-01 1.864102282532492938e-01 -3.493867046938393950e-02 -2.090193525599361724e-01 5.402777165685238581e-01 5.067776766466486338e-01 -4.532738341307295249e-01 4.087098951795666291e-01
-4.219729380407403196e-01 -4.394350795811242244e-02 4.414341173559755971e-01 5.800940639520775211e-01 4.667118335871745516e-01 -4.585241278134062903e-01 2.075497723657603044e-01 -1.355632729555570348e-01 3.159617570234419803e-01 -1.277313136219451473e-01
4.148126701052329279e-01 2.012235637084322515e-01 -4.657155172563326451e-01 6.361197049183898722e-01 1.753436844754285850e-01 5.433611307212444369e-02 7.430066603083169685e-01 -1.599822385480478559e-01 4.121169192144643056e-01 2.873487783041788202e-01
3.104486431038915306e-01 -5.497104498353229118e-01 3.602593721497325263e-01 -2.361670510274022639e-01 2.911786725711450474e-01 -1.803308414472435395e-01 -4.544708050427894719e-01 -1.668747123779447672e-01 -2.011011274325127107e-01 -6.827200570580033157e-01
-5.597875195594600832e-03 1.181548355445052011e-02 5.347855943030208059e-02 1.515883659719948102e-02 1.294443694002945372e-02 3.964368373438829224e-02 4.787963041767297201e-03 -6.270480605612529026e-04 2.420214316605880100e-02 3.823196436198456755e-02
-4.058569669330473473e-01 9.859000354964134183e-02 -5.431249316749335865e-01 -4.656779108598191885e-01 -1.342978143201317698e-02 1.973978139595285453e-01 -4.039539863104124606e-02 3.591424214527788594e-01 9.816375627717041641e-02 2.459984134685358204e-01
8.297675577209420172e-01 -5.337673265494422559e-01 -7.693721384606472258e-01 4.700893244656197401e-01 5.959759709856229382e-01 3.149311876821549450e-01 1.115673439805652256e-01 6.657052549346466064e-01 8.042207929276452560e-01 -4.411909712718705689e-01
1.405319245008967034e-03 4.166532837340859718e-02 -5.887095861897171378e-01 -4.766376138356297476e-01 -5.778250004425992126e-01 2.850798759905921465e-01 -3.637656937281914526e-01 6.701593277315771591e-01 6.701686998203630619e-02 1.281737556519573981e-02
-4.439880651351209989e-02 2.396911879504391996e-01 -1.347752937673423190e-01 6.312151261495632659e-02 1.928590038317367916e-01 -8.800179952899557512e-02 -1.991455804743375857e-01 1.357344256432428120e-01 1.434288141006852257e-01 4.623959710806522377e-02
-1.828132477622472496e-03 -5.336270437673382161e-02 -2.355300093381024473e-01 3.633418719038923328e-01 -4.069999851768135168e-01 -2.559253486442252326e-02 1.777528952233388138e-01 1.939721960144309698e-01 -3.055874112299244438e-01 1.751089930906140346e-01
2.757670864574255920e-01 -9.222934386104109095e-02 -2.258767462027289341e-01 4.017549446167484883e-01 2.648927203279033415e-01 1.641467774872736873e-01 2.088334696795143830e-01 -8.922311952650203992e-02 -1.254257845317007514e-01 -2.127671517407010437e-01
5.835512837346957388e-02 4.173024022305520386e-01 -2.025148637543429941e-01 1.716562693386585181e-01 2.543859487170169742e-01 1.303551000395228865e-01 1.018629755828431988e-01 -5.432448056639518214e-02 2.444876099136821246e-01 -7.010559335503087353e-02
5.222851184393033641e-01 1.115504110701805857e-01 8.166456750764942152e-01 -8.842800029964784647e-01 -3.956422721577848578e-01 8.721766746841591589e-02 7.580180866801822237e-01 -7.725557863753699239e-01 -2.095617589089179278e-01 -8.076150270135216136e-01
-6.268534979863565892e-01 1.826879831227417039e-01 1.283435390911127905e-02 -6.592390439369796851e-02 3.363282592344936650e-01 -1.343076297587436907e-01 -6.822506021962764233e-01 4.618974802444409944e-01 -6.515774387559949421e-01 -5.983333631045817391e-01
1.114037319397236624e-02 -3.526600571675705259e-02 -1.627924893257400030e-02 2.457722670314024527e-01 -4.862080656696076142e-01 4.180726695077158772e-01 -2.051370207265049983e-01 -2.444865013957405950e-02 2.181609891200689266e-01 -1.161634765310374379e-01
1.708395665984243084e-01 -6.254825221241989697e-01 -8.086828998206659902e-01 -8.176948974426606620e-02 -3.101062160318673877e-01 -7.991541082252228145e-01 -6.672654681034891899e-01 -7.253781701606375476e-01 8.637873709057609650e-01 -5.173275962361386648e-01
3.680806988755374043e-01 4.728825910275606947e-01 -4.056490182790978283e-02 -2.681731934803111006e-01 4.398835328276579637e-01 -2.764068642099081763e-01 5.127162918799385016e-01 3.513049909258973980e-01 1.544222219665818130e-01 1.384698159206834145e-01
-3.188825696377474705e-01 2.903806224580878226e-01 -3.572261729070182884e-02 3.138973066424650959e-02 -6.897581495092297565e-01 -2.377407020492852685e-01 3.305187084993508884e-01 -6.524056777705821153e-01 3.853312288842166144e-01 5.403038808809881681e-04
-1.716568101429729876e-01 4.753101901983294852e-01 6.129279006205927693e-01 -7.139007463430800671e-02 -2.138131035383286360e-01 -5.387385132028773560e-01 -2.583229142377846399e-01 -4.084148507832416897e-01 5.184140672459585097e-01 3.584764338587640431e-01
-3.799004276967233307e-01 -5.403087252073067726e-01 8.693624388266056879e-01 6.499864052807303727e-01 5.101432280719043755e-01 -1.409205971407472835e-01 -6.758175452954553464e-01 -8.338256472696044252e-02 -5.776291529555847015e-01 -6.629696430948015529e-01
-6.657478442575875954e-02 -1.097454041561490290e-01 -6.912593324342117818e-01 3.337822276294239443e-01 -3.806869853364299727e-01 -5.788449726304242260e-01 7.971318591666920472e-01 -1.520584906899916933e-01 -1.319573674996609436e-01 3.548402295299795672e-01
-1.488539886725242511e-01 6.065461518231002325e-01 -4.887082047770027748e-01 -6.683612492767315727e-01 2.550464034624642107e-01 1.321472394975805043e-01 -4.309881366496878807e-02 2.548827944963555914e-01 3.152464343808107361e-01 2.483768091255558474e-01
3.093578508149219530e-01 6.340952337218618284e-01 -2.221649209104562817e-01 3.529115992629794363e-01 -6.125421983355090472e-01 -5.784437187424028570e-01 1.084512603664554015e-01 1.926431213970073719e-01 -1.167568498664884324e-01 -4.405048544801669075e-01
-3.420627177700748256e-02 3.173939795198066904e-01 3.511899170676697213e-01 3.132735298362111509e-01 5.175194025146395704e-01 -2.785418829067018986e-01 -3.701732942335586585e-01 -5.309262057788939615e-02 -5.641881953314584752e-01 -6.183742416509585560e-02
-3.528768556498106390e-01 5.891954933682235218e-01 2.752235941404602149e-01 4.288219110998098271e-01 4.009455599524765490e-01 -4.513839210373736810e-01 3.561081431683423837e-01 -2.610760637853962174e-01 7.172285808603678925e-01 -4.216301179775638341e-01
9.881472541279337496e-02 3.179251213797422426e-02 3.495906642412095061e-02 4.092223517967949649e-03 -8.056043971009323873e-03 -5.833844648027467980e-03 3.801969599442650127e-03 1.639694753627513324e-01 -7.206119074751161403e-03 6.222506273529349388e-03
1.465672788333574894e-01 -2.904974949719466362e-02 -4.317180369717133967e-03 -1.778116663332748038e-01 -2.434809011133640677e-01 -1.137893292799548386e-02 -5.824445307084971657e-02 1.018223150069624550e-01 -1.188969728338141879e-01 -2.926134688990639776e-01
3.828297318355264878e-01 -5.490283636751220886e-01 -2.856901865008682484e-01 -7.031137631190610415e-01 -6.882988448900224931e-02 -6.948318976793403934e-01 -2.032378507343220175e-01 -6.339161276667227840e-01 -2.116963843435088963e-02 3.118890118382720567e-01
2.656825051174372884e-02 -8.458036488902162531e-02 -9.079110098356221866e-04 -7.107089825630619889e-03 1.681644345611588709e-01 5.293753608431363451e-03 7.179415889863459410e-02 6.755665185278335316e-02 -2.261943850959375474e-02 7.520077723145382476e-02
1.129433876812443727e-01 2.500643223042500196e-01 -3.583612140999761081e-02 1.114823869270286372e-01 -4.281067687750395034e-02 1.684105915521976193e-01 -2.853343111096063867e-01 1.832194726476548685e-01 -3.079159361531920436e-03 7.197262441774246455e-02
-3.837812650787815194e-01 -4.036164444710604871e-02 5.795921576696543287e-01 -5.064590271753287298e-02 -2.529810566786409587e-01 7.116789529138694004e-01 -3.186848850147894763e-01 -5.178869177437274152e-01 -4.079730043669956840e-01 5.432795521129702987e-01
5.803853224768315000e-01 -7.590463031320202059e-02 -2.596679498431239685e-01 6.618739234434362073e-01 -2.619518991694020360e-01 2.617250291997505474e-02 -7.756248567007675287e-01 1.503489325481351946e-01 -5.355053211254591217e-01 7.418839882584522538e-01
2.490475833188471044e-01 1.705030697595597555e-01 8.846626234604814537e-03 1.154233798809662370e-01 -7.266559109963080521e-02 6.806151644200852946e-02 4.434776203389745319e-02 5.308332472570084087e-02 1.169387319613577891e-01 1.397111258698129632e-01
-5.197745183870684516e-01 -8.463475373822290093e-01 1.548281875989315215e-01 6.035681363490825735e-01 -2.752523263746068372e-01 5.896937008774867373e-01 -8.403573650981792653e-01 -6.960194615989995226e-02 -6.876847507691716821e-01 6.391916812011299021e-01
-1.900341637619235025e-03 1.369787202665521952e-02 3.487654740710480900e-02 -2.337930781951499254e-02 1.634904405743807521e-02 2.628184155201733485e-02 -5.455085613595870436e-02 4.294790395969717151e-02 -6.028724647536320980e-02 -4.125372148978534437e-02
2.003744846588942641e-01 -2.355648820856433012e-01 -4.377470212038667152e-01 -2.986627712525588008e-01 4.338599444676600747e-01 3.655439843763068630e-01 -2.073226748421965471e-01 -5.348327515924196085e-01 -5.175364582076268372e-01 4.924107707290657499e-01
2.793593839426206649e-01 -5.106203208428926610e-01 -2.082574363188461480e-02 -3.400328259897323901e-01 9.734107089732889351e-02 -2.936237898365862686e-01 -3.999835728960067782e-01 -6.384819669598322533e-02 9.718956826283603120e-03 1.787219783372658855e-01
-1.126167322018264000e-01 -2.889181973059016806e-01 -7.799085400654524880e-02 7.068779098003712125e-02 1.699575615851230959e-01 2.174230306692015724e-01 2.385100813338564829e-01 1.976924010415868627e-01 1.242198217773257951e-01 7.392201155306055149e-02
-8.560679833254547511e-01 4.486717033913665831e-01 8.848438688329007817e-02 7.395695927814421866e-01 -2.688889278703391339e-01 -3.178975891725819847e-01 -1.515134885054318925e-01 7.620613131767343118e-01 -5.125039214610446758e-02 1.401836043752005823e-01
-2.428930509128242876e-01 8.396626820353315923e-02 5.653104090372736978e-01 -4.029170483291987792e-01 1.993385754937065935e-01 8.064402155230885327e-01 1.951214040443564335e-01 -7.681558898962800690e-03 3.366598118340840551e-01 -4.147313648211276016e-01
-4.755301372803486838e-03 1.287192427806780892e-01 -5.136538548147959876e-02 -1.229466651478077210e-01 1.502158319743479853e-01 -1.723696608984079393e-01 4.583477696256118422e-02 2.389375143570223597e-02 -4.203434552254486749e-03 -1.255030698481233720e-01
7.161359636984540589e-02 4.001595770495218560e-04 1.769450445706681474e-01 -1.887965821691360568e-02 -3.211899907523599329e-02 -4.497814861430426275e-02 -1.019379677731009279e-02 2.673452363162337128e-02 -1.264039830784791374e-01 3.198772466934406838e-02
-2.856945270018064753e-01 7.655086663261684299e-01 9.158467718740936903e-01 -6.205124042015626173e-01 -1.041731074404733670e-01 -2.539745246209493268e-01 -3.166126800963996457e-01 -2.248684951976841484e-01 6.811091963255934134e-01 -4.012700949231861602e-01
-3.388001222354599107e-01 -4.367636752344467022e-01 -4.448820428805231875e-01 2.745583269013390226e-01 -2.324270763320126221e-01 7.265710715298389077e-01 -2.091370289067989996e-01 -5.144279160152753771e-01 7.514899684004502922e-02 4.389570359741486461e-01
-5.075821411700914831e-01 4.419483490614934951e-01 5.394012516141133418e-01 -3.210005806867083922e-01 -1.559821797652858333e-01 3.177928980556894989e-01 -3.198796878934377363e-01 2.312216287451288044e-01 -5.809723094330677684e-01 -7.120166356858395051e-01
-2.345915624579812120e-01 -4.527239358528413193e-01 -6.244783327446412624e-01 -3.888670385209105906e-01 3.795187449965314874e-01 -5.363416950113014670e-01 4.774319140275064266e-02 -3.169507176211573407e-01 -3.664236774528734086e-01 1.470161086789232019e-01
7.650950439995622687e-02 -4.172980260176793743e-02 -2.408196918648631557e-01 1.704960797092974489e-01 2.782112861175960183e-02 -9.244908315996841486e-02 6.512598955515574994e-02 -2.434725667154126374e-04 9.722493542303420333e-02 -2.227609672417983078e-01
-2.589806250310646152e-01 1.637986175212877982e-01 1.965162628760505903e-01 -1.463118376464835890e-01 -5.755715867795603291e-01 5.642127266380760897e-01 -1.272594301685021634e-01 4.394455374284746974e-01 -1.770083398215071269e-01 -5.500168595495749102e-01
7.659856797229763758e-02 3.569651648557056051e-02 1.442679816587648378e-02 7.417079777544269281e-02 1.034287296298748854e-01 8.118085155775668768e-05 2.136404163044122034e-02 1.099078719671378081e-02 -9.746481988075938324e-03 1.083220496025366283e-02
-5.660894777361621388e-01 -2.821810378075551573e-01 -4.568190881345804977e-01 6.321790349649407670e-01 -4.831287458353106801e-01 6.933435030936440091e-01 -3.441961378571110619e-01 -4.591670299448437076e-01 4.824491437956565654e-01 5.608446792835982686e-01
-5.398215726608903697e-01 -7.967702306236605636e-02 3.621757910020677595e-01 -4.005585024940423733e-03 8.202370026879512999e-01 -2.675169596125994143e-01 -2.276213695889729993e-01 5.787130362153339869e-01 -2.556861286033615954e-01 4.229011585128069628e-01
-6.995897201310093128e-02 -4.029873763112418183e-02 4.692921757656606102e-02 4.942260453525542524e-02 -2.978658977244905137e-03 2.605276226153063063e-02 3.799408838350330775e-02 -1.045182699585388633e-02 8.279492965511966659e-03 1.101805042728269540e-01
-1.024280260615569732e-01 2.419410074312092762e-01 -1.678544063686306792e-02 7.871064250818389507e-02 1.779433907241375901e-01 4.359947901575239593e-02 -1.608834181138366626e-01 -1.419670487462585118e-01 -5.261383552017245835e-02 -8.362549656195220060e-02
1.006781619347484925e-02 -7.370193666038724056e-02 1.450628928467866813e-02 -1.747948424397018918e-01 9.830196926278915448e-02 7.815134337199386438e-02 -8.612238206095181037e-02 -2.528956769581874320e-01 -2.789534154824522827e-01 -5.529699166144396161e-01
5.209580167140936968e-01 -1.124690938012773145e-01 -5.289724358887235578e-01 -5.634147789293160180e-01 1.251007712600363531e-01 8.697477688517717132e-02 -5.162923654498735582e-01 -6.754899560586173635e-02 -6.237601068064291265e-01 5.133375904528157951e-01
4.615737992349284169e-01 -6.365532533266571313e-01 3.783220101750951470e-01 5.747570715224784577e-01 6.297848538227527326e-01 -3.049744854031992691e-01 4.011589029877370427e-01 1.710704476456370027e-01 -1.249743943084096615e-02 4.828399331144179185e-01
4.220910419846555239e-01 -4.480009629490701029e-01 -3.858296338245263413e-01 1.679567183528385133e-01 -1.394081105998614678e-01 -4.145831499431777423e-01 5.059294786767202234e-01 4.245396238844479364e-01 -1.279929164699300792e-01 1.125104545140697826e-01
2.123104265851993022e-01 7.907254284664838595e-01 5.094288917250889837e-01 6.023768647123748377e-01 7.223510540063781127e-01 -8.031202402740506008e-01 1.673072973577455491e-01 7.930352973042811282e-01 3.089740230327325810e-01 -8.703627426527380528e-01
2.828328333578869480e-01 -1.171362652519924302e-01 5.359723652106559294e-02 1.357437702810867508e-01 -2.054990109500430817e-01 3.718231603359771764e-01 -3.505475735076169636e-02 2.350804037971466753e-01 1.434615423394262901e-01 3.476387674216012136e-01
4.329895707533654159e-01 -5.429141819690936899e-01 5.570874521686622893e-01 -3.536896110228557322e-01 -1.761017180933343584e-01 -1.589382543225361932e-01 5.542494542402670588e-01 -4.469883008098299304e-01 3.271854252612959035e-01 -2.336145342805808212e-01
6.766387347234890104e-01 -2.550036001543870556e-01 -7.074584532560286299e-01 8.932583712407800025e-01 8.626010642852723065e-02 9.341072077569158028e-01 6.929450204352914922e-01 -2.708447988666320971e-01 -9.290677505436950590e-02 7.890342439403916774e-01
-2.178371385395304061e-01 6.449030636585905210e-03 5.962574174153614792e-02 -5.245599359648767113e-01 -4.295910847364412533e-01 -2.349891618173989838e-01 2.201927809658007218e-01 -4.087941179294222183e-01 -2.976059509371159484e-01 1.439723885848377960e-01
5.063182587121478444e-03 3.891060200921041962e-02 7.653316835861686575e-03 8.070783081553711824e-02 1.591925103236884647e-03 6.297509941351484009e-02 5.138499434533962129e-03 4.228129999841079290e-02 1.028145668147303210e-02 1.414224602609948263e-02
-1.260534364966477139e-01 -6.036532465056574370e-01 2.769523362521560395e-01 3.298925269192899690e-02 4.901505045897017188e-01 -4.554909983832867715e-01 2.460532570545196918e-01 -3.977791672828488445e-01 7.151586661333285688e-01 4.421833250378861546e-01
-4.828828588055641413e-01 6.717239436323733104e-01 -1.040192671045368500e-01 -1.635419272148881109e-01 4.565780334637388194e-01 5.141362911379846468e-01 2.680519961649903693e-01 4.601596218166516539e-01 -4.639641519129310554e-01 -3.978118907038453722e-01
-6.653514414954843359e-02 -4.202798542548212835e-01 5.698419139496985891e-02 -5.694183326342430046e-02 1.596560773409579359e-01 1.728422986206447076e-01 1.144812869081672652e-01 4.129782165837127539e-01 -2.779292146526706753e-01 3.293775486088666993e-01
-6.774477651437155190e-01 3.952548302953321491e-01 4.481730564802073880e-01 7.201031304493382690e-01 1.306798037399614365e-01 5.891283069469617217e-01 -1.913543009958076357e-01 -8.536694162222560611e-02 7.055064145923461982e-01 9.195999691422336586e-02
-1.490800674240342905e-01 6.240408070903333826e-01 -5.614953796140229603e-01 1.915646665110228852e-01 3.063922384398238830e-01 4.243521946295473191e-01 4.000857921153975205e-01 1.155276485842489653e-01 -4.284829945428834247e-02 -1.581077995053171426e-01
1.326876743709527566e-02 -6.068640338428847592e-03 2.273695530702197695e-02 5.095754353603505760e-02 6.324709861005553546e-02 3.179962411438613107e-02 6.235173917057845565e-03 7.860837649417473649e-02 3.612742841063915078e-02 4.030083308859816471e-02
-4.907634392733509765e-01 5.989017962136830020e-01 -4.900614617554405195e-01 -5.584311885999913849e-03 5.722883302043121345e-01 -7.475715258255987150e-01 -7.993127674724447296e-01 2.622699490749998974e-01 -3.389190651156792078e-01 -7.029572096839417084e-01
-2.136192294803465619e-01 -1.639174034887150577e-01 8.107942329857793784e-02 1.389716959818965702e-01 1.427501576175823350e-01 -4.161798793121141982e-01 1.114784999254705977e-01 5.743821053258042486e-01 2.071497138054285703e-01 -8.274615055919788686e-02
-5.440654898661668737e-01 1.971021847892096279e-01 -8.107254136416637280e-01 -3.333691328466065196e-01 -6.752841468319262797e-01 7.860897405602208787e-02 -8.325760883074924124e-01 -5.071956926065732674e-01 7.998939127116539982e-01 6.875636081837964708e-01
4.732570699598714903e-02 3.285930643127435435e-02 7.717642584042781750e-02 -5.533572399456263002e-02 1.692120800456780802e-02 8.587489308899420165e-03 2.634161424498070864e-02 2.043279486846725362e-02 -5.775095686941998999e-03 1.084177341218679758e-02
7.550430950890912873e-02 -2.064719893716244203e-01 2.922076130893000445e-01 4.348000582915503842e-01 -4.837044738394821186e-01 1.841839342849611594e-01 2.269968351488915459e-01 3.705251003127348064e-02 -4.959662902194163503e-01 -5.571027365815438559e-01
2.287614526682089644e-01 -1.226652780838494577e-01 2.314578462571333928e-01 -2.992613722994792724e-02 -2.037782313348557028e-01 -2.353943221226838522e-01 2.251430008164869156e-01 -2.628393667954607715e-01 -1.222232549846298116e-01 3.012496741098035224e-01
6.965978938968281353e-01 -4.802750151575462256e-01 4.768457703713023799e-01 8.245724466057436919e-01 6.134600980410677140e-01 -3.285088797103125763e-02 5.271049830536220782e-01 6.936998686170741113e-01 5.925070013789497381e-01 1.054224278281615662e-01
9.553527720931816181e-02 1.155291073111836264e-01 4.708669349187610265e-01 -1.435980525628079152e-01 1.870464244060823511e-01 -1.970313643974214990e-01 8.855452527139834329e-02 2.655240331824123556e-01 -3.724622873486600483e-01 -3.561451629433136645e-01
-3.569100164714074652e-01 1.337401832101934585e-01 3.852315896294860043e-01 -5.816453252716567990e-01 5.703994716558816735e-01 -1.216287596509503105e-01 7.211329969671093076e-01 -5.608270382322693148e-01 7.488828895883462011e-02 -4.131920893627537977e-02
1.576965026909027956e-01 -2.180804926947408351e-01 -4.163951926563734807e-01 1.505875912966417839e-02 5.160180387494599924e-02 1.803422549303321590e-02 3.797397764294526690e-01 3.877477322928017389e-01 -2.950713788718127908e-02 -4.956175560731717056e-01
3.047863345473970642e-01 -6.145455976237788054e-01 -4.712149026088993109e-01 3.027607269152044617e-02 1.545053453740127258e-01 2.918574090067342364e-01 -2.634663043320347731e-01 2.001916676220119873e-01 -2.654173718243297841e-01 -4.030305154069856455e-01
-3.684107398724272009e-02 3.753490231846348668e-01 3.183808931869220871e-01 1.822117965542772167e-01 -5.452349600357695586e-02 2.231822789085803893e-01 -3.234125575094273231e-01 1.841757017498777682e-01 -4.883803493312360942e-04 -4.163139911324430509e-01
2.503709382447099618e-01 -1.877074553521904388e-01 -1.565514321128030351e-01 4.522031983099105701e-01 3.872406865666392362e-01 4.669226543912587957e-01 6.921372088825247237e-01 -9.375187711680299518e-02 -2.917104682603828270e-01 3.411763983082318208e-01
-5.112445898876557537e-01 -2.157750038663449055e-01 -5.459541665471470684e-02 -7.940473599067817898e-03 2.654782701106057075e-01 -2.405789397153977882e-01 6.155146417769951674e-03 -1.844112958444155126e-01 -2.860957531813051458e-01 2.400495679755839107e-01
-1.698267950547276417e-01 -6.975858719202004954e-02 -2.504212891225487958e-01 2.426818932758775804e-01 1.758696005901240200e-01 3.005442526769880329e-01 -1.031759258971976650e-01 6.244822312453591345e-02 -1.234542416450333784e-03 -4.343730045012023089e-02
2.127361854321228596e-01 2.408175260662142880e-01 1.725798393214516002e-01 -2.152778772234094917e-01 -3.651650443252836831e-01 -2.427500147320430512e-01 2.329380223043214793e-01 -3.138916273288490655e-01 3.517397069278362931e-01 6.513492381378803431e-02
-1.952839071845722889e-05 5.346349875767140158e-01 -4.410954735496332990e-01 4.750020264465601438e-01 6.462296132041465135e-01 1.769200103456320949e-01 3.234247492100485455e-01 2.757691299440720445e-01 -4.689052479997515843e-01 -6.461666813542635834e-01
2.822988516530496317e-01 -3.717503042382895861e-01 -3.945399683187889028e-01 -2.329243764218828228e-01 4.715558177651370531e-01 -4.882293482915926741e-02 2.093242733730802177e-02 5.181152913689471839e-01 2.621915222872698292e-01 -2.445043224158202078e-01
-6.767553702654045822e-02 2.969536046734806423e-01 -2.510410085250229240e-01 1.815466333691803658e-01 -5.122691451988732325e-01 -1.678322043048930678e-01 3.092974784692896772e-01 -2.787275260417670930e-01 6.676677054836077652e-01 4.504072404046771116e-01
-1.934150688479094327e-02 9.534112373209038815e-02 2.190715544660827296e-01 2.095526793069442117e-01 8.504530478010843830e-02 3.646654853939442220e-01 1.717230742112345609e-01 -1.076457944508415754e-01 8.927403866116000175e-02 2.618549513238356830e-01
