6.315358693178817484e-01 -8.050022881473059000e-01 -1.148446824442746345e-01 -6.219799958074154755e-01 3.250215221292164225e-01 -4.558843944716162722e-01 3.497628555360920988e-01 5.939484762410307539e-01 8.034470160106262915e-01 7.107202859058839861e-01
1.499563744813557919e-01 1.209593059956714095e-01 -3.924635672726471958e-01 4.043493595011745656e-01 3.994237083525900012e-01 -1.109372655771306559e-01 -2.516374922233742262e-01 -4.330445126045603943e-01 5.187505365322653272e-01 -2.695304698606704186e-01
2.838317328650973304e-01 4.450264883525260617e-01 -2.020226181707297092e-02 6.637388515268495270e-01 -5.751354298649581365e-01 -2.961888865357872325e-01 5.635070453509887223e-01 2.468667116406460527e-01 6.841322424187883389e-01 -2.661546562924874126e-01
1.448103462371018724e-01 -2.883326948765270181e-01 -9.491065164846296254e-02 -1.054100987454620747e-01 -2.290457483312970388e-01 -2.707268966841971380e-01 3.222221290896367107e-01 -2.888826505550029511e-01 2.236583971247848024e-01 -1.448326350387754147e-01
4.860373747316155436e-03 -3.232559376573439398e-03 3.942158334911662065e-02 -1.307389885228951894e-02 6.534526884654037748e-02 5.016516891244598465e-03 3.067954595589184735e-02 5.203425888162080404e-02 -8.813935667439378244e-03 2.524894821275135148e-02
-4.456840312711593532e-01 -7.481879938507234318e-01 -4.086769725269354114e-02 -7.937964471357229490e-01 7.023683063948469307e-01 -6.937396173335677041e-01 5.535027141658265259e-01 7.112844022340037986e-01 6.750919727273195781e-01 2.298078028055966504e-01
-7.985315172316848065e-03 1.276267102276412435e-01 3.958333358838002358e-02 7.192973228463167730e-03 -9.313929033042228980e-03 1.908220999535285844e-02 4.581608850702684199e-02 -8.389357096689539902e-04 3.377117777579755759e-02 -2.225585790356203637e-03
-5.363606248672670995e-01 6.827798198095593740e-01 7.609760737309834155e-02 6.882839115554116871e-01 2.272201197234378633e-01 -3.251681317962468176e-01 -3.847807013479624394e-01 3.214036672660699478e-01 -6.062438212618996847e-01 5.622134437131327545e-01
-6.893890802963259512e-02 5.925549583663870523e-01 5.529968912587209795e-01 -5.621692464800337463e-01 -2.798539324227491409e-01 3.707521449554156967e-01 -4.260520229146381732e-01 7.194348147713487407e-01 5.185389790450383174e-01 -1.897708344404328840e-01
9.062812140571892619e-03 -5.344483397173084918e-03 -3.697723057476658831e-03 1.667627186211624590e-02 4.407074463291283523e-02 1.999229842479295291e-02 6.395899559996804165e-03 3.386232925821412026e-02 2.405963242367582799e-02 1.964933275698083764e-02
-4.202834098197971019e-02 6.211549225272697261e-02 1.171040105540039067e-01 -1.626779163739989487e-01 2.821343401573282450e-01 -2.217506088140979922e-02 -4.205204760906530032e-02 -3.305329989010589997e-02 3.654420963577739018e-02 5.557919993686171595e-02
3.431144177374324533e-01 -3.195474274550331728e-01 5.926018943225824787e-01 1.868577588745786999e-01 -3.494796476065915869e-02 -2.094232520917746199e-01 5.414461808037507318e-01 5.064513909728826091e-01 -4.542231047870070593e-01 4.091647371032150482e-01
-4.319272276727925131e-01 -4.168308619091535411e-02 4.549177071607017342e-01 5.956094186877577412e-01 4.689535675893711231e-01 -4.857519263479150307e-01 2.090737099948316580e-01 -1.360542881364587842e-01 3.217311794941433156e-01 -1.323880580916688421e-01
4.257888285270326478e-01 1.931493110333621088e-01 -4.659146610967545010e-01 6.462422220155199515e-01 1.764601692712055858e-01 5.369714905648336617e-02 7.468360183621529647e-01 -1.666690567666908318e-01 4.141371566887960265e-01 2.835766648452333616e-01
3.125983474541198515e-01 -5.522041855831760770e-01 3.540653810380345878e-01 -2.379447829156446925e-01 2.912462031401802931e-01 -1.833254317849817572e-01 -4.577850163642437353e-01 -1.690404479603213606e-01 -2.002328254609988811e-01 -6.892464196270858823e-01
-1.464583862613419050e-03 1.033138613229566891e-02 3.752504485921224348e-02 1.305132684306284548e-02 1.216994263432772880e-03 3.332989786493098516e-02 1.281185515649231610e-02 1.191320090947799691e-03 2.203878075153696200e-02 4.068641870453335030e-02
-4.830494913790213674e-01 1.212638331718125795e-01 -6.090655008209518995e-01 -5.284674276340654009e-01 -1.057986528523485216e-02 2.363167569382523259e-01 -3.781400558368026854e-02 4.053504145621399934e-01 1.080032425323386169e-01 2.359200231941114556e-01
8.300470835965005900e-01 -5.337486676270947195e-01 -7.693313244080483004e-01 4.703864100346625832e-01 5.951484047288744250e-01 3.148603477291017083e-01 1.118282932276573743e-01 6.655985448286434458e-01 8.043031829253015630e-01 -4.410922206241271737e-01
2.534003188947260565e-03 4.326358577446443726e-02 -5.974460696467838172e-01 -4.806844443051588867e-01 -5.828380601610732015e-01 2.882441527877903642e-01 -3.668930281317922537e-01 6.663343030336692507e-01 6.828410926477795906e-02 1.304487591410224794e-02
-6.657260945513002182e-02 3.092576220248748342e-01 -1.558472395098953189e-01 5.198295581367728263e-02 1.784043915870439367e-01 -1.090576811368725030e-01 -2.715516790418667781e-01 2.073705248401950529e-01 1.947641397030736299e-01 9.142931368609965442e-04
9.830402395970593357e-03 -5.477690669573573312e-02 -2.651870655781883301e-01 3.948375745650826163e-01 -4.473792836109080073e-01 -2.928806009598591831e-02 2.036655780882790645e-01 1.775599015640729195e-01 -3.313207195286868578e-01 1.941350906965290946e-01
2.963147192675232300e-01 -9.925880750626137061e-02 -2.880362942232264079e-01 4.308049075888948365e-01 2.835509483884451343e-01 1.715454851087737931e-01 2.365734952393279134e-01 -8.823133629352557239e-02 -1.367629318126598048e-01 -2.214657308550131432e-01
6.946093446982416764e-02 4.722869832389300915e-01 -2.597555678340202068e-01 1.972972482506256953e-01 2.917878579873301459e-01 1.523851913680061287e-01 1.139452048830352920e-01 -1.042291120135196703e-01 2.775780339250658590e-01 -7.560213247582779628e-02
5.224789637180883295e-01 1.109306030328984227e-01 8.169963135285659428e-01 -8.845072483962865828e-01 -3.957779377003307064e-01 8.733187928018408541e-02 7.583885483769358116e-01 -7.728718152506921513e-01 -2.097234081712038567e-01 -8.094287751138317111e-01
-6.335825489366117003e-01 1.851354488245071095e-01 9.782905704975293146e-03 -6.667581723575873032e-02 3.392230323350632903e-01 -1.424020241272571097e-01 -6.926836718129711912e-01 4.744790840981945590e-01 -6.592304650658832310e-01 -6.198952448693291206e-01
1.444868740557015210e-02 -8.197311302564087854e-02 -1.799428491426855597e-02 2.692468078252583941e-01 -5.168606278889259498e-01 4.578552824979101876e-01 -2.220277457186555226e-01 -2.561057700225073674e-02 2.368848717164309114e-01 -1.177334665399603630e-01
1.713260168146221174e-01 -6.256895744983821395e-01 -8.116827392295151711e-01 -8.158140261997974541e-02 -3.102899022466470424e-01 -7.993449202990560165e-01 -6.677576667938208699e-01 -7.255035516959309483e-01 8.646131617192067687e-01 -5.171253681662227875e-01
3.753722530179950390e-01 4.818679272585528750e-01 -4.099410485932522552e-02 -2.722232710658720745e-01 4.446815699652050258e-01 -2.983047518070743864e-01 5.234742905327149920e-01 3.589282908731870614e-01 1.582935606956961949e-01 1.413091164015244650e-01
-3.209597022565902069e-01 2.853626303449517954e-01 -3.376122139104620334e-02 3.009072555250614026e-02 -6.949047507297421156e-01 -2.497779494693508073e-01 3.293413856817286600e-01 -6.601694130278504824e-01 3.903673120708504030e-01 1.513061792400123172e-03
-1.766025869304276019e-01 4.833235367829937235e-01 6.178782841816851112e-01 -5.906971434158822531e-02 -2.407426628218167219e-01 -5.465536924785621142e-01 -2.584818011040134755e-01 -4.191356389696399010e-01 5.290802638977251116e-01 3.705891905811006803e-01
-3.794660715541588458e-01 -5.513559282445043008e-01 8.703682743987041226e-01 6.495912375438155362e-01 5.150915233115415104e-01 -1.407500176676744763e-01 -6.807253256636547345e-01 -8.198476205568321074e-02 -5.838804542288583699e-01 -6.624320589639344226e-01
-6.675270466249913492e-02 -1.103332431643331280e-01 -6.976741020670582660e-01 3.369931806012070319e-01 -3.841279040111919563e-01 -5.969247161864295048e-01 8.071907249110352733e-01 -1.492006147222705859e-01 -1.340328965064296607e-01 3.492706871949979863e-01
-1.492338589258777326e-01 6.126646250506706526e-01 -4.932523922691475216e-01 -6.724420253061298425e-01 2.496043333419908083e-01 1.306804661792795030e-01 -4.112696281474449711e-02 2.474135210211680369e-01 3.161278900897374067e-01 2.572733715244435726e-01
3.156023654374418008e-01 6.464984800476342164e-01 -2.232895017080056554e-01 3.633163088992094059e-01 -6.428678968014869266e-01 -5.923927867884407616e-01 1.081798412752564831e-01 2.012471813367389117e-01 -1.130810749168888463e-01 -4.485076372283318680e-01
-3.234000907842179973e-02 3.130745950372250119e-01 3.549285567178484535e-01 3.150047348694923199e-01 5.200802867877015734e-01 -2.865634825649600037e-01 -3.736404435988354145e-01 -5.676256559559838405e-02 -5.670901740748574005e-01 -6.112079610478968889e-02
-3.551240511279911138e-01 5.956936617213061114e-01 2.685854444558162801e-01 4.351171032965391872e-01 4.140474380621489425e-01 -4.491606185299713005e-01 3.636015275420217963e-01 -2.726684486714132660e-01 7.220959596116257595e-01 -4.258397990754251294e-01
5.680085809419730541e-02 1.403560395313948293e-02 2.060383475938652384e-02 1.206372376475523759e-03 1.177242522326042880e-03 -6.499346744457189066e-03 4.777568023584565123e-03 1.011875360711891880e-01 -4.562897495271245676e-03 6.390425915260609414e-03
2.407561316257142980e-01 -2.138425380346967858e-02 3.315768659572453092e-02 -2.901311799784922485e-01 -4.354119142439112355e-01 -8.642171092803760044e-03 -1.046737871031827027e-01 2.016319635296295876e-01 -1.403037051626456200e-01 -4.354258995991545644e-01
3.858857464932870518e-01 -5.531227351928093006e-01 -2.889552791982326618e-01 -7.081958779850239249e-01 -6.924724911135483885e-02 -7.048016688675966535e-01 -2.025276035952634224e-01 -6.365330795586828794e-01 -2.250270253336999343e-02 2.977207421215905536e-01
9.183417646486584027e-03 -1.481010398497774050e-01 8.457373834494272963e-03 -5.631967391758165020e-02 1.534048426761978057e-01 5.683086599147793572e-02 8.413812717420343645e-02 1.529145641695150437e-01 -5.413775831746937134e-02 1.092538007881963813e-01
1.261178170864270254e-01 2.570927627476314314e-01 -5.216601568001152239e-02 8.286891028894934064e-02 -6.229987479214200291e-02 2.265669177631747799e-01 -3.589940903308287967e-01 2.140790223867242159e-01 8.865783610675951124e-03 7.600419231071699200e-02
-3.971490196263611216e-01 -4.603984069142876695e-02 5.850634989507219608e-01 -5.212897841837230151e-02 -2.578243760659866823e-01 7.204592218194106890e-01 -3.192611842008045708e-01 -5.332114639952025836e-01 -4.090623640373564074e-01 5.378166221806590652e-01
5.816350574775763782e-01 -7.853473118593287672e-02 -2.600547657316939487e-01 6.635492261785197465e-01 -2.623579056379952146e-01 2.514879813745306628e-02 -7.768060165990711141e-01 1.494452211168436906e-01 -5.359688484372353567e-01 7.430931804581322186e-01
2.679691538170861920e-01 1.947676044166755382e-01 3.756815984966619705e-03 1.320486656390357505e-01 -8.933907624088262278e-02 9.841064176526715182e-03 4.610538045254463507e-02 6.842964920410175844e-02 1.307733648611739408e-01 1.633677217271613247e-01
-5.192652092468089675e-01 -8.490489912169528752e-01 1.526459045604844911e-01 6.031987193180224915e-01 -2.737021875601093890e-01 5.907397310838384819e-01 -8.414365462483394120e-01 -6.936236565794215436e-02 -6.887073013710133251e-01 6.388901566604159310e-01
-2.426144253079563773e-02 4.420813557694539681e-02 1.240814864821651736e-01 -9.380104279702133853e-04 -1.328912820857313382e-01 -1.204691983612868195e-01 -1.770012568723787760e-01 4.358669658838900535e-02 -1.366754572221434427e-01 -1.032026769903185148e-01
2.048876263600069580e-01 -2.421091570360941747e-01 -4.433275424397460918e-01 -2.975217384794389130e-01 4.303120346954305009e-01 3.706269412474679226e-01 -2.041389459567652664e-01 -5.517967609450853406e-01 -5.257249819128556600e-01 5.041041438133404551e-01
2.971452998849684057e-01 -5.392212973005985344e-01 -2.646844614867616824e-02 -3.606635441054898972e-01 9.813862217418166389e-02 -3.122766068194587352e-01 -4.494197694662816489e-01 -6.955838904276802348e-02 9.292159348352681258e-03 1.906460678576789580e-01
-1.353394752399035561e-01 -3.334305288385371324e-01 -9.092923765817290116e-02 1.025871759988729037e-01 1.434789070118467902e-01 2.535533767755428491e-01 2.844473502107983109e-01 2.466249220154375366e-01 1.606795329194096178e-01 2.949341213162921110e-02
-8.609776686269565715e-01 4.481274920357524172e-01 8.995490445357366693e-02 7.374148375925883014e-01 -2.702916341973707892e-01 -3.189207590291087135e-01 -1.522151842974851788e-01 7.665593855510163257e-01 -5.099586239266854643e-02 1.417758341815156253e-01
-2.572056032982072971e-01 8.544252296129986601e-02 5.730853414723420247e-01 -4.083934588757263118e-01 2.025498648310685990e-01 8.169221136476748635e-01 1.974509209843690882e-01 -8.123228100386636202e-03 3.412186885605363318e-01 -4.193710709921799618e-01
9.967960150920723503e-03 1.751127202934831817e-01 -9.007128864663141443e-02 -2.168862353570010226e-01 2.423057003466708714e-01 -2.880446310781143437e-01 -7.237773706298780696e-02 2.332172930957211038e-02 -2.626054786229387039e-02 -1.894784555585940222e-01
6.437713882457367365e-02 -7.787388123219743385e-02 1.505321695256054138e-01 -1.020744426615070692e-02 -4.979228949804691273e-02 -6.880807682462329600e-02 -4.855024489828900502e-02 3.472786247104459045e-02 -1.982708956769594077e-01 7.635014457773231511e-02
-2.885160978607587134e-01 7.737896521444982412e-01 9.214633807877272709e-01 -6.242636141751088941e-01 -1.053366812535326963e-01 -2.740470453398371475e-01 -3.109758102465532970e-01 -2.170423338779603750e-01 6.843301123961008647e-01 -4.240913576959744469e-01
-3.435515656945839491e-01 -4.381253504571994140e-01 -4.476527042544500845e-01 2.769796180258805585e-01 -2.329103367798591451e-01 7.238749504458122930e-01 -2.145792063243018855e-01 -5.171332885827193415e-01 7.600452297805905533e-02 4.454122492304310454e-01
-5.080411690633468424e-01 4.423721966495875457e-01 5.399148487535351260e-01 -3.209724541391084096e-01 -1.575278434543002093e-01 3.165012310885169655e-01 -3.199432918864492659e-01 2.318513747377095591e-01 -5.812840027042781577e-01 -7.140409832060099493e-01
-2.444192369808921017e-01 -4.643929550227864356e-01 -6.429005613604783509e-01 -4.187299541346864995e-01 3.906982212964897894e-01 -5.517424512881676790e-01 5.134731711999427489e-02 -3.267577055142681375e-01 -3.763714420602916055e-01 1.580564932005881773e-01
1.305145632627324748e-02 -5.467410229774628816e-02 -2.689004783563556655e-01 1.964082252899385928e-01 2.301806388357274802e-02 -9.790240982738726561e-02 7.139385540275844377e-02 -3.441165086170174664e-02 1.185545425513262613e-01 -2.617883103460278416e-01
-2.771558078759127075e-01 1.668852802888621256e-01 1.983249957705794653e-01 -1.606962436886908707e-01 -5.965818453508299202e-01 5.692926243852163282e-01 -1.347678046901591431e-01 4.526006524838141476e-01 -1.824725405297735192e-01 -5.623201692682658903e-01
1.063990601479391646e-01 7.374115629691140039e-02 -9.029498519469396703e-03 1.589559675888429779e-01 1.384634128497178041e-01 8.792215773518162469e-02 6.028579257763230781e-02 -2.122991238588499419e-02 -5.460213561029537976e-02 1.331667054369831994e-02
-5.675443213100910267e-01 -2.832514884175816872e-01 -4.581080166592028657e-01 6.337456488890587103e-01 -4.810641840548784409e-01 7.013984964615235240e-01 -3.449789428451450757e-01 -4.677317128065457408e-01 4.832155988351801712e-01 5.606502183965721420e-01
-5.395336215369065380e-01 -7.967533368704335373e-02 3.625550238426594740e-01 -3.458470052728689851e-03 8.206535199277233961e-01 -2.674184556730050399e-01 -2.288593179884028939e-01 5.790252539093804218e-01 -2.558056887372089361e-01 4.238365478315513357e-01
-1.677015387957461745e-01 -8.472601680707372851e-02 8.912002001894298031e-02 2.492767161529230863e-02 -6.883091266823206100e-02 -4.818834494881114178e-02 9.371064118610974991e-02 6.066000297310645932e-03 2.975131426710883251e-02 5.529683332070334939e-02
-1.315321669520545245e-01 2.501347182068023867e-01 -7.381984239709912798e-03 1.146434322870772543e-01 2.326794243843279264e-01 4.900731242134810650e-02 -2.255758783892472530e-01 -1.621250000770064481e-01 -6.943944904233961823e-02 -1.292596011874212747e-01
1.086227396742592451e-02 -9.017551111984238588e-02 1.025300406285062187e-02 -1.953154758538864777e-01 1.255097971098706466e-01 1.172523144670220563e-01 -9.349673848114241348e-02 -3.264443073590987399e-01 -3.040408281894520504e-01 -6.165632052212666192e-01
5.315184410054569764e-01 -1.370676861215291142e-01 -5.367520449692647633e-01 -5.756976925948288359e-01 1.336723574348978316e-01 8.777012205104524345e-02 -5.344956908544788998e-01 -6.601363127605033854e-02 -6.394834656854515575e-01 5.239241070357435470e-01
4.645098588166011733e-01 -6.392691488155941570e-01 3.799904933260502826e-01 5.772654905936404068e-01 6.328555376175266645e-01 -3.027592193371878015e-01 4.038916084374944426e-01 1.674787496371062667e-01 -1.150802718518108107e-02 4.831223616472891669e-01
4.348343264131550590e-01 -4.559905967882909028e-01 -4.128388009274330805e-01 1.770896268871159640e-01 -1.413140108131071826e-01 -4.213060407160791332e-01 5.213129611259019747e-01 4.347933981436780670e-01 -1.308602558865293308e-01 1.153974581017667284e-01
2.055867387943860758e-01 7.936057133604585978e-01 5.073279070169469662e-01 6.000323228079449400e-01 7.214278509687300778e-01 -8.021923606372104443e-01 1.663106420649383410e-01 7.994456018507078987e-01 3.091097076739513505e-01 -8.723843109739918278e-01
3.183094801450456757e-01 -1.326572566361079175e-01 5.871663518450123687e-02 1.455989644096997715e-01 -2.110044615757118436e-01 4.356195746105112621e-01 -5.238242019283395612e-02 2.300564624132087899e-01 1.525556203209534334e-01 3.345776275499692254e-01
4.456075915092330697e-01 -5.639898529617934919e-01 5.698300666457695174e-01 -3.562556044680780798e-01 -1.858350326682652043e-01 -1.592733464639934648e-01 5.514240899678435337e-01 -4.574414618581760239e-01 3.305549638661035572e-01 -2.415090594613745478e-01
6.767026511702430858e-01 -2.550178757406529328e-01 -7.074006178232001840e-01 8.933272506685163705e-01 8.629349290138754736e-02 9.338033807231302941e-01 6.929556160852852198e-01 -2.708474694713327580e-01 -9.292750684498567171e-02 7.890149733687173983e-01
-2.196375545049613631e-01 3.767799500813339645e-03 4.540399109976841346e-02 -5.385163025896926303e-01 -4.394238794390862290e-01 -2.353501497524560504e-01 2.351466922093170542e-01 -4.150665413796791325e-01 -3.066605634971812377e-01 1.483793785776665042e-01
3.399394240433132198e-03 3.982826138948592637e-02 8.172754964815070675e-03 5.464346117414334986e-02 -2.158467144616583316e-03 5.004810922713223004e-02 -3.941194180002257318e-03 2.641510225507816279e-02 2.880982549012128975e-03 1.496967255153934181e-02
-1.213114663527318227e-01 -6.069822042152210884e-01 2.844803295878174376e-01 3.016770357797882857e-02 4.825696819190256615e-01 -4.576021584210087645e-01 2.392828472936722461e-01 -3.980376155763599710e-01 7.173608355763387845e-01 4.412525421177836971e-01
-4.846752402473590848e-01 6.653442232102176890e-01 -1.046164365740390595e-01 -1.670738424569640501e-01 4.653076749140169777e-01 5.171921306257318829e-01 2.625210668105870115e-01 4.653191892916644368e-01 -4.701689429515956697e-01 -3.987817715001006902e-01
-7.022942914746521659e-02 -4.514134237548694806e-01 6.534793907815825142e-02 -4.551524768014957728e-02 1.822567862435805486e-01 1.739574024546743924e-01 1.325711555732573543e-01 4.346213426958027704e-01 -3.080477572944828601e-01 3.546249779970488958e-01
-6.793374725409530024e-01 3.937886920069951779e-01 4.497052865310494085e-01 7.230312683599494639e-01 1.318453003855740713e-01 5.913162655724389927e-01 -1.919340746006686638e-01 -9.007576039749229380e-02 7.075975242208297766e-01 9.224032831983025593e-02
-1.499764423735727714e-01 6.281808992335784492e-01 -5.645617080901557117e-01 1.931678095754122693e-01 3.084005539311488464e-01 4.158204477013094369e-01 4.026493066104234186e-01 1.166590926166792275e-01 -4.268450518791307852e-02 -1.584899971713486788e-01
2.338709220138834519e-02 -1.258867834136079451e-02 1.448068685589356391e-02 4.281487979050868642e-02 5.330015382858240003e-02 3.403437006232623574e-02 9.061444512454887648e-03 4.371795642216533273e-02 1.297970892692460430e-02 2.948453293786141433e-02
-4.911773479542321796e-01 5.958181742926486057e-01 -4.898264769935912200e-01 -4.928661774771996539e-03 5.718849216943661107e-01 -7.485563881503383143e-01 -8.001303165701171283e-01 2.633791116458783499e-01 -3.392187010256167978e-01 -7.036873017439561062e-01
-2.275892939234820944e-01 -1.986451082654440981e-01 8.893275369139898301e-02 1.426524811675822235e-01 1.575004835367425082e-01 -4.426494977769450667e-01 1.190107580315021285e-01 5.930196073013346281e-01 2.246626377469150837e-01 -8.607356084174774824e-02
-5.445827324535490455e-01 1.981164861929008147e-01 -8.129716243612774562e-01 -3.340718899563665523e-01 -6.753272278097722792e-01 7.827646501880188012e-02 -8.330460349018301569e-01 -5.078470409305266831e-01 7.981058531023592639e-01 6.891318123474011736e-01
4.997379584423203291e-02 6.714268941014112091e-02 8.459272993334422674e-02 -1.543904059557970887e-01 4.451708022836778356e-02 -6.622905760460220947e-02 -4.018388570036941776e-02 -3.977573065780382056e-02 1.190975999445917539e-02 -3.807348722361557185e-03
7.937902552872669326e-02 -2.106224713125892101e-01 2.964578133285379891e-01 4.376866052250230066e-01 -4.903261239775684177e-01 1.756309270099956354e-01 2.393735149362429537e-01 3.922099034937157752e-02 -5.044712273803514391e-01 -5.715392032447438320e-01
3.162041586457425280e-01 -1.701776042825135227e-01 3.112019643141369363e-01 -3.665995831118185749e-02 -2.553992996771367041e-01 -3.080170159085636183e-01 2.261621794395578255e-01 -3.693685383801371125e-01 -1.774154043432783490e-01 3.928803238944623688e-01
6.966187462503120598e-01 -4.810679352700775735e-01 4.775436735140948796e-01 8.240271179830830350e-01 6.141661952068816488e-01 -3.243973938210226171e-02 5.266286773348068939e-01 6.940960689431331376e-01 5.929894935355987107e-01 1.057711892252944652e-01
9.140361828859243365e-02 1.186393647257098227e-01 4.594581585052249229e-01 -1.475315829479470209e-01 1.926958555868721612e-01 -2.007063204309921245e-01 8.947051214832774102e-02 2.710431848735512239e-01 -3.772320013674209660e-01 -3.612783167223144187e-01
-3.617507684902825371e-01 1.333226494749596980e-01 3.879733319297509198e-01 -5.849160959839755369e-01 5.743559720567145144e-01 -1.289804399916853195e-01 7.258603199389372929e-01 -5.640784485363702361e-01 7.543723024260959309e-02 -4.113684051132378283e-02
1.630121054456499519e-01 -2.368941887548501601e-01 -4.442199759430843775e-01 1.726963000040691171e-02 4.770056048150418671e-02 -2.036169870325265502e-02 4.051111731219297352e-01 4.327989257946587287e-01 -3.804675109832019592e-02 -5.659990222749309297e-01
3.087869227979821996e-01 -6.217187451386848585e-01 -4.830512246287799738e-01 2.965475432364259034e-02 1.589505240682073939e-01 2.956205843560664737e-01 -2.647549990999650826e-01 2.040462695429239581e-01 -2.780237761123759421e-01 -4.068279842572612992e-01
-3.969581033801684172e-02 3.777217048529238896e-01 3.308066272925491158e-01 1.921801750025056155e-01 -6.741020330633989976e-02 2.238133097872078425e-01 -3.349333491370463656e-01 1.906926951116107161e-01 -2.264215695002799646e-03 -4.405522791132693849e-01
2.537538006411467761e-01 -1.884736001680227535e-01 -1.610368727439945025e-01 4.570456625977107890e-01 3.914626504747358293e-01 4.630976947913046371e-01 7.023230645947291517e-01 -9.160803840681580601e-02 -3.020923758561068762e-01 3.383218656782926992e-01
-5.201525302783573945e-01 -2.310586579475306934e-01 -5.307688477675650413e-02 -2.433500059254931416e-02 2.658807420721917558e-01 -2.744257190690520543e-01 1.104940184672783925e-02 -1.901577943079458544e-01 -2.898386539518513771e-01 2.440564444250735987e-01
-2.102472268585927895e-01 -1.177430309593819890e-01 -3.220191394758327719e-01 3.742209312815902300e-01 1.998316801196730608e-01 4.045849011585124222e-01 -2.086749999755106999e-01 3.355475125968544747e-02 -1.673340247788915325e-02 -3.120512103805395121e-02
2.271232648391281750e-01 2.392869567204512493e-01 1.822031648281699501e-01 -2.228887133590601310e-01 -3.771964182437310131e-01 -2.486427517886203864e-01 2.230217500710315326e-01 -3.341847991300270770e-01 3.683657763760289083e-01 6.836752455773444093e-02
-3.769183984131245523e-04 5.338578231674594443e-01 -4.419036273289461136e-01 4.763299063058599736e-01 6.486264740478758783e-01 1.776767900329351835e-01 3.201136409126758009e-01 2.759878861206483402e-01 -4.699191804698167885e-01 -6.476521198434943560e-01
2.981670338960321076e-01 -3.919376594925652602e-01 -4.316773437419922921e-01 -2.449144938273893346e-01 4.982888606487337890e-01 -6.873695347989802751e-02 2.227892016163990005e-02 5.457346442083600424e-01 2.761309076022619435e-01 -2.622002077040292978e-01
-7.660006593957974230e-02 3.040284746282059247e-01 -2.561643184206949808e-01 1.808510212700152886e-01 -5.177961930288704773e-01 -1.673276406289563034e-01 3.094560980050480303e-01 -2.749068331716196800e-01 6.772050953553564456e-01 4.602413558693743689e-01
-6.050961790224744508e-02 1.082911960020546266e-01 2.698447769675350050e-01 2.364623440810310895e-01 8.087738328739096927e-02 4.244196962116808525e-01 1.907056645149851903e-01 -9.676692112689845582e-02 1.039921460470926567e-01 3.043646608630716788e-01
