6.281801812099412352e-01 -7.914553648800790597e-01 -1.144977667260413251e-01 -6.186982317011439081e-01 3.211443730520855966e-01 -4.557176822882756939e-01 3.527240880341647178e-01 5.919311337450324784e-01 8.053598602917005911e-01 7.070451303514857511e-01
1.490114559317477216e-01 1.206118296346517516e-01 -3.859000000399616659e-01 4.046993689351953138e-01 3.949407153832935058e-01 -1.071261085937274260e-01 -2.523994467679342435e-01 -4.300893562843490225e-01 5.159138650694573558e-01 -2.688650019708672678e-01
2.779455382019007659e-01 4.413058290678335549e-01 -1.998473781923579273e-02 6.554279748932632099e-01 -5.667390930343761957e-01 -2.937749852404241691e-01 5.539881142128706415e-01 2.534488261138548859e-01 6.820907042136357123e-01 -2.662700381220470813e-01
1.777034278787480714e-01 -1.561612706510822068e-01 -2.898044261205486374e-02 -3.212555933065565361e-02 -1.296911038977119623e-01 -1.062918021206691876e-01 1.587198492425134777e-01 -1.289802852818899559e-01 1.156047922527055627e-01 -7.053770211083112973e-02
-5.103730125752543693e-03 -2.164456595580788612e-03 8.455280870458660447e-02 -4.303232545064684077e-03 7.756444045785816643e-02 2.504581154821339598e-02 1.194023116336698914e-02 5.815319567541706730e-02 1.380781308359838033e-02 3.848744779569027857e-02
-4.455966065655429520e-01 -7.467447772053278365e-01 -4.072125869598521714e-02 -7.939163098820936071e-01 7.015180214431651073e-01 -6.938940969573720308e-01 5.530621125353081258e-01 7.121946827012273218e-01 6.743217179033320630e-01 2.297063327561018886e-01
-5.179571901595359136e-03 1.687277477769213163e-01 8.048907097427583646e-02 1.112701189507173463e-02 -1.437478142144691003e-02 6.439958710078503776e-03 3.748302390690642916e-02 1.467525948841297972e-02 7.176553303506297277e-02 6.715157788767231462e-03
-5.348075039765441963e-01 6.800886975286900560e-01 8.257295397320152386e-02 6.852189361200419215e-01 2.255610850139201373e-01 -3.245044636684369932e-01 -3.837712635029517094e-01 3.201068603010078228e-01 -6.045809235589353348e-01 5.596248778933116119e-01
-6.983570315195521128e-02 5.906970831210416328e-01 5.496028270580504138e-01 -5.612535490201961963e-01 -2.796113688186712687e-01 3.685348327263853752e-01 -4.151038170945640648e-01 7.205599732196962259e-01 5.174520452253049685e-01 -1.896939040839600576e-01
7.526590310299446397e-03 -5.654579235165810291e-03 -1.039229846321508555e-02 3.046696152706892397e-02 1.017643430439228308e-01 5.524842631504883056e-02 1.374847683092103937e-02 4.481659758844257907e-02 2.871248707352677329e-02 1.247900116209288424e-02
-8.722237869152943066e-03 1.125953059077817869e-01 5.077549505357777104e-02 -4.870325686821158628e-02 2.021598329921693304e-01 2.557029464878149763e-02 -2.678211472442191404e-02 8.042316609277098266e-03 2.647046129139029452e-02 4.501922107772092507e-02
3.422650339332204417e-01 -3.188772860037702994e-01 5.954452055972604407e-01 1.864059920805420378e-01 -3.493787648804688728e-02 -2.090146025948462494e-01 5.402654387566315775e-01 5.067661601232124058e-01 -4.532635334821918938e-01 4.087006072466063400e-01
-4.214601249551058193e-01 -4.413347742797706086e-02 4.406828028295801669e-01 5.791890271487831754e-01 4.673242990751066417e-01 -4.555058759938420132e-01 2.075048974030328230e-01 -1.357041034288359871e-01 3.157298210139727890e-01 -1.273977329748652021e-01
4.146745676344676390e-01 2.022738266691040399e-01 -4.651561053691245506e-01 6.349980048088207374e-01 1.744136797854692333e-01 5.307910191150599227e-02 7.440945345060144822e-01 -1.598814126731911145e-01 4.120371014439819235e-01 2.891926332130876909e-01
3.106628519599937133e-01 -5.499442513503615126e-01 3.632810592807712569e-01 -2.359924598408251473e-01 2.919083624598373117e-01 -1.800842782517059204e-01 -4.541839964358973525e-01 -1.670493660237015454e-01 -2.014614345566448916e-01 -6.817481174252376652e-01
-3.334885231110115526e-03 1.545925980352350244e-02 5.820682301882117854e-02 1.460316388451948603e-02 1.765929753055705057e-02 4.810369575099845973e-02 4.752482598909963871e-03 6.469612460692216599e-03 2.021051139205067709e-02 4.130884569731523709e-02
-3.846211500060825461e-01 9.466942191723469457e-02 -5.239332252426337488e-01 -4.470842036459998781e-01 -1.429787137130588554e-02 1.870040099819371970e-01 -4.428326727998804085e-02 3.527523234112336925e-01 9.173946450728684421e-02 2.430981037449520543e-01
8.297674745383573081e-01 -5.337672730403050236e-01 -7.693720613325856217e-01 4.700892773400787705e-01 5.960037460912419593e-01 3.149311561109156554e-01 1.115673327961558964e-01 6.657051881989886066e-01 8.042207123060740592e-01 -4.411909270433334029e-01
1.326416402547212544e-03 4.152630376909704352e-02 -5.879796497011804401e-01 -4.763643327153780360e-01 -5.774932881961334363e-01 2.848734275246066483e-01 -3.635487765914094949e-01 6.720412331251731652e-01 6.693600908998335874e-02 1.282141473651979453e-02
-3.242089321502421989e-02 2.254369566624340737e-01 -1.285355675500783335e-01 6.080865582201248898e-02 1.869390797977780461e-01 -8.456521325100005426e-02 -1.841953924804669018e-01 1.212086703913966002e-01 1.328500285385035007e-01 5.700332947106393627e-02
-6.068821950550870939e-03 -5.397419708133680688e-02 -2.294064662587469161e-01 3.565227340472384432e-01 -3.990891056735216269e-01 -2.648894086797820221e-02 1.705509676548608855e-01 2.055611442707498959e-01 -2.970888350871542793e-01 1.660186134781065637e-01
2.717193058915834958e-01 -9.068867086789772491e-02 -2.077099106318512078e-01 3.968907325465201308e-01 2.604471691299238834e-01 1.619525494411520883e-01 2.037671941409536502e-01 -9.018589617862840524e-02 -1.234109408078209597e-01 -2.125084870253705904e-01
5.571903022646603615e-02 4.047548350128785111e-01 -1.863714274613184341e-01 1.663488392151697137e-01 2.466424985667597380e-01 1.261822283002222433e-01 9.890899040078035553e-02 -3.930191354363993944e-02 2.374515164180999172e-01 -6.826121008113913979e-02
5.222581294837864707e-01 1.115854519073719714e-01 8.166434847458556856e-01 -8.842754466955611292e-01 -3.956884298442081005e-01 8.720231468664747798e-02 7.579984522875427011e-01 -7.725775133180471377e-01 -2.091709683180398016e-01 -8.074522481475825408e-01
-6.267271508348211118e-01 1.823965029846857377e-01 1.310122976243982551e-02 -6.642686389457759522e-02 3.360366534036537955e-01 -1.323170318879201002e-01 -6.818745858215485844e-01 4.607169287305755701e-01 -6.512177525844213832e-01 -5.965070916812855728e-01
1.080344284771121016e-02 -2.372245892077197438e-02 -1.669999064177203618e-02 2.418457543888105077e-01 -4.810657819568621152e-01 4.104628802698758183e-01 -2.024257000761776615e-01 -2.453901111867482637e-02 2.146369037189596596e-01 -1.158080340600328856e-01
1.707809079013835329e-01 -6.254523523037968102e-01 -8.077969576865331458e-01 -8.181847919151272186e-02 -3.100857680313153786e-01 -7.991618024558343469e-01 -6.671788671251327463e-01 -7.253185857713572160e-01 8.636341255954070872e-01 -5.173688853023754586e-01
3.677930954586542955e-01 4.725849259250066714e-01 -4.058218775598140121e-02 -2.680346947993321183e-01 4.402675858993785329e-01 -2.739149338402160350e-01 5.121706403363796012e-01 3.508951720842288236e-01 1.541859183433539893e-01 1.383543279244345003e-01
-3.189203830902478387e-01 2.918085779061712071e-01 -3.603983994698058829e-02 3.175321808936008156e-02 -6.892736736326352531e-01 -2.347777180971543365e-01 3.325556819263594255e-01 -6.515265152446215735e-01 3.846282011453855953e-01 4.347975501646304103e-05
-1.706096511226639356e-01 4.732642431164440500e-01 6.112904718910000534e-01 -7.308387085216407064e-02 -2.067429457979620688e-01 -5.376942665199443416e-01 -2.577862471994271654e-01 -4.038643149849480141e-01 5.164533700425417706e-01 3.550360081339966611e-01
-3.801337341920555946e-01 -5.373934491620979692e-01 8.693580721116663801e-01 6.503640787126484524e-01 5.092526774672541112e-01 -1.410470258442396707e-01 -6.748905254843287072e-01 -8.363274728126567081e-02 -5.764171363891916755e-01 -6.630304275093231725e-01
-6.685446409549918034e-02 -1.096822022254962115e-01 -6.904304779094644351e-01 3.332213318748458719e-01 -3.807538880762498246e-01 -5.766616256269179175e-01 7.958415363736427439e-01 -1.529135267125537323e-01 -1.317632027674958684e-01 3.558951506927239272e-01
-1.493876163653032885e-01 6.059011471609733190e-01 -4.881977670484468068e-01 -6.684855740381090428e-01 2.555123843331586486e-01 1.323057257524857255e-01 -4.409158403775116641e-02 2.583926984564066109e-01 3.158840943729966377e-01 2.467688988372292169e-01
3.089447658203700042e-01 6.333680848338288927e-01 -2.221311054739131541e-01 3.522072375278641476e-01 -6.090542488918845310e-01 -5.777551630334450961e-01 1.097525188540156432e-01 1.919207619778930396e-01 -1.170720484726745642e-01 -4.399804339091709648e-01
-3.433494971491402731e-02 3.191250020645157170e-01 3.507350985063381610e-01 3.131031248192347460e-01 5.172992162579398423e-01 -2.779485722334889553e-01 -3.697645521660789525e-01 -5.287744498204197119e-02 -5.640281750352156287e-01 -6.202433506542847502e-02
-3.534163033088345562e-01 5.877223194253825556e-01 2.764775466062516784e-01 4.286526968621939271e-01 3.987648445819955700e-01 -4.533037921601777986e-01 3.553028876540250125e-01 -2.578854458012571627e-01 7.155824903138936488e-01 -4.216710821381206009e-01
1.036214133989112329e-01 4.980356714224205839e-02 3.409490795878017400e-02 1.026952710506080779e-02 -4.931023829539213019e-03 -1.515113391152761967e-02 3.997982681912443147e-04 1.940238221033745158e-01 -1.327990284071942605e-02 -3.512585912337220020e-03
1.212255394774146428e-01 -2.745581096133789187e-02 -1.027592421475487065e-02 -1.507492196043258015e-01 -1.889268213523530027e-01 -1.395916110477056146e-02 -4.920373905127156666e-02 7.693974801160634314e-02 -1.056546697675185970e-01 -2.560018438400860630e-01
3.824466405348883047e-01 -5.486572312221559278e-01 -2.849253412593552581e-01 -7.032172946737551555e-01 -6.884389813230949728e-02 -6.931556710979899227e-01 -2.040364160357696355e-01 -6.344156528398299244e-01 -2.091449170931954787e-02 3.143541538690047821e-01
3.293360590835923279e-02 -6.716050566494079221e-02 -7.212416586792072537e-03 1.711904947676359898e-03 1.789931465433033664e-01 -8.722759486996876921e-03 6.761671110786826588e-02 5.051555538954208280e-02 -1.146682642185587603e-02 5.762899381853956587e-02
1.118442849181352228e-01 2.452972042001566044e-01 -3.109116563634141753e-02 1.255351596546101234e-01 -4.061844026855803563e-02 1.529765770758464150e-01 -2.638658912146346069e-01 1.736471665410761200e-01 -4.877628029863839872e-03 7.190144554411270761e-02
-3.801736904452817090e-01 -4.015475617284884613e-02 5.793056955728894675e-01 -5.106469010780466389e-02 -2.527277748447659400e-01 7.101953871476802682e-01 -3.181509909911865996e-01 -5.158885102619084062e-01 -4.077843856027136837e-01 5.446947538645697806e-01
5.803723409300683977e-01 -7.549055578267378774e-02 -2.596647909976927959e-01 6.618580171182779637e-01 -2.619443406337539360e-01 2.617181115843473377e-02 -7.756084071311342143e-01 1.503449773496961517e-01 -5.354963600197543139e-01 7.418671807448858901e-01
2.413854692539893487e-01 1.622142239849674872e-01 1.309102516220665875e-02 1.119729465055820106e-01 -6.952124854794462794e-02 9.016480503947592318e-02 4.732721265773721930e-02 4.719910417935842262e-02 1.107146221571311956e-01 1.319044248233977590e-01
-5.198428496596165793e-01 -8.462425910039613752e-01 1.554608356315109186e-01 6.036274541599253585e-01 -2.753446338712930430e-01 5.896561214795117412e-01 -8.403376754000329019e-01 -6.971817286836842764e-02 -6.876850755532694093e-01 6.391912882326151735e-01
3.128919134914602464e-03 5.155374222528898848e-03 2.125340269983571478e-02 -2.174037722260217451e-02 5.366965341125803923e-02 5.314148050973797194e-02 -2.347738465358871138e-02 4.148992337448446921e-02 -4.566359882038126955e-02 -2.116816750546054310e-02
1.983950735534745768e-01 -2.349473598311493105e-01 -4.368917373764923950e-01 -2.994865966477903707e-01 4.348853093930624691e-01 3.654124489332801762e-01 -2.092861596959398329e-01 -5.284318332490226533e-01 -5.153021018058313585e-01 4.892558406709066610e-01
2.765011173560143476e-01 -5.050612641343887876e-01 -2.063555018956905046e-02 -3.361694289434288274e-01 9.790796933937447044e-02 -2.898779729242223491e-01 -3.852854212150331192e-01 -6.217658047932421439e-02 9.091339389811574009e-03 1.765589248182542759e-01
-1.066970959792317569e-01 -2.739971192317486315e-01 -7.509719864925341881e-02 6.561737905431963558e-02 1.853420154297419908e-01 2.054275280333881237e-01 2.245444530218736467e-01 1.855839961142781436e-01 1.159620995966003376e-01 8.836104988729434617e-02
-8.559899186545192329e-01 4.488764072754788947e-01 8.840742612343646667e-02 7.401583099125311760e-01 -2.688831353094524035e-01 -3.179347448068424176e-01 -1.515038433937436202e-01 7.619912668431094716e-01 -5.127160987474834591e-02 1.401158035154035364e-01
-2.412462257149166622e-01 8.390746892047207250e-02 5.651062915232264450e-01 -4.027743188804164265e-01 1.992236337687254000e-01 8.061721413641754763e-01 1.950667691909632739e-01 -7.678902957489514361e-03 3.365417228157159268e-01 -4.146362976586483451e-01
4.222734734112246376e-03 1.100356912410709598e-01 -3.499481894029803086e-02 -9.130651543560830419e-02 1.127565374823594480e-01 -1.506306402215390472e-01 9.125653342632075726e-02 1.298853279776942919e-02 -3.348725341362698404e-03 -9.709255621587845053e-02
6.295070374285163806e-02 1.833720387196419166e-02 1.977796416327388396e-01 -1.703464893064796093e-02 -2.430235897467782763e-02 -4.100963438741487416e-02 4.095819523621032493e-03 3.094590549213459274e-02 -1.086746891407051330e-01 2.232483751924759993e-02
-2.851426677938272425e-01 7.626680977215880564e-01 9.139178755615341432e-01 -6.202308100544714486e-01 -1.044932702122077367e-01 -2.484038237833205709e-01 -3.175769004452648203e-01 -2.265292627423270422e-01 6.794686515618627576e-01 -3.975879428340901023e-01
-3.377280812114197284e-01 -4.366843071004858912e-01 -4.449418542587751935e-01 2.740656058577702892e-01 -2.329389989491775781e-01 7.285960629998492477e-01 -2.082289122965177153e-01 -5.145826500174590645e-01 7.491697881052941654e-02 4.379266540873963387e-01
-5.075764311531492101e-01 4.419377679831046346e-01 5.393774211058701695e-01 -3.210307413949101130e-01 -1.556602913594577753e-01 3.177448386801665636e-01 -3.198833644922765007e-01 2.311594869856918866e-01 -5.809924625373319440e-01 -7.118382323131835498e-01
-2.341472440435517777e-01 -4.525142123847316067e-01 -6.237349470051881672e-01 -3.838558827301287724e-01 3.783691024653819124e-01 -5.359482582259993411e-01 4.721487112216317394e-02 -3.166606938996904264e-01 -3.662150250233157101e-01 1.459389103288263045e-01
9.842847374211771694e-02 -3.954381832372772659e-02 -2.322126814503046310e-01 1.614893900344271660e-01 3.143844050868983137e-02 -9.319939349030970099e-02 6.476527155933842206e-02 1.030981894991715893e-02 9.234515387527676700e-02 -2.098508376712765744e-01
-2.547444942264354695e-01 1.634206884301009077e-01 1.971807862473505535e-01 -1.456035809589107943e-01 -5.746713532682367065e-01 5.614898380749536733e-01 -1.227793050435295047e-01 4.374746947652435880e-01 -1.754644709624570142e-01 -5.479212537691896534e-01
7.660120210330056967e-02 2.831120955319530938e-02 1.969063749900387683e-02 6.657473671554010874e-02 1.040780130831483047e-01 -1.274231681030481636e-02 7.818334107288320289e-03 2.575839267543733602e-02 -4.939360293990640704e-04 8.371845837168075469e-03
-5.654165888811077956e-01 -2.822956353034351551e-01 -4.561739992184777881e-01 6.325279253710774929e-01 -4.839139102930287151e-01 6.913753972191466479e-01 -3.440831088176595776e-01 -4.564114150845438589e-01 4.821674532245780465e-01 5.612830849954905110e-01
-5.398896169229272513e-01 -7.970970820269158985e-02 3.621489726623701166e-01 -4.034500573158002722e-03 8.202696599911841746e-01 -2.675116538960567447e-01 -2.277029799134106802e-01 5.789332777619211612e-01 -2.556344402095300783e-01 4.227537515913445398e-01
-4.611755795139943492e-02 -2.887895753987259478e-02 3.649644540237594048e-02 5.695331348721476700e-02 1.118579071042976117e-02 5.748597609292671606e-02 2.621577809279701868e-02 -1.352476947053400137e-02 3.625811509891124166e-03 1.179461394013829184e-01
-9.359079448451182448e-02 2.342230567283970222e-01 -1.931780153274814671e-02 6.970703880043793710e-02 1.623749452650708747e-01 4.921021168146379882e-02 -1.364928884065951809e-01 -1.346309929319940146e-01 -4.461768190677095625e-02 -6.345724789928834653e-02
9.466526887742245447e-03 -7.032558241587007208e-02 1.704042923147348551e-02 -1.657702287885688408e-01 8.907610230281816366e-02 6.428643053646175554e-02 -8.310823135485648216e-02 -2.255035096478321677e-01 -2.712460011285975914e-01 -5.306323976678911647e-01
5.184061001351593090e-01 -1.036945239299106730e-01 -5.266364968336829655e-01 -5.601927647399873589e-01 1.229245697012475436e-01 8.632000425912786379e-02 -5.130048661833217505e-01 -6.806415225724518625e-02 -6.194352880399552896e-01 5.109805320545519614e-01
4.611999038398938433e-01 -6.363213589026722738e-01 3.783406763896765557e-01 5.747997244227424085e-01 6.292842647644502074e-01 -3.055101078875827048e-01 4.009431689160044554e-01 1.719086840140253980e-01 -1.265224264619732933e-02 4.827144795479024197e-01
4.195158159870249759e-01 -4.464422936701253897e-01 -3.785774407856256629e-01 1.659309268923891134e-01 -1.395486952690783988e-01 -4.136019216013570587e-01 5.031008648713862774e-01 4.226158847768828331e-01 -1.274837031482427552e-01 1.119837113130772027e-01
2.125820415414404752e-01 7.906207600467018981e-01 5.095673300195071587e-01 6.025118618485811872e-01 7.222737893186251812e-01 -8.031504300759133574e-01 1.674390876923820826e-01 7.928688551108132865e-01 3.089495359496274851e-01 -8.702827180595354983e-01
2.697806811329627741e-01 -1.133827581863373207e-01 5.272114176412584508e-02 1.347580199938719636e-01 -2.047922790023676831e-01 3.504005594072859275e-01 -3.052446990720227710e-02 2.417916995147718351e-01 1.393061427184081880e-01 3.480933709074343074e-01
4.322856344821681129e-01 -5.388341633859902169e-01 5.565829259983048338e-01 -3.538976814024197837e-01 -1.771411857373298426e-01 -1.602010005670862769e-01 5.559760919183307504e-01 -4.455788763104893691e-01 3.267864582293663056e-01 -2.323264460845401724e-01
6.766387347234890104e-01 -2.550036001543870556e-01 -7.074584532560286299e-01 8.932583712407800025e-01 8.626010642852723065e-02 9.341072077569158028e-01 6.929450204352914922e-01 -2.708447988666320971e-01 -9.290677505436950590e-02 7.890342439403916774e-01
-2.183784140153292030e-01 7.007743535471525932e-03 6.352854364274086729e-02 -5.212734090484678617e-01 -4.265511872702978935e-01 -2.365963979259312899e-01 2.170132720695668593e-01 -4.054810111684228890e-01 -2.958925620431382408e-01 1.429750196237159487e-01
1.163524876314982583e-03 4.554635849721300200e-02 1.811675551361189088e-02 8.444246718175588140e-02 6.447593673097002341e-03 7.225976080745923069e-02 -2.648945101181395066e-03 5.173993421775115176e-02 8.877610465176133045e-03 1.661350616218663229e-02
-1.264965248972388934e-01 -6.032129376445012348e-01 2.758269042944471172e-01 3.316034810023881646e-02 4.914696590211815597e-01 -4.561309506021879456e-01 2.469594476601649768e-01 -3.982289775118674213e-01 7.147418704505228426e-01 4.418880743959597845e-01
-4.830096726399766283e-01 6.750405004318833502e-01 -1.036744759935821908e-01 -1.628115878378842418e-01 4.555500574313949835e-01 5.136970572410788360e-01 2.685843261278079153e-01 4.595615554068786524e-01 -4.627287916636247944e-01 -3.979186346347296510e-01
-6.515998622822569142e-02 -4.137819292595071308e-01 5.481174296496604120e-02 -5.778411227931507660e-02 1.539513771954628130e-01 1.776383188996224216e-01 1.129272606314311311e-01 4.089270430330030903e-01 -2.716823256007729892e-01 3.258959818692639399e-01
-6.774081890399858974e-01 3.952160902186237501e-01 4.481619406279973572e-01 7.199240083237813392e-01 1.306624036413855106e-01 5.890221422597721190e-01 -1.913520207062336664e-01 -8.454804144546701483e-02 7.054189654936207088e-01 9.197193745648483965e-02
-1.490455970286428122e-01 6.238829338448257378e-01 -5.614610852649887240e-01 1.914934212269855662e-01 3.063025306347522125e-01 4.259721161733507344e-01 3.999962027403931586e-01 1.154962424535643101e-01 -4.287268468908513736e-02 -1.581436504141915389e-01
1.141309161749046348e-02 -5.498432247341662922e-03 3.170103038136696388e-02 5.434586714047122402e-02 7.536745162367509965e-02 2.247209274886208599e-02 8.081138965218052916e-03 9.448750404583844409e-02 4.005893291682081220e-02 4.625914927661015780e-02
-4.907747487519814045e-01 5.993419818706006152e-01 -4.900992586804009954e-01 -5.609780208276271204e-03 5.723019675471222589e-01 -7.475760163737799058e-01 -7.993210579998674126e-01 2.622231199486789177e-01 -3.389380874190269233e-01 -7.029624128491114288e-01
-2.119159092916977072e-01 -1.565157989581417164e-01 8.028220304328255452e-02 1.386980477871176398e-01 1.410725500371926844e-01 -4.130462998223229376e-01 1.105942996721705068e-01 5.751896768733030241e-01 2.052394096457134942e-01 -8.232324380577549228e-02
-5.440340857569382349e-01 1.967508474512875971e-01 -8.097155658095286368e-01 -3.330196425636767210e-01 -6.752620360799941324e-01 7.873454929127787771e-02 -8.324105742800259611e-01 -5.071964500782000229e-01 8.002510901340685878e-01 6.870529305502002249e-01
4.587164444595750318e-02 2.881142908815623183e-02 8.463490115146038439e-02 -4.388624324922204417e-02 1.978003726408920915e-02 3.189186529237675316e-02 3.448820723386165216e-02 3.632745391880265462e-02 1.741150462467653919e-04 1.374468552816333379e-02
7.451556017438072665e-02 -2.037941142496146052e-01 2.926306752797095401e-01 4.333956563411136553e-01 -4.831498775704272663e-01 1.857972444998070016e-01 2.243775866060964963e-01 3.737940010153659176e-02 -4.939980424763560918e-01 -5.555248118413823599e-01
2.090520602751354262e-01 -1.124320080404217215e-01 2.090402582998259207e-01 -2.640430131001521991e-02 -1.898786751275767237e-01 -2.242569065775518733e-01 2.274526059777639275e-01 -2.384313328089188722e-01 -1.063397200139269833e-01 2.774597292444418439e-01
6.965874996104772787e-01 -4.800067597142496090e-01 4.768107666434427960e-01 8.245664027971945087e-01 6.134338418863266584e-01 -3.286057964064608566e-02 5.271073115515410024e-01 6.936991257145688206e-01 5.925104809504502246e-01 1.054216590755478744e-01
9.686192528248316336e-02 1.150679030138669345e-01 4.730650366134541152e-01 -1.432711027427303885e-01 1.860691808280676429e-01 -1.967719714270984854e-01 8.840595916783948460e-02 2.647767695294817036e-01 -3.721457333867707051e-01 -3.559610970848877676e-01
-3.568851341846029368e-01 1.337311885963520519e-01 3.852055999385023410e-01 -5.816061255050904988e-01 5.703610059202105509e-01 -1.208359944552356152e-01 7.210843590822439975e-01 -5.607892098938450642e-01 7.488324419827982470e-02 -4.131648328219202776e-02
1.549052653566765914e-01 -2.145514423927489533e-01 -4.091949527643969353e-01 1.247153113660403982e-02 5.149846901463910054e-02 2.887538776672683369e-02 3.728744650837413355e-01 3.785148697589241773e-01 -2.791732803853589143e-02 -4.831269242477410630e-01
3.044367573100312252e-01 -6.139760663030029431e-01 -4.687688085084824041e-01 3.028864922003161181e-02 1.541473616934512236e-01 2.915849814536529139e-01 -2.633764519613577271e-01 1.999041376862192576e-01 -2.637206830933059298e-01 -4.027682473249241668e-01
-3.662391308618494906e-02 3.778182225742955369e-01 3.170561281833376155e-01 1.811948151063686729e-01 -5.134045690421417535e-02 2.233622241954110743e-01 -3.222858138738871059e-01 1.833671287950181250e-01 -6.088149361403781632e-04 -4.144529940839375426e-01
2.500576697330873510e-01 -1.878768784726902730e-01 -1.561539694181468541e-01 4.513997861193123629e-01 3.866525886175866678e-01 4.687031673729675219e-01 6.905718705795224066e-01 -9.482835193771317617e-02 -2.889296178233198287e-01 3.425448120655612549e-01
-5.093027266589937874e-01 -2.111885638361436779e-01 -5.569779890149897245e-02 -7.210525440615537726e-03 2.647124960804525529e-01 -2.292184817176251277e-01 4.053667103882196629e-03 -1.834467645610552422e-01 -2.857819088076074543e-01 2.371688460091123385e-01
-1.414008823749410004e-01 -6.030031650262793197e-02 -2.137501959536413365e-01 1.972363089416944160e-01 1.626632200001880690e-01 2.395073885781498768e-01 -6.106276564121477374e-02 5.531620379769438406e-02 1.198010640321574196e-03 -3.179065795969593378e-02
2.106864626943872054e-01 2.419932811082859681e-01 1.713651930527036182e-01 -2.132862593693479469e-01 -3.640068717510884788e-01 -2.428683478046116673e-01 2.378357129682252269e-01 -3.089239773466516126e-01 3.494915772127297204e-01 6.532994439308703605e-02
-1.981360035501698644e-05 5.351048101386419731e-01 -4.410900979112657438e-01 4.749581172708269294e-01 6.461759210897681793e-01 1.768827308619174699e-01 3.234149410930077240e-01 2.757393186562480114e-01 -4.688947220205865185e-01 -6.461552567730687313e-01
2.802663214425936133e-01 -3.690454647844725322e-01 -3.876048925073495854e-01 -2.312914398397298565e-01 4.682110107769242302e-01 -4.252787099725171410e-02 2.083148404352532304e-02 5.143911909274726524e-01 2.604603555910512402e-01 -2.426395098404957318e-01
-6.622572339185053836e-02 2.962331466247459799e-01 -2.508561815953820329e-01 1.818492934377300141e-01 -5.115763522352200221e-01 -1.680297367583477863e-01 3.094556279647837083e-01 -2.794746200438016359e-01 6.668578321829451427e-01 4.495987619339892327e-01
-8.521012971625606044e-03 9.322708815330262022e-02 2.100199882855992017e-01 2.042938804716765977e-01 9.005696269593428671e-02 3.521004807998828756e-01 1.680339276854632968e-01 -1.088819118010292686e-01 8.637165206320973621e-02 2.521141660117043326e-01
