6.295219922030625970e-01 -7.964023841747679411e-01 -1.149738804526118791e-01 -6.200295321239557289e-01 3.226002560009118003e-01 -4.555381067701800846e-01 3.511575238066040883e-01 5.924742683894905770e-01 8.040205305143267589e-01 7.080774337890475278e-01
1.494825706338794302e-01 1.206183980710504033e-01 -3.884038932874964156e-01 4.040286131847775630e-01 3.957956341376246967e-01 -1.079286180162226522e-01 -2.521627826540014383e-01 -4.316672749353456795e-01 5.163816249867249075e-01 -2.683812900080316810e-01
2.789342447772757971e-01 4.417399688028624816e-01 -2.000807100112188611e-02 6.559689159865272901e-01 -5.671144207212407418e-01 -2.936290625963262624e-01 5.551642772597775721e-01 2.504443507877801012e-01 6.816064250493532040e-01 -2.660428720311160400e-01
1.581193781632916628e-01 -2.087021114861579707e-01 -5.677924039179230165e-02 -5.944833876510081938e-02 -1.664320724221111103e-01 -1.793564256284370939e-01 2.271818519844006068e-01 -1.963938990265230999e-01 1.644034882052055058e-01 -1.070308414075974296e-01
-2.226004046310769632e-03 -3.409731003108896000e-03 6.030747602303488525e-02 -1.054422500226494600e-02 8.644083077247881330e-02 8.005197897964437537e-03 1.672326661938742035e-02 6.473819146556945847e-02 4.264863985997788438e-03 2.736351549105674880e-02
-4.455913479524338250e-01 -7.471537924012906506e-01 -4.071187364649894030e-02 -7.938279019815347448e-01 7.016388649044936754e-01 -6.937948974528556079e-01 5.531083649400350133e-01 7.118196194902891571e-01 6.744086007052636500e-01 2.297469722428576722e-01
-6.668790515970119022e-03 1.521205102139178977e-01 5.482299751321861175e-02 6.628374898223104647e-03 -1.386477692399987020e-02 1.242684563617113373e-02 4.013977568066363910e-02 6.701927139362414071e-04 5.557013536819817301e-02 2.443559344387058897e-03
-5.349245567251138533e-01 6.803280868446921481e-01 8.096257168407489102e-02 6.855189017346642322e-01 2.258196582122063978e-01 -3.245441106461334213e-01 -3.838659021298508889e-01 3.202656836540868079e-01 -6.047444856066055419e-01 5.598471241618533378e-01
-6.946048781772948266e-02 5.907272769199338747e-01 5.501376752759455924e-01 -5.606146162275927880e-01 -2.788753792424638056e-01 3.699910494878364542e-01 -4.187249057219761816e-01 7.197710269766647295e-01 5.171143884103475141e-01 -1.898532768703611318e-01
5.050142679496803962e-03 -1.522486051771016488e-03 -4.939162876680371940e-03 1.983452988504527670e-02 7.853581649515402330e-02 3.068405068166386168e-02 1.031519380949359570e-02 3.600224174758043238e-02 2.207005835711014011e-02 2.452189402455934655e-02
-2.555541659567360166e-02 8.600609168300824003e-02 7.768410494715474734e-02 -9.265376509232815805e-02 2.384155594321737681e-01 1.338729410015064960e-03 -3.369167852822842896e-02 -9.560143332039503644e-03 2.625886492763015653e-02 4.913060288067063602e-02
3.422982016307379860e-01 -3.188937551025858297e-01 5.947161453837283007e-01 1.864188741681366279e-01 -3.493981780137782323e-02 -2.090276485363074255e-01 5.402997023197640969e-01 5.067718339800981742e-01 -4.532923105617329140e-01 4.087273631451796008e-01
-4.231201069667231418e-01 -4.363136676265555458e-02 4.430624668278421718e-01 5.818817107214954154e-01 4.658459101424382021e-01 -4.626800590688970316e-01 2.075755295779243004e-01 -1.353780474459721495e-01 3.165359808972443290e-01 -1.284542029511381578e-01
4.167290833398232253e-01 2.003765760036741728e-01 -4.647200262149904781e-01 6.369482475299773627e-01 1.750910001986072662e-01 5.432994622660271972e-02 7.422640293869249284e-01 -1.614059225680500309e-01 4.116135466206604643e-01 2.860289869771074911e-01
3.106853979075658301e-01 -5.501259530459819969e-01 3.575743714099678949e-01 -2.367107038336769553e-01 2.909712288798680935e-01 -1.810551381433377072e-01 -4.553469591629489832e-01 -1.671294537922257961e-01 -2.009788271786961122e-01 -6.843655718293054635e-01
-2.013665906860719751e-03 1.513851413912925027e-02 5.229813833148498625e-02 1.432987697705279118e-02 8.697787857360094604e-03 4.422166477348126595e-02 4.211567149874110780e-03 2.047672945328016334e-03 2.140421834326056844e-02 3.080380060479448803e-02
-4.199727594509020112e-01 1.027710771758965635e-01 -5.545521300365463535e-01 -4.777241727052100595e-01 -1.069640132806920496e-02 2.091200078669761542e-01 -4.199606816286416411e-02 3.628742092779110306e-01 9.792919211875807106e-02 2.422229767343775098e-01
8.297683416486838492e-01 -5.337678308292386209e-01 -7.693728653294641395e-01 4.700897685852518659e-01 5.959050499359425102e-01 3.149314852152320654e-01 1.115674493844644038e-01 6.657058838635704356e-01 8.042215527199320091e-01 -4.411913880896149442e-01
1.575072676408169987e-03 4.199404163069120344e-02 -5.900826361504901696e-01 -4.771870339776271286e-01 -5.785032272822910882e-01 2.855748022624571836e-01 -3.642137065917636640e-01 6.683547329753631860e-01 6.723560597873601274e-02 1.283335366861217824e-02
-4.642699977601916911e-02 2.549196469018991662e-01 -1.369806275960363806e-01 5.980782084201714810e-02 1.846397879337356440e-01 -9.092653665157959808e-02 -2.163549830902323501e-01 1.522715805907125519e-01 1.554509640855026020e-01 3.432039709710534015e-02
3.262872693888755476e-04 -5.480491973542547801e-02 -2.439310258053322689e-01 3.686296798638077910e-01 -4.129033990121255826e-01 -2.469515147366479341e-02 1.806814860229923880e-01 1.864870219186171019e-01 -3.134569613308774705e-01 1.797782630706609153e-01
2.802522972031870618e-01 -9.414322189139051611e-02 -2.406495471305400424e-01 4.069970018091951247e-01 2.698172888043516293e-01 1.660979913156760968e-01 2.141530229853338130e-01 -8.770027993959859935e-02 -1.275819705680153182e-01 -2.136845816116516306e-01
6.082208666438385092e-02 4.292237564506405922e-01 -2.170377245925669552e-01 1.767258539654394389e-01 2.617249372007944830e-01 1.347311190614643439e-01 1.045723227562773000e-01 -6.606085485166049431e-02 2.513684395144006323e-01 -7.159010484174903322e-02
5.222954993226407439e-01 1.115351187898572377e-01 8.166509128554578778e-01 -8.842823112706894584e-01 -3.956366021601449012e-01 8.722718877845686558e-02 7.580247241360241750e-01 -7.725533436178049218e-01 -2.096305933152534384e-01 -8.078288221534905000e-01
-6.274364914729095855e-01 1.831198228153737839e-01 1.250212783137264437e-02 -6.613986061222287827e-02 3.366790010422237023e-01 -1.369062189617538117e-01 -6.832563724658307081e-01 4.635222611436885520e-01 -6.519413158242790551e-01 -6.018256796847402113e-01
1.156204729417694387e-02 -4.587989047945693899e-02 -1.606378437190102842e-02 2.497395843386410463e-01 -4.911425344400824344e-01 4.257690546049223146e-01 -2.080186543532033250e-01 -2.465545880824106251e-02 2.216096264471114075e-01 -1.163221423866755699e-01
1.709378264532389613e-01 -6.255174269953009958e-01 -8.095943410794110839e-01 -8.169656654736337509e-02 -3.101248962506505391e-01 -7.991320196786875218e-01 -6.673788402999423219e-01 -7.254233023339001774e-01 8.640038694938358965e-01 -5.172412485120384540e-01
3.690665353057195341e-01 4.742046356671559826e-01 -4.058891229068704171e-02 -2.686351917773238118e-01 4.393974366125176223e-01 -2.807303389270972560e-01 5.139763082748276535e-01 3.522278984029740267e-01 1.548413717542341250e-01 1.386383439533944162e-01
-3.189789077878610324e-01 2.886110641592626314e-01 -3.544570541927348495e-02 3.115415781537955384e-02 -6.905562227652274343e-01 -2.399281237649027176e-01 3.288930027188768368e-01 -6.534676230344212966e-01 3.862049593543726012e-01 1.022547058620428993e-03
-1.730981107322085433e-01 4.781774987758778406e-01 6.149762151742516059e-01 -6.988433358934144357e-02 -2.217708244522981764e-01 -5.407236487262083724e-01 -2.596456232219803151e-01 -4.134076491485232374e-01 5.211852775966379081e-01 3.619855956596634283e-01
-3.794169078351830593e-01 -5.427306277943881874e-01 8.691147779396040107e-01 6.493154671834957536e-01 5.111213493465335267e-01 -1.407643681472954544e-01 -6.768773563578022179e-01 -8.306574537869980401e-02 -5.789920204588743236e-01 -6.626021564027888555e-01
-6.663073227395990838e-02 -1.094836182124251378e-01 -6.916915270254065939e-01 3.336784635589702397e-01 -3.806731429591171945e-01 -5.818622458698274880e-01 7.981269116910247874e-01 -1.513849338846335324e-01 -1.318055739394426995e-01 3.534453040701739934e-01
-1.485139382670953578e-01 6.074251771697504187e-01 -4.887871948412345624e-01 -6.692404548823411847e-01 2.549784259892741711e-01 1.317802429654308383e-01 -4.267846701977010687e-02 2.516616061869971777e-01 3.148666129873674002e-01 2.498628744876275898e-01
3.103158914498672094e-01 6.361586320741362544e-01 -2.221651902069954332e-01 3.540344405215314905e-01 -6.181207739781382493e-01 -5.803693755347368866e-01 1.079641876505567227e-01 1.935331829706685713e-01 -1.163522514150325815e-01 -4.415596330606000874e-01
-3.388330003970908832e-02 3.153533175703545077e-01 3.519365758178965020e-01 3.136828166458769385e-01 5.178788451104109347e-01 -2.793108469811190209e-01 -3.706404375184879640e-01 -5.370153942861845969e-02 -5.646441495197930260e-01 -6.159217471663675642e-02
-3.532044936534788349e-01 5.904066203363135257e-01 2.739720709129885856e-01 4.295063628453045790e-01 4.034856678145407605e-01 -4.502940500365886778e-01 3.570888486190678668e-01 -2.646849960690723091e-01 7.188273619805206627e-01 -4.223165592213058983e-01
8.465233634501097282e-02 2.530447981799400017e-02 3.542919033620668678e-02 5.140980964642791716e-03 -7.958999299418985721e-03 -3.214084743419525891e-03 2.517480173452942439e-03 1.403549147396890295e-01 -8.443113956273822635e-03 4.169411531059997664e-03
1.708950601671670733e-01 -2.087646382225048086e-02 8.406270144500675723e-03 -2.045523506198487773e-01 -2.951299556966843762e-01 -4.867230465249026972e-03 -7.242943717915628632e-02 1.312168602111206950e-01 -1.249573106627765717e-01 -3.270999608683913262e-01
3.831993158720106152e-01 -5.493681922512474447e-01 -2.863158280817504897e-01 -7.038289014652707731e-01 -6.877046635648652317e-02 -6.973772057016216497e-01 -2.025278336751677177e-01 -6.334453630932639356e-01 -2.112728691614317381e-02 3.079244901528931377e-01
2.173630538221662384e-02 -1.016409375811848648e-01 5.508930671141195994e-03 -1.663135299136232065e-02 1.673128489484881909e-01 1.923579716353761987e-02 7.464262820007452892e-02 8.240853301008813081e-02 -2.684854554567700502e-02 8.507234130153978890e-02
1.154122527460246239e-01 2.515346692740986212e-01 -3.917763225210633277e-02 1.017506216005895636e-01 -4.530748388426594775e-02 1.836690773167001522e-01 -3.056322160163252866e-01 1.920450339263471418e-01 -1.448696859305875773e-03 7.115013509138601311e-02
-3.864490315570831003e-01 -4.151387828000455138e-02 5.803028671368953839e-01 -5.047579008955173363e-02 -2.539919826073137044e-01 7.132410501973800443e-01 -3.184249835529679440e-01 -5.211488388320681953e-01 -4.077579461600640554e-01 5.406816429689822456e-01
5.804145102253068789e-01 -7.633477072733145519e-02 -2.596747430669116286e-01 6.619141040098902584e-01 -2.619676603812811089e-01 2.611728791927608873e-02 -7.756583748394961786e-01 1.503440113695362623e-01 -5.355124953296303003e-01 7.419133635627669365e-01
2.532683388201782959e-01 1.767510479658699341e-01 7.369740619206558915e-03 1.182834296004020985e-01 -7.563432847670063797e-02 5.345365974452208346e-02 4.344008533178596310e-02 5.868949512827490583e-02 1.207342893673277878e-01 1.440042523315873124e-01
-5.196948403020330565e-01 -8.466656174842814853e-01 1.540630555871423391e-01 6.034863120975352269e-01 -2.750789600247240396e-01 5.897367315911326013e-01 -8.404435222942717720e-01 -6.942007602061033011e-02 -6.877153258062337349e-01 6.391977519711635747e-01
-1.320256427321564625e-02 2.772243880654614093e-02 5.422292833349164065e-02 -2.640167161226406045e-02 -2.342028658671446023e-02 -6.043672120552116833e-03 -9.097063566561529313e-02 5.302565454591005173e-02 -7.834556905269601801e-02 -6.329655539540056386e-02
2.016775682452207341e-01 -2.370284177948734916e-01 -4.396250423846554400e-01 -2.981822251257472134e-01 4.327741199534138050e-01 3.666937099295998759e-01 -2.063719173807762597e-01 -5.415858650485767534e-01 -5.205609717904760014e-01 4.959296362410912651e-01
2.829985317462533900e-01 -5.174256359334068467e-01 -2.132157497319325454e-02 -3.446728266109060912e-01 9.685353864449844363e-02 -2.980534526747401491e-01 -4.136268391336230255e-01 -6.571376571392502364e-02 1.037147023519398130e-02 1.812099455818505789e-01
-1.170340662425588957e-01 -2.969650185553550648e-01 -8.020553569243840664e-02 7.497947725687666154e-02 1.634266034088424913e-01 2.246296395571480697e-01 2.450993758869459138e-01 2.049658306263129337e-01 1.297168366184972832e-01 6.327002420823234219e-02
-8.563931970122974358e-01 4.481288543183966078e-01 8.861125359849494898e-02 7.387817610385862821e-01 -2.689689079825601237e-01 -3.179370996143688344e-01 -1.515607895534489546e-01 7.623485745520051093e-01 -5.122044104183066937e-02 1.403024506869902377e-01
-2.451938454704040982e-01 8.411906098358019890e-02 5.659478463165452666e-01 -4.033855374929357085e-01 1.996722452267104542e-01 8.072559594888758516e-01 1.952997577164169718e-01 -7.691078949811355064e-03 3.370152134392324639e-01 -4.150912683671277303e-01
2.812457187837982559e-03 1.448988563891395465e-01 -5.808367265303782112e-02 -1.556109082987507941e-01 1.768091832453168311e-01 -2.104747750439511789e-01 1.053799376866713586e-02 2.439738189648893787e-02 -1.028431908006375954e-02 -1.428235185477754465e-01
7.795967980232534900e-02 -1.577877614643806783e-02 1.654538833365676587e-01 -1.482296950031294913e-02 -3.815726683054738305e-02 -4.853548058417103683e-02 -2.452641226799076590e-02 2.989410639254455257e-02 -1.430064423076968516e-01 4.273657454050541760e-02
-2.860144300797425321e-01 7.673239617822918968e-01 9.164651975721896937e-01 -6.225847030909269497e-01 -1.041716262646822516e-01 -2.617487135648204899e-01 -3.140528171293986981e-01 -2.219413226772240788e-01 6.825989179289801978e-01 -4.091433269264038164e-01
-3.395740314498423285e-01 -4.367972275850987574e-01 -4.449048649981622305e-01 2.751822047468937549e-01 -2.321980447302025019e-01 7.258217668866043804e-01 -2.103638640222826317e-01 -5.145011998677551102e-01 7.543839301129075248e-02 4.401432970606385942e-01
-5.075960038332500979e-01 4.419673342214292533e-01 5.394307189530389568e-01 -3.209817791347599480e-01 -1.562503969280791827e-01 3.177521923863117492e-01 -3.198830086942263673e-01 2.312881455199991831e-01 -5.809641444901526564e-01 -7.123535169327357419e-01
-2.353915890479603978e-01 -4.536762643762243252e-01 -6.260515013392106143e-01 -3.929848209424037231e-01 3.806352278254583887e-01 -5.372936958217091608e-01 4.810742038775078777e-02 -3.177211050571675521e-01 -3.671132014056862625e-01 1.482126250522855238e-01
5.948677536519290238e-02 -4.600827831754807085e-02 -2.482737539116520453e-01 1.764738930289662666e-01 2.653080372641323723e-02 -9.480883669028862537e-02 6.804767039867583300e-02 -1.158967902212244307e-02 1.032713303759879436e-01 -2.359277135926921010e-01
-2.617296394868289244e-01 1.655113917183706762e-01 1.987984951285668156e-01 -1.493645318330112659e-01 -5.798052702634781674e-01 5.645621849048199081e-01 -1.296862032270906795e-01 4.419471226400836783e-01 -1.791839325842360386e-01 -5.519160869736911001e-01
8.590419985452883711e-02 4.008349120064854526e-02 8.539922420328785804e-03 9.575590539309046523e-02 1.147131055279885375e-01 2.914781011579110556e-02 2.914332487446385719e-02 -6.986328179688462876e-03 -2.777516866841773721e-02 1.151645360466632684e-02
-5.663713700689902986e-01 -2.823495001569762963e-01 -4.574395040724639760e-01 6.323658696701447424e-01 -4.816090991283000222e-01 6.953448426331051424e-01 -3.440265206973818768e-01 -4.620829923810031437e-01 4.826393906918523546e-01 5.606040185490669403e-01
-5.397780567857864975e-01 -7.966977499798252871e-02 3.621725111215698956e-01 -3.977721642709538402e-03 8.202243751901159285e-01 -2.675100656897860807e-01 -2.275660922127753505e-01 5.785385737461209432e-01 -2.557266539539594929e-01 4.229596561051235937e-01
-9.624018102176530587e-02 -5.270632222227789043e-02 5.850129117401470236e-02 3.897482598349074484e-02 -1.988355194897681311e-02 1.734907828814780421e-03 5.208639936222957123e-02 -6.053567064477819934e-03 1.401318776778370107e-02 1.008878423344190534e-01
-1.069620525678076778e-01 2.418080076972243531e-01 -1.298079843790390236e-02 8.500109702784737487e-02 1.880508829735295095e-01 4.044032633707519975e-02 -1.746987799391188922e-01 -1.459240106816288296e-01 -5.690356931764239262e-02 -9.053595521929884427e-02
9.998197353739926574e-03 -7.760719781115101024e-02 9.991809439176688873e-03 -1.820753596847592415e-01 1.103889088691765163e-01 9.201957623505403749e-02 -8.789131091676889718e-02 -2.732679345447496799e-01 -2.851598600526161764e-01 -5.715145232011280552e-01
5.237143559326585818e-01 -1.200218203504540837e-01 -5.310569754225922257e-01 -5.666915617006704764e-01 1.276339188316722717e-01 8.735971821191841624e-02 -5.197265035099928321e-01 -6.678174276492176986e-02 -6.279223361740543519e-01 5.158944203975270870e-01
4.620594585309583113e-01 -6.369060691078110015e-01 3.785262747088027346e-01 5.752308641164036729e-01 6.311723744948453119e-01 -3.042712113169511734e-01 4.016649721271546847e-01 1.691737787845446761e-01 -1.216995849381186101e-02 4.824159424852776934e-01
4.259815816863404825e-01 -4.502652356312024651e-01 -3.951162409990854330e-01 1.703516015140490725e-01 -1.395342478064103831e-01 -4.168891114462714431e-01 5.104298301551264405e-01 4.278787658674859107e-01 -1.286179299939105014e-01 1.135523186120632744e-01
2.113255087827819734e-01 7.912856562979314612e-01 5.096925437717978458e-01 6.022429495469679983e-01 7.223463237432923290e-01 -8.033568974263252116e-01 1.672193177837454359e-01 7.939032690014777849e-01 3.088718174305538633e-01 -8.709744066757244552e-01
2.916422024092414911e-01 -1.201308039449731357e-01 5.368188639442737775e-02 1.368354482326244459e-01 -2.039316744565846662e-01 3.884716968220825462e-01 -3.944827703955228887e-02 2.323499657367416593e-01 1.450391789494015760e-01 3.411739730236348356e-01
4.346400091034036683e-01 -5.476665582525299669e-01 5.586024977037890027e-01 -3.539602395449881755e-01 -1.771285256993012092e-01 -1.574175760102569099e-01 5.527382036011069255e-01 -4.480101067659686964e-01 3.279047909942998107e-01 -2.355554990458478826e-01
6.766387347234890104e-01 -2.550036001543870556e-01 -7.074584532560286299e-01 8.932583712407800025e-01 8.626010642852723065e-02 9.341072077569158028e-01 6.929450204352914922e-01 -2.708447988666320971e-01 -9.290677505436950590e-02 7.890342439403916774e-01
-2.181387472275059247e-01 5.739232162100736841e-03 5.769108244569554067e-02 -5.281973847280595491e-01 -4.312692656437416838e-01 -2.343025133553794936e-01 2.232109393589312152e-01 -4.094699330574254614e-01 -2.993309924088666252e-01 1.456016205743648206e-01
3.645113436314764439e-03 4.566377878515079369e-02 1.785823380104452351e-02 5.802243407511380874e-02 -7.177889669901537685e-03 6.270846098675658675e-02 -2.447523292043113710e-03 3.051213492897128510e-02 1.448141677889936037e-02 1.971467879106311369e-02
-1.254409469661218468e-01 -6.036917208001495450e-01 2.776166233038855347e-01 3.273374522656068153e-02 4.896550145306772794e-01 -4.555300612044947961e-01 2.443414571672865299e-01 -3.969466801560258551e-01 7.160129681288270875e-01 4.422623907033633728e-01
-4.827789489619644936e-01 6.689271981869585604e-01 -1.043239907887232448e-01 -1.642771553592202727e-01 4.578589397438471154e-01 5.145998871352469584e-01 2.672245144595730704e-01 4.609348804831441271e-01 -4.651815556937261564e-01 -3.976549541250539721e-01
-6.789279893610451755e-02 -4.254523590167804681e-01 5.848572247817684228e-02 -5.588908620684447659e-02 1.645932831167020161e-01 1.713962964932696231e-01 1.159066988970278989e-01 4.169100311888563337e-01 -2.837511489616127425e-01 3.328146329434857886e-01
-6.776930445295233918e-01 3.952329567444308744e-01 4.483640242039265145e-01 7.206306803380206905e-01 1.307625763163646482e-01 5.895326435654496544e-01 -1.914194358072071334e-01 -8.659166484459286661e-02 7.058428018341410537e-01 9.200594906214844271e-02
-1.491702906095904446e-01 6.244331419932400706e-01 -5.616262091441379667e-01 1.917453684739287012e-01 3.066632463831120425e-01 4.224949824875253723e-01 4.003261317897189864e-01 1.156248213630832605e-01 -4.278435832933022431e-02 -1.580627038677039908e-01
9.862661401298473615e-03 -8.737782111074043553e-03 1.654198618202502510e-02 4.886884512734342850e-02 6.027009434879908312e-02 3.426934024617683122e-02 3.775039196064976753e-03 7.220263058860487693e-02 2.467833536591133164e-02 3.931190731019912343e-02
-4.907561125212659414e-01 5.984505795732762978e-01 -4.899805910050992752e-01 -5.544821170959884395e-03 5.722005591916369260e-01 -7.475776970477433503e-01 -7.992988427159481990e-01 2.623474091596617597e-01 -3.388791905078546440e-01 -7.029615843198926406e-01
-2.161398848661877925e-01 -1.724928220147235181e-01 8.267467689902011085e-02 1.393335484571836258e-01 1.451642845783649716e-01 -4.205559246399863671e-01 1.128069508993976705e-01 5.754891412744855828e-01 2.100334093227864685e-01 -8.319754846562400774e-02
-5.441623746005805895e-01 1.975081866898707184e-01 -8.115919438104294281e-01 -3.336114814135491269e-01 -6.752392439703964744e-01 7.846653049003085578e-02 -8.326841350593972013e-01 -5.073262045875637227e-01 7.996004348201586343e-01 6.880107134437284389e-01
4.599564245703081228e-02 3.420572519790645444e-02 8.082909174083194315e-02 -7.212944849887807652e-02 1.857356342082082390e-02 -9.017184833166188088e-03 1.330450103645362467e-02 8.440654852695449531e-03 -4.555723192703740355e-03 7.099613201559122101e-03
7.626239289669131671e-02 -2.080945732899680545e-01 2.931336392665268575e-01 4.340546775345500152e-01 -4.840879587607510581e-01 1.826307302962783541e-01 2.290933058769100139e-01 3.626121604922308284e-02 -4.974259947723447817e-01 -5.596588793144733343e-01
2.536349885000286353e-01 -1.282596064287441218e-01 2.552543139058588428e-01 -3.714651468964656755e-02 -2.179059518104402293e-01 -2.555646356397049401e-01 2.243936997103536668e-01 -2.877751841277226830e-01 -1.383673448390601024e-01 3.229893439365931762e-01
6.966187217970745138e-01 -4.806261110180095053e-01 4.769200766744263742e-01 8.245864611619161400e-01 6.135122039753080347e-01 -3.284399795738893874e-02 5.270957241729913312e-01 6.937013270583770597e-01 5.924948398435713193e-01 1.054268781805028227e-01
9.401414587636859610e-02 1.158513437991596923e-01 4.680221764876680290e-01 -1.441912378434560271e-01 1.881492729272371267e-01 -1.975841041739849480e-01 8.902318225149165321e-02 2.663474153647675813e-01 -3.732041366030139362e-01 -3.569363391340240610e-01
-3.572000342624468416e-01 1.337729821002528741e-01 3.853466320426132130e-01 -5.818164396863738652e-01 5.705839284808815748e-01 -1.228872724696111474e-01 7.213526763991983115e-01 -5.609968538343855782e-01 7.490928812036935780e-02 -4.131371349032576107e-02
1.593194779086331836e-01 -2.207014759859156072e-01 -4.203560436688719149e-01 1.205152873186136377e-02 5.094869705228759205e-02 3.202895104444883605e-03 3.863573606099545699e-01 3.980327327495586376e-01 -2.825846283710492512e-02 -5.145647065154619337e-01
3.054983405937939378e-01 -6.158491784676828340e-01 -4.744901842380263579e-01 3.025219359880905456e-02 1.552413210208252181e-01 2.924714888525736245e-01 -2.637742042245170837e-01 2.008545947961567768e-01 -2.682118544998530751e-01 -4.036504681661928218e-01
-3.715542695989257349e-02 3.736765606633438153e-01 3.203232713106404228e-01 1.838205895015996572e-01 -5.753728678644394468e-02 2.225052561328467460e-01 -3.248777652970200602e-01 1.853883915478404254e-01 -2.831689970947983120e-04 -4.192319002085213575e-01
2.506988583646250768e-01 -1.878602961247299030e-01 -1.570495010168751759e-01 4.523633006221057795e-01 3.878002036394401220e-01 4.656442628021515984e-01 6.935681335332907205e-01 -9.310631359797892637e-02 -2.936969609513406243e-01 3.398840336756331904e-01
-5.132849098736146365e-01 -2.172486491536185504e-01 -5.324666007205381552e-02 -1.098424143786611192e-02 2.643086829188134868e-01 -2.485501317033924629e-01 5.573482210316384362e-03 -1.836305780432012091e-01 -2.873917087943116400e-01 2.402169159167437118e-01
-1.821770735337273350e-01 -8.127445841180815089e-02 -2.700398066650299689e-01 2.736076053048879242e-01 1.844313434797645868e-01 3.330203336998732722e-01 -1.317841658742577304e-01 5.924333589365429753e-02 -2.603754824680796099e-03 -4.337310281653514177e-02
2.150476061646111603e-01 2.400754511035490812e-01 1.740629119875615749e-01 -2.163397475101344336e-01 -3.661350328490071138e-01 -2.436103940304068238e-01 2.297849691941875327e-01 -3.189597421595384286e-01 3.547168223973754531e-01 6.581263995366172515e-02
-2.881808498496522963e-05 5.339168135563866491e-01 -4.411191885436369087e-01 4.750884413567701969e-01 6.463962383760903929e-01 1.769922190792724281e-01 3.233677817596579129e-01 2.758217470136690719e-01 -4.689532038685233495e-01 -6.462263298295020109e-01
2.853022999786861136e-01 -3.759900168094676420e-01 -4.029054260112279739e-01 -2.353272065905769039e-01 4.767614660631194767e-01 -5.531052792394813150e-02 2.101134498258752648e-02 5.237456946624068355e-01 2.648553612269714530e-01 -2.477226619311580502e-01
-7.057451850284192363e-02 2.975158451251490033e-01 -2.512961855359409080e-01 1.815401230294546864e-01 -5.126812109334368817e-01 -1.678507160709542534e-01 3.097205035499918102e-01 -2.779177216639385217e-01 6.690913069576679417e-01 4.519302349526352347e-01
-2.519198000068610666e-02 9.938069486021226806e-02 2.287103417505680636e-01 2.120072912459310122e-01 7.919056383351569250e-02 3.753440092929284932e-01 1.733472927422696763e-01 -1.025133099866149394e-01 9.208960898949163087e-02 2.664917177044376362e-01
