6.281792409801374433e-01 -7.913805845703235642e-01 -1.144978029022197946e-01 -6.186888524398526101e-01 3.211255398053415311e-01 -4.557303718719933339e-01 3.527306956433745033e-01 5.919159880362585557e-01 8.053658380952918305e-01 7.070442964755829784e-01
1.489898153397662961e-01 1.206247292934629067e-01 -3.857540339948529184e-01 4.047584255147734233e-01 3.949069152143614980e-01 -1.070703413821547240e-01 -2.524118254705893793e-01 -4.299817209462015177e-01 5.158929903399354089e-01 -2.688731334744132173e-01
2.779455382019007659e-01 4.413058290678335549e-01 -1.998473781923579273e-02 6.554279748932632099e-01 -5.667390930343761957e-01 -2.937749852404241691e-01 5.539881142128706415e-01 2.534488261138548859e-01 6.820907042136357123e-01 -2.662700381220470813e-01
1.802330550854024938e-01 -1.535961927606200317e-01 -2.769988874230522313e-02 -2.975069844907156022e-02 -1.277429793572685823e-01 -1.026951689476265639e-01 1.556719002364737037e-01 -1.268206780696448932e-01 1.139362143034009234e-01 -6.928252871450418793e-02
-5.071850953901436282e-03 -2.150394298062754082e-03 8.348768587427417287e-02 -4.075248346814573652e-03 8.151926813160978447e-02 2.889511449166631829e-02 1.376264130460073780e-02 6.036419552184219689e-02 1.367848049926404831e-02 3.714141325785828146e-02
-4.455965441571030916e-01 -7.467347065365144143e-01 -4.072261373251116062e-02 -7.939238193077512440e-01 7.015118374898159370e-01 -6.939018527279297022e-01 5.530607600528941736e-01 7.122096260167062320e-01 6.743185011889792912e-01 2.297037709002954231e-01
-5.232430132178811887e-03 1.697752117524113924e-01 8.144838388605138424e-02 1.353139839543831581e-02 -1.330528369018506296e-02 6.467524401019172399e-03 3.797152243699902091e-02 1.502323297980021066e-02 7.147967659152602848e-02 6.632910212904093335e-03
-5.348078643474145633e-01 6.800856024509913667e-01 8.261530954346850419e-02 6.852136819841576632e-01 2.255542001659378293e-01 -3.245045592588521322e-01 -3.837704596290906767e-01 3.201037018350624819e-01 -6.045795780747821313e-01 5.596222032936685187e-01
-6.985323882994372291e-02 5.906915553669326302e-01 5.495023387023727501e-01 -5.612258642750062032e-01 -2.796638512004405719e-01 3.684154143192500674e-01 -4.148279396174502365e-01 7.205412345562721699e-01 5.175083297704081708e-01 -1.896886148059280242e-01
5.915286870398341577e-03 -4.547373069089363090e-03 -1.067415137426693493e-02 3.335958238142283649e-02 1.053325414193970466e-01 5.340099197357274508e-02 1.277465051980530321e-02 4.306537908640326734e-02 3.263484129391268362e-02 1.377913818935514248e-02
-7.636377642372991353e-03 1.128169983539687171e-01 4.963248466876984261e-02 -4.759942528381157223e-02 2.009103316120774696e-01 2.601528829156361453e-02 -2.595680951611782639e-02 8.316021544117611908e-03 2.672000060190334730e-02 4.388908573290876969e-02
3.422649831328070658e-01 -3.188772386746646648e-01 5.954537318632503462e-01 1.864059644133820581e-01 -3.493787130242057004e-02 -2.090145715720213571e-01 5.402653585681668202e-01 5.067660849068512663e-01 -4.532634662069152109e-01 4.087005465855462205e-01
-4.214410437099687101e-01 -4.415838491313760911e-02 4.406393357039983805e-01 5.791499560125434876e-01 4.674131729570406568e-01 -4.554069344093160665e-01 2.075195592092668739e-01 -1.357263244531403401e-01 3.157289205321477943e-01 -1.273671834373563405e-01
4.146552696242452041e-01 2.023153123611672044e-01 -4.651698194561068589e-01 6.350057293963757843e-01 1.744022752810590327e-01 5.307050642969542154e-02 7.441489645771850459e-01 -1.598787837619282670e-01 4.120316751708394953e-01 2.891980489387157016e-01
3.106710163640569733e-01 -5.499019873055368546e-01 3.635048087782458137e-01 -2.359852114379436816e-01 2.921009185343765302e-01 -1.800521902762655391e-01 -4.541560049593960646e-01 -1.670538278323009107e-01 -2.014831856828543932e-01 -6.816928883893048630e-01
-1.696226724265712839e-03 1.293441666130013858e-02 6.585175476380883408e-02 1.962252378670333378e-02 2.155676670577888823e-02 4.518400956717708028e-02 5.929544415517609170e-03 3.575262862725817493e-03 1.489559619475963950e-02 3.722052755693770754e-02
-3.838115936210487189e-01 9.446482337400233242e-02 -5.228388384723702265e-01 -4.459547516944607493e-01 -1.489895508411084174e-02 1.863309483375509834e-01 -4.490928485908739221e-02 3.517238269663836014e-01 9.125784474347951869e-02 2.427346032473156612e-01
8.297674745383573081e-01 -5.337672730403050236e-01 -7.693720613325856217e-01 4.700892773400787705e-01 5.960037460912419593e-01 3.149311561109156554e-01 1.115673327961558964e-01 6.657051881989886066e-01 8.042207123060740592e-01 -4.411909270433334029e-01
1.324732567171229376e-03 4.151641648153125974e-02 -5.879297870216884103e-01 -4.763672478609193850e-01 -5.774978827819499116e-01 2.848700441546019868e-01 -3.635504284352840676e-01 6.720406254857319572e-01 6.693077910591635482e-02 1.282290251409200221e-02
-3.039849168369326490e-02 2.237421996195152751e-01 -1.283985771417967825e-01 5.978585205229767358e-02 1.859431188939033586e-01 -8.443218434814894757e-02 -1.832869784921729583e-01 1.211288692558410152e-01 1.313637609689177477e-01 5.664370464795700361e-02
-6.185845059399524941e-03 -5.428680915419330927e-02 -2.293335534299411338e-01 3.563829224848936161e-01 -3.987183446410892951e-01 -2.644553788140969336e-02 1.703098673643748395e-01 2.060689467689470200e-01 -2.969517629345633236e-01 1.656069496159543186e-01
2.715281561391385545e-01 -9.062497786842023395e-02 -2.064389669943303973e-01 3.966716710476165253e-01 2.603111620969444928e-01 1.618814413752964754e-01 2.035213947540105706e-01 -9.001157520013416957e-02 -1.232313966436163338e-01 -2.123425588298283873e-01
5.556482679618888337e-02 4.039580273800661425e-01 -1.849510085386449620e-01 1.660297347042871685e-01 2.461654376478326356e-01 1.259301617582971045e-01 9.872662711704829896e-02 -3.856408595117966076e-02 2.369959208220626390e-01 -6.813323701673068555e-02
5.222573150073170911e-01 1.115861675808377113e-01 8.166433535146403466e-01 -8.842750296072244831e-01 -3.956886072375336294e-01 8.720180204553158732e-02 7.579981944442036879e-01 -7.725775458213506308e-01 -2.091576507247882855e-01 -8.074313188587252110e-01
-6.267241586433084377e-01 1.823791344961686045e-01 1.312977497586311632e-02 -6.643899942234111899e-02 3.360363287355233597e-01 -1.322334264948469285e-01 -6.818261445588081893e-01 4.606392767840545854e-01 -6.512179542697524859e-01 -5.963911752758643825e-01
1.080267702005763622e-02 -2.345453488310579940e-02 -1.669880682335153979e-02 2.418286105792656349e-01 -4.810316804686417536e-01 4.104337836356909963e-01 -2.024113506506197702e-01 -2.453727161270705809e-02 2.146216886732874030e-01 -1.157998247330396940e-01
1.707761257904317764e-01 -6.254431702283999028e-01 -8.076348770508761099e-01 -8.181691356987316754e-02 -3.100803089599784013e-01 -7.991481532007684851e-01 -6.671683771755969605e-01 -7.253091431461813343e-01 8.636227492936987549e-01 -5.173611033601055453e-01
3.677848897138036310e-01 4.725780721041961119e-01 -4.058447977015158109e-02 -2.680320635581653343e-01 4.402910851357413891e-01 -2.738054753557951915e-01 5.121546112512961324e-01 3.508825995967118638e-01 1.541773923170064176e-01 1.383527737423188575e-01
-3.189186879244229056e-01 2.920440369546766779e-01 -3.603626973235511677e-02 3.177314540772575163e-02 -6.892374782521515364e-01 -2.347443419765819772e-01 3.326411139067037004e-01 -6.514822245338383055e-01 3.846038525754062465e-01 3.198159534262297576e-05
-1.704327340964331416e-01 4.728470397947091564e-01 6.109152288501755734e-01 -7.316835396039077233e-02 -2.054661700148677217e-01 -5.374891578811266113e-01 -2.576118299902158126e-01 -4.031516422675032185e-01 5.160767298075455978e-01 3.546275954862913027e-01
-3.801488226049323793e-01 -5.370765094355162139e-01 8.693383231089801821e-01 6.503629904370195058e-01 5.092055871701207659e-01 -1.410438939269685610e-01 -6.747992926474881692e-01 -8.362107177822525328e-02 -5.763242890150024333e-01 -6.630243677274834102e-01
-6.686156951012886540e-02 -1.097196195804733265e-01 -6.903856053892047928e-01 3.332256839652615876e-01 -3.807513331858644046e-01 -5.764135422254028640e-01 7.957100055565949903e-01 -1.530403563174261572e-01 -1.317998779582117141e-01 3.561300902607052454e-01
-1.493913755221391582e-01 6.057800929444810967e-01 -4.881781090952891367e-01 -6.684390726318982789e-01 2.555239144446416200e-01 1.323174095927337757e-01 -4.411682472559963486e-02 2.588662311696044438e-01 3.158902355763091863e-01 2.466349512613520978e-01
3.089409902949771247e-01 6.333979939905711731e-01 -2.221218185094543385e-01 3.521651651367889158e-01 -6.088589452569852511e-01 -5.777467429469116400e-01 1.097564244418225560e-01 1.918497849627872065e-01 -1.171137278278887583e-01 -4.399603288982833482e-01
-3.435339500174389854e-02 3.192846453062708201e-01 3.507111813422049695e-01 3.130989298027356815e-01 5.172955886605331566e-01 -2.778625125195234302e-01 -3.697605776039540326e-01 -5.287264708043113576e-02 -5.640200489236519843e-01 -6.202436466906891682e-02
-3.535869797122266900e-01 5.876483647609266336e-01 2.764107152719180172e-01 4.286216997151067742e-01 3.983400221911970185e-01 -4.533884158887629412e-01 3.551648144516342254e-01 -2.575031017726158722e-01 7.155758040466141390e-01 -4.214920397894533766e-01
1.049392886417492149e-01 4.986636964454325971e-02 3.367574269196971920e-02 1.074084595076098096e-02 -5.919803831739321037e-03 -1.635785808403797045e-02 4.552104635096733518e-05 1.954544114820392087e-01 -1.355957421691951839e-02 -4.399914949892990215e-03
1.205081896538548469e-01 -2.699913178398678434e-02 -1.098437063380965605e-02 -1.489757256502273475e-01 -1.846287804531678567e-01 -1.398282234959111539e-02 -4.862033124277296420e-02 7.612917078986707053e-02 -1.039986055857296671e-01 -2.535555102361548019e-01
3.824465819434788028e-01 -5.486571471670300681e-01 -2.849252976083577749e-01 -7.032171869397914055e-01 -6.884388758531913288e-02 -6.931555649054822466e-01 -2.040363847770790273e-01 -6.344155556463828560e-01 -2.091448850518747016e-02 3.143664766268636224e-01
3.323248923399298171e-02 -6.664550915858602487e-02 -7.495741964178652059e-03 2.172366991329497017e-03 1.776191165554456830e-01 -9.744469765996273750e-03 6.680203050090292860e-02 5.126798507447127146e-02 -1.106103503468270841e-02 5.699563461004129167e-02
1.122739989241568898e-01 2.439377968948072406e-01 -3.109873428785594335e-02 1.272999706445757662e-01 -4.088525725769421443e-02 1.508985485768763735e-01 -2.611925092196344389e-01 1.720060090542568920e-01 -4.940766251607328803e-03 7.090687637895461137e-02
-3.798317560575493745e-01 -4.015655610887344101e-02 5.791798157189244067e-01 -5.103180611917537690e-02 -2.526770139884931821e-01 7.100530332255274857e-01 -3.181030780312316675e-01 -5.157176881828593462e-01 -4.077791208219206931e-01 5.446518659682905161e-01
5.803719361473338445e-01 -7.547182890430313706e-02 -2.596646098935692093e-01 6.618575555030713486e-01 -2.619441579397503994e-01 2.617179290481280382e-02 -7.756078661803171848e-01 1.503448724910618484e-01 -5.354959865359307791e-01 7.418666633270061261e-01
2.409612014795703416e-01 1.617187106495935056e-01 1.303354476751806754e-02 1.118290401356192704e-01 -6.921030998794486244e-02 9.079600069734278245e-02 4.850088638183561868e-02 4.686032526400191883e-02 1.103713023440365537e-01 1.315142793124745024e-01
-5.198520349279879271e-01 -8.462269280685353889e-01 1.555433125546954176e-01 6.036343097926277768e-01 -2.753599557569053058e-01 5.896524262383695536e-01 -8.403356252625285849e-01 -6.973713129015383927e-02 -6.876899704016089521e-01 6.391950045934162716e-01
3.367065194727389410e-03 5.005996180812763603e-03 1.979963755643012954e-02 -1.891187680876088226e-02 5.569756237011980887e-02 5.553563624525903464e-02 -2.023316088876665059e-02 4.093699941684885574e-02 -4.356063151389562987e-02 -1.865662698083862814e-02
1.983794958865881253e-01 -2.349762348286979496e-01 -4.368577234794842057e-01 -2.994313979554293903e-01 4.348461752630276567e-01 3.655143496164206529e-01 -2.093152062963963000e-01 -5.281930214278064417e-01 -5.153083360196942797e-01 4.892877319916301149e-01
2.763357948271670805e-01 -5.047450413493413945e-01 -2.063720974218894236e-02 -3.359538372356903335e-01 9.795976039448724138e-02 -2.896855227168733116e-01 -3.842339949406027300e-01 -6.209747616118786728e-02 9.053315055364295760e-03 1.764283188008793357e-01
-1.065894314465192921e-01 -2.737071593758383936e-01 -7.500870673228771102e-02 6.539160684028494375e-02 1.859158418003910851e-01 2.052630538061423759e-01 2.241222180798184138e-01 1.852016993148756230e-01 1.157114300754775310e-01 8.924540120936266807e-02
-8.559878888261612806e-01 4.488722117179235749e-01 8.839551394407518803e-02 7.401826711450257834e-01 -2.688869988282359125e-01 -3.179429971567542812e-01 -1.515043615274825617e-01 7.619892709059787883e-01 -5.127492371377360275e-02 1.401079049497968021e-01
-2.412172880604971648e-01 8.390718553837979432e-02 5.651047919485951976e-01 -4.027734877703017524e-01 1.992232932651070432e-01 8.061703311899272029e-01 1.950662596861210962e-01 -7.679052832689985987e-03 3.365410162976207320e-01 -4.146359115140850760e-01
5.242480068218173181e-03 1.091928740197466302e-01 -3.359584236789185663e-02 -8.843349935736122269e-02 1.110716105267271075e-01 -1.501818006805728800e-01 9.269162131943228800e-02 1.228424842871587291e-02 -2.549717126619207696e-03 -9.655003991676731900e-02
6.186162044828456136e-02 1.928399913212151123e-02 1.988968427342490408e-01 -1.714013759542272128e-02 -2.394090016000593665e-02 -4.095968989759699030e-02 4.453703208801943446e-03 2.973766788366174335e-02 -1.073410201444356393e-01 2.168444483402387490e-02
-2.851917211273938269e-01 7.624876857291573717e-01 9.140305491596065757e-01 -6.202495093904348833e-01 -1.045696959562747164e-01 -2.476101832833832173e-01 -3.180328598613432201e-01 -2.270474334212319312e-01 6.792584525391579531e-01 -3.967782966422502833e-01
-3.376876032541098471e-01 -4.366821990190705716e-01 -4.449694659775362271e-01 2.740273687908459932e-01 -2.329690035505120049e-01 7.287228172877810994e-01 -2.082503762177131679e-01 -5.145949518232747488e-01 7.490069021490156076e-02 4.378645616588108802e-01
-5.075757428294012108e-01 4.419365707464628090e-01 5.393735620822347476e-01 -3.210333459836937631e-01 -1.556182532461453938e-01 3.177409744047972606e-01 -3.198832840438960989e-01 2.311535138922213573e-01 -5.809937169153707170e-01 -7.118205037856889517e-01
-2.341414255313326032e-01 -4.525204487465595005e-01 -6.237402713200077553e-01 -3.838586737249207181e-01 3.783926246230225332e-01 -5.359442013735491450e-01 4.722026690683092665e-02 -3.166551693606767248e-01 -3.662233969034692782e-01 1.459335730466640724e-01
9.891164012465711308e-02 -3.962303942282964508e-02 -2.322014794695369810e-01 1.610984236976294448e-01 3.153912997795640244e-02 -9.340761805794908779e-02 6.476533368985376571e-02 1.088177482430746808e-02 9.222839934292478836e-02 -2.098128823196683534e-01
-2.546367340301882720e-01 1.634933197381641112e-01 1.972842019714985407e-01 -1.455349569434473134e-01 -5.746786620867342377e-01 5.616297062680928320e-01 -1.228230219996602618e-01 4.374847621741573822e-01 -1.753687867510457243e-01 -5.479184602537425786e-01
7.516371495729493035e-02 2.814474150312564274e-02 2.049529696117926431e-02 6.655421169087477606e-02 1.002875339144281147e-01 -1.513714392983776628e-02 6.115385786324569785e-03 2.411720382944527313e-02 6.891913490367553583e-04 6.113023727901983027e-03
-5.653390158790891906e-01 -2.822976028469743048e-01 -4.561740937743303803e-01 6.325240136058177809e-01 -4.839110696526358613e-01 6.913723168089188631e-01 -3.440815267926417009e-01 -4.564213684164253881e-01 4.821655109977884268e-01 5.612802950222908205e-01
-5.398896169229272513e-01 -7.970970820269158985e-02 3.621489726623701166e-01 -4.034500573158002722e-03 8.202696599911841746e-01 -2.675116538960567447e-01 -2.277029799134106802e-01 5.789332777619211612e-01 -2.556344402095300783e-01 4.227537515913445398e-01
-4.524876979493924756e-02 -2.837134785720928087e-02 3.605817543378812828e-02 5.905243480910642162e-02 1.266354140313863397e-02 5.761357917429958675e-02 2.576008435302208632e-02 -1.334161593874847070e-02 3.536640183198887667e-03 1.200661641636740495e-01
-9.293312824980609621e-02 2.334891204641186269e-01 -1.930101120092704917e-02 6.886113676940154582e-02 1.611408827954712297e-01 5.022505232016293703e-02 -1.348639762966643008e-01 -1.339755805795706245e-01 -4.421241751331062703e-02 -6.220886648099030469e-02
8.512041178241513267e-03 -6.990764539423513502e-02 1.650019599221554112e-02 -1.644227264020844959e-01 8.741209147686587744e-02 6.369629260541201377e-02 -8.351335005539282930e-02 -2.225275517973615280e-01 -2.698593137101274464e-01 -5.281836028183001241e-01
5.183370430799364437e-01 -1.033191018720764631e-01 -5.266061263481752741e-01 -5.601378676333848006e-01 1.228588446401555623e-01 8.631490708370047338e-02 -5.128499902560835766e-01 -6.804409031406290220e-02 -6.192679166246325417e-01 5.109362045110714678e-01
4.610839245833238120e-01 -6.363039148443544457e-01 3.783305865015707536e-01 5.747950984026269916e-01 6.292006009912928244e-01 -3.055909415012427743e-01 4.009193273177080186e-01 1.719127310324573277e-01 -1.266338636764591588e-02 4.826760272855148970e-01
4.195158159870249759e-01 -4.464422936701253897e-01 -3.785774407856256629e-01 1.659309268923891134e-01 -1.395486952690783988e-01 -4.136019216013570587e-01 5.031008648713862774e-01 4.226158847768828331e-01 -1.274837031482427552e-01 1.119837113130772027e-01
2.125820415414404752e-01 7.906207600467018981e-01 5.095673300195071587e-01 6.025118618485811872e-01 7.222737893186251812e-01 -8.031504300759133574e-01 1.674390876923820826e-01 7.928688551108132865e-01 3.089495359496274851e-01 -8.702827180595354983e-01
2.678779191496888923e-01 -1.133661813517982120e-01 5.254983089282240505e-02 1.346053363820488014e-01 -2.060499095185329976e-01 3.490238815594948751e-01 -3.090175049370248034e-02 2.417558738767816295e-01 1.390367748811478787e-01 3.477262515574512936e-01
4.321852352620161875e-01 -5.385006801743703608e-01 5.564140610461252301e-01 -3.537758278323809291e-01 -1.771645978915542818e-01 -1.602506657485898989e-01 5.562614653003460363e-01 -4.455563800309702005e-01 3.267087901091756397e-01 -2.322609083622269865e-01
6.766387347234890104e-01 -2.550036001543870556e-01 -7.074584532560286299e-01 8.932583712407800025e-01 8.626010642852723065e-02 9.341072077569158028e-01 6.929450204352914922e-01 -2.708447988666320971e-01 -9.290677505436950590e-02 7.890342439403916774e-01
-2.185805498348787901e-01 7.052870545253376450e-03 6.368275705246347063e-02 -5.210876397042157882e-01 -4.266691137112291754e-01 -2.368191993866164413e-01 2.168304697712657436e-01 -4.050031746898307694e-01 -2.956099335554475127e-01 1.433144398738763758e-01
1.000362388782629437e-03 4.371482992731982875e-02 1.567211617396712525e-02 8.288857961067262747e-02 5.274126612866708412e-03 7.718534792241890652e-02 -3.201108750104958434e-03 5.364832567673193109e-02 7.671447760637308856e-03 1.918477226907810973e-02
-1.264479755764013613e-01 -6.032759819937730805e-01 2.757776311132860148e-01 3.312155571333093990e-02 4.914601902467894967e-01 -4.561570779894444372e-01 2.470391556950953804e-01 -3.982427741689021361e-01 7.146717743805706125e-01 4.417952080331258857e-01
-4.830050238767383819e-01 6.751679897346473114e-01 -1.036682524135179861e-01 -1.627926157854123757e-01 4.555265248463463146e-01 5.136876621618723382e-01 2.685670271249748220e-01 4.595321994304911728e-01 -4.627286044534953402e-01 -3.979187772716555327e-01
-6.509661110073051982e-02 -4.132642755632791598e-01 5.461500745325750805e-02 -5.786564452226377470e-02 1.536988099551031273e-01 1.779562882199677842e-01 1.127474880714438715e-01 4.087188649496741877e-01 -2.713586561812123543e-01 3.256053262521521607e-01
-6.774084150920145486e-01 3.952156076627585946e-01 4.481622984572043999e-01 7.199224091819546034e-01 1.306622323080603165e-01 5.890214190903729774e-01 -1.913521421534285782e-01 -8.454117622979784308e-02 7.054185577095283266e-01 9.197224905523151972e-02
-1.490445792976392569e-01 6.238776361792446323e-01 -5.614680308523379848e-01 1.914898908399690070e-01 3.062979762938904948e-01 4.260319276105526964e-01 3.999936281192896237e-01 1.154949604079388015e-01 -4.287482701839986227e-02 -1.581483018665156559e-01
1.230153827406284088e-02 -5.366639486253916777e-03 3.240350983425759751e-02 5.524765306890853239e-02 7.562554279220243258e-02 2.141957399265392858e-02 7.853764631840462820e-03 9.404774722910398677e-02 4.130043473010009542e-02 4.763475745762153768e-02
-4.907760752937989079e-01 5.993585977573946399e-01 -4.901020441594531873e-01 -5.610537355465548999e-03 5.723027092936696647e-01 -7.475756858092503787e-01 -7.993219979278628484e-01 2.622196169019580525e-01 -3.389399349734422140e-01 -7.029625305944545710e-01
-2.117752808126640851e-01 -1.557756814603923068e-01 8.025016874328246008e-02 1.386366594123686624e-01 1.409360757714407109e-01 -4.127819802004421557e-01 1.105245863625810426e-01 5.752439472546174715e-01 2.050893296626754847e-01 -8.228011432980773809e-02
-5.440334989724386894e-01 1.967470959491343652e-01 -8.097133900579697174e-01 -3.329903517774416288e-01 -6.752646856570772016e-01 7.873920820208434035e-02 -8.324123938492911101e-01 -5.071961636932553752e-01 8.002501195361727548e-01 6.870550745660255476e-01
4.646459729523936405e-02 2.764061344114073296e-02 8.230716086622981431e-02 -4.337615981938545973e-02 1.986079160298531016e-02 3.202560018200988762e-02 3.671863602887946026e-02 3.814367933859398596e-02 -4.977619001101640231e-04 1.578074337695233378e-02
7.450128462068507373e-02 -2.037045441141302204e-01 2.926561105413642006e-01 4.334216179300079963e-01 -4.831519956648187009e-01 1.859846289168058664e-01 2.242670784355459968e-01 3.737547255093151555e-02 -4.940044945586898884e-01 -5.553278664061634950e-01
2.090976167539894681e-01 -1.126547039223126656e-01 2.087978613942593487e-01 -2.663315469287247383e-02 -1.904669565170823697e-01 -2.251406012841967730e-01 2.281385207786707225e-01 -2.382973713725324016e-01 -1.051578404586814564e-01 2.769671422991327736e-01
6.965869329819572853e-01 -4.799951163443841318e-01 4.768089382046873936e-01 8.245665447656591596e-01 6.134330972789674430e-01 -3.286104416375557058e-02 5.271072017958027267e-01 6.936988874172305142e-01 5.925108477875484780e-01 1.054214812801638340e-01
9.686192528248316336e-02 1.150679030138669345e-01 4.730650366134541152e-01 -1.432711027427303885e-01 1.860691808280676429e-01 -1.967719714270984854e-01 8.840595916783948460e-02 2.647767695294817036e-01 -3.721457333867707051e-01 -3.559610970848877676e-01
-3.568851341846029368e-01 1.337311885963520519e-01 3.852055999385023410e-01 -5.816061255050904988e-01 5.703610059202105509e-01 -1.208359944552356152e-01 7.210843590822439975e-01 -5.607892098938450642e-01 7.488324419827982470e-02 -4.131648328219202776e-02
1.547792837374130925e-01 -2.148177253743698278e-01 -4.088734008769503991e-01 1.241353712082568506e-02 5.128987972995000671e-02 3.077180558053852280e-02 3.721276585344739929e-01 3.771582397468771775e-01 -2.840332582845391668e-02 -4.810699437135994017e-01
3.044207857782992299e-01 -6.139511159471984225e-01 -4.685737500049061421e-01 3.028881609637268379e-02 1.541383281478585776e-01 2.915704810228373356e-01 -2.633679626945209518e-01 1.998923688413529187e-01 -2.636111709573817907e-01 -4.027520834919385839e-01
-3.658676688116719450e-02 3.780594479085833681e-01 3.168859165459575467e-01 1.810402367348558084e-01 -5.072917422357659661e-02 2.232703877318022168e-01 -3.221540466670408942e-01 1.832654321121645613e-01 -6.291233605140865610e-04 -4.142757507607492951e-01
2.500492313640485520e-01 -1.878976975257721782e-01 -1.561524746462975566e-01 4.513913947501261292e-01 3.866315927075258951e-01 4.687478445908466185e-01 6.905367351756718231e-01 -9.487846050340388582e-02 -2.889175104490969703e-01 3.426012742145698731e-01
-5.092095495034665298e-01 -2.110726382147936064e-01 -5.588127810559296443e-02 -7.072941059267342893e-03 2.652370002766724633e-01 -2.285437096727425954e-01 4.078045480950896057e-03 -1.834007073256018749e-01 -2.857681706801765142e-01 2.372094698125531143e-01
-1.406678925359095278e-01 -6.062782164271568464e-02 -2.136542382987055011e-01 1.959281008059567120e-01 1.629237591973610733e-01 2.379987724380288050e-01 -5.970805931624766083e-02 5.571745426934006373e-02 2.259046511301445858e-03 -3.244809892030272452e-02
2.103652940795353310e-01 2.421826453965167936e-01 1.712754484247921150e-01 -2.131318209999857050e-01 -3.640820911519210279e-01 -2.429988899205501596e-01 2.380454090407780887e-01 -3.087816873912304638e-01 3.495514808570657217e-01 6.537689319556645728e-02
-1.974477214532991288e-05 5.351431230532341932e-01 -4.410897881291535039e-01 4.749577357382467890e-01 6.461732927107221025e-01 1.768822386208916131e-01 3.234146317153950845e-01 2.757388104939249018e-01 -4.688941761302382050e-01 -6.461545730902773510e-01
2.800908906089599193e-01 -3.688262037457454290e-01 -3.867667522198289243e-01 -2.311488797278327678e-01 4.679393040754967203e-01 -4.203705419553761813e-02 2.082347762782466027e-02 5.140745295293377426e-01 2.603349309369523690e-01 -2.425329426051695547e-01
-6.591533101715611742e-02 2.961562528280548556e-01 -2.508015263689193364e-01 1.818469682653272301e-01 -5.115990196015958169e-01 -1.680276947241777785e-01 3.094746243010602638e-01 -2.795584870657956689e-01 6.667547276800578349e-01 4.494875143959627395e-01
-7.519215200864662677e-03 9.280837813621357901e-02 2.096680865216277168e-01 2.036628078563251232e-01 9.033676117032486685e-02 3.514239739064864976e-01 1.679130892876396219e-01 -1.087319932439237552e-01 8.591232550700668436e-02 2.511510150228177252e-01
