6.284102430463901490e-01 -7.925844979029031956e-01 -1.144723011710579996e-01 -6.189515554911567685e-01 3.213895256887720486e-01 -4.557343445673698312e-01 3.525304917064970289e-01 5.920009520294963190e-01 8.050952843427212624e-01 7.072427507346747966e-01
1.490769244385255765e-01 1.206489721982404728e-01 -3.864134017736470805e-01 4.044502899661971407e-01 3.950731945426808611e-01 -1.072418509578356716e-01 -2.524017096287120010e-01 -4.303988239789232062e-01 5.160058506570623926e-01 -2.687829977530931114e-01
2.782085465949628578e-01 4.414024831199601095e-01 -2.004190232390680795e-02 6.555821636583892831e-01 -5.669220417169588133e-01 -2.936677952917952639e-01 5.542823717983811349e-01 2.526474760601533087e-01 6.818272233547977290e-01 -2.659366860007292832e-01
1.689975740060598031e-01 -1.678851700087572729e-01 -3.777164905805208833e-02 -3.958553640419159442e-02 -1.360531989475516346e-01 -1.215552728298828489e-01 1.761556757691932762e-01 -1.421948673360240167e-01 1.283833324786204932e-01 -7.780696928080572949e-02
-4.912610456475523593e-03 -2.677104416388652319e-03 7.811222385052672690e-02 -6.468501408575502189e-03 8.118349857869959496e-02 2.411182941503725585e-02 1.206250325737386227e-02 6.895321397895660953e-02 7.694211351129835556e-03 3.995506978195186021e-02
-4.455966648546568765e-01 -7.467947204644718173e-01 -4.071795526761859407e-02 -7.938849074796388017e-01 7.015476328565417585e-01 -6.938607477113151178e-01 5.530727153717307498e-01 7.120151980227704680e-01 6.743439209052799477e-01 2.297184771264642322e-01
-4.659858582090574755e-03 1.729465563749913448e-01 6.944773935026003764e-02 8.332501484780310483e-03 -1.407727048875559439e-02 8.677975291451247783e-03 3.829493383992513961e-02 1.348141028876004115e-02 6.796854116973204130e-02 6.400970317947462379e-03
-5.348116349357241450e-01 6.800989006362028189e-01 8.242698265737136154e-02 6.852344820340768861e-01 2.255804040664271815e-01 -3.245025220522463338e-01 -3.837744951831554285e-01 3.201178057488600626e-01 -6.045861930977302068e-01 5.596350077318346106e-01
-6.964181661314024219e-02 5.906003668514800964e-01 5.498504671615038752e-01 -5.612173057880149862e-01 -2.794442840088030566e-01 3.687372271315140781e-01 -4.157759823651990261e-01 7.203592073436675403e-01 5.173655211244893026e-01 -1.895952663811416861e-01
8.234957219077848958e-03 -4.483136614486821214e-03 -9.000807371115434816e-03 2.854086917928506245e-02 9.215252980103050273e-02 5.223938144846169973e-02 1.745642914592683559e-02 4.590577508074929897e-02 2.889399481266951078e-02 1.123271032881984627e-02
-1.217560085586729193e-02 1.049121526849972896e-01 5.631794842565134018e-02 -5.756599441400749029e-02 2.097917169481880728e-01 1.759844287181651368e-02 -2.620360539791545193e-02 1.190454300958777942e-03 2.882787129333326190e-02 4.810701779790502869e-02
3.422655820980239905e-01 -3.188777967112266243e-01 5.953774583790154562e-01 1.864062906246347906e-01 -3.493793244384810204e-02 -2.090149373484354589e-01 5.402663040349066081e-01 5.067669717497155224e-01 -4.532642594199628450e-01 4.087012618132896957e-01
-4.215925135040706762e-01 -4.411846909471697081e-02 4.408642911394700659e-01 5.793970756422359702e-01 4.670850410838224831e-01 -4.565351674291699413e-01 2.075424137051278262e-01 -1.356875008572219210e-01 3.157839040016168775e-01 -1.274584654102081382e-01
4.146997848534639264e-01 2.018828456162818641e-01 -4.653893859869188687e-01 6.353000155502380730e-01 1.748260904207180333e-01 5.341718442057220850e-02 7.438397609562250601e-01 -1.599177465401432352e-01 4.120806711915839804e-01 2.883559177784723038e-01
3.105754409629484791e-01 -5.499068748940603157e-01 3.621579232428920880e-01 -2.360288685323670976e-01 2.914565694730886225e-01 -1.800971075322287951e-01 -4.541764170690955060e-01 -1.669519823214686560e-01 -2.012662018226863136e-01 -6.820316335070151226e-01
-1.486220583789668419e-03 1.333494637174043040e-02 5.159704330389152521e-02 1.648324447753057517e-02 1.223825778738206124e-02 4.612420937914998159e-02 2.994958543634229468e-03 1.263473489029199931e-03 1.607950605397733337e-02 4.514998342702414291e-02
-3.920424427079581275e-01 9.612960578043876214e-02 -5.307791282115718046e-01 -4.533802202650910051e-01 -1.369668619050777927e-02 1.917120952482420371e-01 -4.282542400875493510e-02 3.536314984459717481e-01 9.454263556103016664e-02 2.436556945972263299e-01
8.297674784124440261e-01 -5.337672755324017748e-01 -7.693720649246934551e-01 4.700892795348703967e-01 5.960000562098091148e-01 3.149311575812921982e-01 1.115673333170506543e-01 6.657051913070880511e-01 8.042207160608859651e-01 -4.411909291032019564e-01
1.347277032605909532e-03 4.157327002259025156e-02 -5.881993874257115396e-01 -4.764460164738242853e-01 -5.775911325572042898e-01 2.849382398877309819e-01 -3.636138483043646619e-01 6.712620612045522295e-01 6.696393637371853003e-02 1.281882456504535549e-02
-3.323510869828390224e-02 2.305045675110947712e-01 -1.313117332297009110e-01 6.040451383642980038e-02 1.857626570390715492e-01 -8.557447885323156422e-02 -1.904422096184913149e-01 1.289539239459561448e-01 1.358320581358751222e-01 5.131910258547675574e-02
-3.587093813738624626e-03 -5.378147111989070583e-02 -2.314742302713852229e-01 3.588763714469306310e-01 -4.017592033219001268e-01 -2.491000886213493373e-02 1.740894381840274452e-01 2.009962280177527705e-01 -3.013220347900257834e-01 1.697971874449316632e-01
2.731091965290619039e-01 -9.116668294164741171e-02 -2.148112169917117398e-01 3.987484007575213263e-01 2.619847497287344784e-01 1.628650705541471178e-01 2.053257028944905638e-01 -8.993879859420457479e-02 -1.239969191056251585e-01 -2.126638616671276127e-01
5.658430902023895565e-02 4.091262441210152256e-01 -1.920982480619311261e-01 1.681191311947050626e-01 2.492812262617050134e-01 1.275538887607177985e-01 9.993739981062496613e-02 -4.477882869541005562e-02 2.398918628140786213e-01 -6.894324822956728049e-02
5.222669821885810304e-01 1.115760647334152894e-01 8.166471750773114380e-01 -8.842776847967539489e-01 -3.956733665075347628e-01 8.720640709289097237e-02 7.580068664327354044e-01 -7.725707823314639233e-01 -2.093283899664453718e-01 -8.075167672286929221e-01
-6.267461849120359307e-01 1.824341158365378190e-01 1.298246299901901699e-02 -6.616675214648927439e-02 3.361213209065908036e-01 -1.328221576644136037e-01 -6.820238287768493057e-01 4.610644891687561975e-01 -6.513780749879608534e-01 -5.969223211950848151e-01
1.083206000019731712e-02 -2.748272448181981326e-02 -1.618046347662849618e-02 2.430656172164167850e-01 -4.829340368225711333e-01 4.128127357168485112e-01 -2.032655630424116955e-01 -2.459772413622544202e-02 2.157311485714493715e-01 -1.157546853162564060e-01
1.707963185260542305e-01 -6.254602097858301679e-01 -8.080875838003946932e-01 -8.181338805762711219e-02 -3.100894876744750839e-01 -7.991636784596306553e-01 -6.671979993167604928e-01 -7.253269174575357470e-01 8.636638687308400009e-01 -5.173607157520537791e-01
3.678939292603402578e-01 4.726691101751960833e-01 -4.056931292527816979e-02 -2.680948568243024521e-01 4.401182399159815350e-01 -2.749895565956727572e-01 5.123595797169225863e-01 3.510394794476694447e-01 1.542630460597550768e-01 1.384012250009743761e-01
-3.188840450831932904e-01 2.913668538557828702e-01 -3.590326571695912072e-02 3.163081605202879010e-02 -6.894311237140456905e-01 -2.358304991077155022e-01 3.316431724025349359e-01 -6.517942644956767895e-01 3.848598597957313405e-01 2.110720426484157788e-04
-1.714102516005623356e-01 4.740099291839977025e-01 6.118179439522751784e-01 -7.236926493652169612e-02 -2.095104534337241531e-01 -5.378320775418496957e-01 -2.583680870522120920e-01 -4.052063361782743955e-01 5.176344509404026129e-01 3.559583273540760651e-01
-3.801024325656178759e-01 -5.384095652699503187e-01 8.693926984083734100e-01 6.502534228191123589e-01 5.095692608966353454e-01 -1.410043771168355553e-01 -6.751120809077688634e-01 -8.349342485510941048e-02 -5.767432507554142163e-01 -6.630460735112406745e-01
-6.669743404848355040e-02 -1.097027271206315047e-01 -6.908240977119104453e-01 3.335778310854649598e-01 -3.806630451282571603e-01 -5.775604144659541861e-01 7.964944599448110507e-01 -1.524155683186686483e-01 -1.318151569776208620e-01 3.554016682676393035e-01
-1.490366839456253867e-01 6.061424463947139296e-01 -4.883536658391228191e-01 -6.683853555811025693e-01 2.552810260972667167e-01 1.323777439971134950e-01 -4.355089696606524730e-02 2.571105582152121705e-01 3.155461655802719867e-01 2.473451996761660554e-01
3.089972094381391865e-01 6.333743453268704249e-01 -2.221716166309195550e-01 3.524042499731003253e-01 -6.098573255438187735e-01 -5.777677716371536487e-01 1.094895855425890574e-01 1.922006832856718861e-01 -1.169629620195230257e-01 -4.400649205886084658e-01
-3.429062624155990863e-02 3.183555320790191212e-01 3.509618770967941614e-01 3.131730909653541728e-01 5.173943144391750515e-01 -2.781267659380465829e-01 -3.699541004084391793e-01 -5.298378538516349684e-02 -5.640650817409089690e-01 -6.190340973082119475e-02
-3.529963380263156925e-01 5.884708062651906602e-01 2.758064291313623850e-01 4.286571909709943062e-01 3.994102989986044183e-01 -4.519719791924574070e-01 3.555603783355103520e-01 -2.594990538276636949e-01 7.164971216155467948e-01 -4.216112869379682881e-01
1.088869455099670258e-01 3.843296380742083906e-02 3.704223850019709025e-02 8.843468106761552885e-03 -6.535658927490564998e-03 -1.045104630052904986e-02 1.014242579289023269e-03 1.829582830328773946e-01 -1.096002356115363674e-02 -2.458468947985454435e-05
1.310331088527624810e-01 -2.656886907601808956e-02 -1.022035746838045184e-02 -1.606823501020325229e-01 -2.071630927244311748e-01 -1.417429726831400359e-02 -5.440879789412882139e-02 8.973396402833802576e-02 -1.111531493343243249e-01 -2.696174953049040868e-01
3.826248517478914590e-01 -5.488217734496849687e-01 -2.852293381934201122e-01 -7.031498323786036231e-01 -6.880968266137742206e-02 -6.937203473463831038e-01 -2.037155163490893539e-01 -6.342379928128110134e-01 -2.098437768300093556e-02 3.136364529690955361e-01
3.156297569558412508e-02 -7.323550189334683547e-02 -5.077374770512136683e-03 -2.517137781192336533e-03 1.704847435888458274e-01 -2.242353204705765674e-03 6.859905059095117164e-02 6.110067789452572340e-02 -1.808282406083852253e-02 6.293983977033068555e-02
1.128360987167377066e-01 2.478942028112496032e-01 -3.204508622997225692e-02 1.180240894348129344e-01 -4.149864348525305474e-02 1.585391555691327836e-01 -2.718442414547236341e-01 1.778828517083644034e-01 -4.636200656584544590e-03 7.357027843402232092e-02
-3.815759276385152221e-01 -4.026278055884899287e-02 5.793164469703714348e-01 -5.086201898878964234e-02 -2.527379121717551747e-01 7.106251625523304360e-01 -3.182252854692178001e-01 -5.165691353393742080e-01 -4.077851744377005150e-01 5.441792485785711397e-01
5.803755470344098555e-01 -7.561919658171419034e-02 -2.596659917303612564e-01 6.618617168416686125e-01 -2.619458360661505170e-01 2.617197844722545311e-02 -7.756125899206098850e-01 1.503458632128279460e-01 -5.354991142452628639e-01 7.418713176483673344e-01
2.443624957269842080e-01 1.657872600896979909e-01 1.215196185952572769e-02 1.137038297647241375e-01 -7.046885731302998668e-02 8.103622653735920167e-02 4.541825342270219834e-02 4.953321162278703782e-02 1.126007695749640519e-01 1.352457973185664797e-01
-5.198173738655277321e-01 -8.462778306443287102e-01 1.552028753662191285e-01 6.036083816402716407e-01 -2.753095914313445913e-01 5.896712400248690367e-01 -8.403412211868183102e-01 -6.967121402676629272e-02 -6.876787920577468460e-01 6.391886064360414732e-01
7.380406607728349361e-03 9.592142222418255371e-03 3.021677179293599108e-02 -2.581518069221394943e-02 4.019166932030935474e-02 3.707018745642021162e-02 -3.406279486048657129e-02 3.667652353061655324e-02 -5.448924650576770362e-02 -3.036692037026746116e-02
1.992486755868027593e-01 -2.351372626088879536e-01 -4.373468099359740791e-01 -2.988868991450656099e-01 4.344014478346664432e-01 3.656019725227881989e-01 -2.083189563423887836e-01 -5.308232807905940431e-01 -5.164291832878803445e-01 4.904271360058194973e-01
2.776333030342158503e-01 -5.072503798460862301e-01 -2.070116814625206497e-02 -3.376911794276882817e-01 9.782686646634394800e-02 -2.913467101943577608e-01 -3.917717355427172143e-01 -6.279778894157611591e-02 9.302240735703255076e-03 1.774052644340082807e-01
-1.087689082548729813e-01 -2.793577513243922783e-01 -7.607352003639009097e-02 6.749838977315211763e-02 1.791693423087481196e-01 2.097474759288873170e-01 2.296227376110160645e-01 1.899671615692509752e-01 1.188383394495560463e-01 8.231892078358217513e-02
-8.560035093533713280e-01 4.488388253762026214e-01 8.843698642461585158e-02 7.399951081071187708e-01 -2.688787622942387379e-01 -3.179122609496792817e-01 -1.515047045015662508e-01 7.620053271858510113e-01 -5.126218440469280935e-02 1.401410521167829049e-01
-2.416009726865772367e-01 8.391656984656983842e-02 5.651288428457443835e-01 -4.027896733074572966e-01 1.992409213557708447e-01 8.062024110287646650e-01 1.950716241764668957e-01 -7.679252663935638365e-03 3.365556544026223063e-01 -4.146437025056529113e-01
3.972018168935921253e-04 1.186281402291173293e-01 -4.345065730265638276e-02 -1.058484874439307027e-01 1.326053509721870916e-01 -1.606423975659463099e-01 6.889336130597360774e-02 1.705127939717815400e-02 -3.636406915662486819e-03 -1.112382065061031100e-01
6.849444369334145577e-02 1.283022760678047963e-02 1.897956745274767265e-01 -1.745211191106850468e-02 -2.709167525136366855e-02 -4.238473406486235190e-02 -1.646008723733627301e-03 2.913743259346524353e-02 -1.167438574902247561e-01 2.621268305535601889e-02
-2.852985300012486070e-01 7.636889685059125021e-01 9.145377709578044190e-01 -6.204770647270938522e-01 -1.044097379575995022e-01 -2.506028106829225610e-01 -3.172379572535605763e-01 -2.259479650863485678e-01 6.802773296953625870e-01 -3.988217769437903959e-01
-3.380719066088471170e-01 -4.367080295743985818e-01 -4.448238394199798273e-01 2.741075254428129715e-01 -2.327850642909075340e-01 7.277042721384285873e-01 -2.085148290507405910e-01 -5.145318730537680185e-01 7.497725287894986546e-02 4.382644324634910049e-01
-5.075778408902579253e-01 4.419408984490025838e-01 5.393867492091575233e-01 -3.210149612312030998e-01 -1.558019011432999479e-01 3.177756394079058744e-01 -3.198795959699390901e-01 2.311911520583522783e-01 -5.809815441315981932e-01 -7.119028636584909808e-01
-2.342136517063932721e-01 -4.525678699500791380e-01 -6.238442995262080126e-01 -3.852017367623558064e-01 3.786218355929504287e-01 -5.360337801053987050e-01 4.732911369621473074e-02 -3.167121142732881589e-01 -3.662559503516920612e-01 1.461464677871357754e-01
9.070066284400282730e-02 -4.187816278060436243e-02 -2.350133125281496649e-01 1.641627395351440699e-01 3.004268692402966082e-02 -9.362426684014482636e-02 6.638286583696884069e-02 4.729624481690525989e-03 9.468887995318360506e-02 -2.147208169498333319e-01
-2.555833755579303701e-01 1.630859028848547221e-01 1.975229474707103361e-01 -1.460515143537970406e-01 -5.750404948709191277e-01 5.613699795710869189e-01 -1.232167488724891374e-01 4.371965923133112608e-01 -1.762192348739106129e-01 -5.476838305488287428e-01
7.772909456902934999e-02 3.005936608183785996e-02 1.784774773256492600e-02 6.611987672413979777e-02 1.051096203264324791e-01 -1.951956385070955291e-03 1.154786404507455316e-02 1.545408410596182079e-02 -3.648251992650830382e-03 4.959007386187781058e-03
-5.655486500694121288e-01 -2.821756028586197562e-01 -4.565311444041734168e-01 6.323853804286343472e-01 -4.835156104257150589e-01 6.924103681857677328e-01 -3.441340019400057626e-01 -4.576705991485089942e-01 4.823460250152740159e-01 5.611518120526112208e-01
-5.398588111131034095e-01 -7.969681387323178379e-02 3.621505751211689939e-01 -4.030526263670649971e-03 8.202630327215690853e-01 -2.675021360137360693e-01 -2.276700482713353291e-01 5.788608975474893725e-01 -2.556518953907283009e-01 4.227988676957287750e-01
-5.504927859638505949e-02 -3.321117503289416906e-02 4.028295248800964345e-02 5.521183447855364246e-02 7.041093008292070160e-03 4.311445289610506271e-02 3.057988267985091435e-02 -1.188412503547777062e-02 5.562970445905191658e-03 1.163113485542066061e-01
-9.713667777819605387e-02 2.377572813473215751e-01 -1.757307446858300676e-02 7.347764189661544487e-02 1.697367632973510732e-01 4.442728148952310163e-02 -1.448265246808140561e-01 -1.383104304261237316e-01 -4.855558039374290730e-02 -7.184861821135710147e-02
1.191383410025313207e-02 -7.105167494069718204e-02 1.633355890404872626e-02 -1.689402821976396241e-01 9.434053650831616955e-02 7.100594712883935566e-02 -8.400710832137486817e-02 -2.371307651957388074e-01 -2.740887157677738828e-01 -5.397661877196954228e-01
5.192158901893665357e-01 -1.066850784390795254e-01 -5.274397832167316835e-01 -5.613014841711987390e-01 1.236240690758606126e-01 8.654766122107067361e-02 -5.139162369666459007e-01 -6.781249656769294809e-02 -6.207235241706313689e-01 5.117584502539012092e-01
4.613804170328307808e-01 -6.363876517499941210e-01 3.783266851688408261e-01 5.747483993442111805e-01 6.293357122575001794e-01 -3.051728181721184430e-01 4.009360405024766649e-01 1.716028720661556817e-01 -1.259492952441911354e-02 4.826777936239154965e-01
4.203803359483912483e-01 -4.469582511319168949e-01 -3.812451723385639757e-01 1.666044118002127095e-01 -1.395254926544899632e-01 -4.139165216263406277e-01 5.040488484491810750e-01 4.233014168506412100e-01 -1.276576841107526783e-01 1.121967818985365600e-01
2.125697156683333255e-01 7.906319386517056680e-01 5.095704130380499519e-01 6.025121346850910165e-01 7.222848396563024131e-01 -8.031568626113697595e-01 1.674404231163008350e-01 7.928802560002637945e-01 3.089515702378620721e-01 -8.702871901698895352e-01
2.769332132611836417e-01 -1.141180507458317145e-01 5.348854857544312752e-02 1.357082059380796679e-01 -2.043666950464176069e-01 3.608539885771542832e-01 -3.248370435699503289e-02 2.382033037770658335e-01 1.421421012306486320e-01 3.479130005331202979e-01
4.325125743018309321e-01 -5.398553636563752089e-01 5.567145668751077858e-01 -3.539038635874383054e-01 -1.763589813416259477e-01 -1.597902453478961815e-01 5.549794454962949652e-01 -4.462472183888603894e-01 3.267128825958445781e-01 -2.329357350816435024e-01
6.766387347234890104e-01 -2.550036001543870556e-01 -7.074584532560286299e-01 8.932583712407800025e-01 8.626010642852723065e-02 9.341072077569158028e-01 6.929450204352914922e-01 -2.708447988666320971e-01 -9.290677505436950590e-02 7.890342439403916774e-01
-2.181795970926176942e-01 6.945156249394388893e-03 6.187605759699875418e-02 -5.223849331940977336e-01 -4.277836336435671960e-01 -2.356031649317555932e-01 2.181445624808665551e-01 -4.068420374540995255e-01 -2.963605824845417236e-01 1.436595450409739738e-01
2.917192974231375569e-03 4.749005074821891631e-02 1.108370874253807384e-02 7.365206838420758351e-02 8.204675160558608758e-04 7.563739487110884840e-02 1.209317954867894724e-03 4.573872640208642704e-02 7.026233057987831335e-03 1.792999628801174999e-02
-1.263574595076097373e-01 -6.032645572500587861e-01 2.759786087482749006e-01 3.309753024719647857e-02 4.913417526413586534e-01 -4.559967591882709281e-01 2.467263194841981533e-01 -3.980814062009609966e-01 7.147196658217488396e-01 4.418907827270925903e-01
-4.829449329271410796e-01 6.734046384266070273e-01 -1.038092642765586771e-01 -1.631443006206927115e-01 4.560108279118421648e-01 5.138594194639029000e-01 2.683983423377188648e-01 4.598598306347541076e-01 -4.631988711404375625e-01 -3.978612135936267502e-01
-6.596491066142211313e-02 -4.160723266233027351e-01 5.557797875752459871e-02 -5.751969488023181420e-02 1.564622117980170313e-01 1.753286788090801240e-01 1.132468801417896714e-01 4.108202375090156400e-01 -2.743891913799260673e-01 3.265530978105295468e-01
-6.774096196573086148e-01 3.952269185567828802e-01 4.481572307510827136e-01 7.199545226248892371e-01 1.306656491970343559e-01 5.890376576871154679e-01 -1.913506691357086953e-01 -8.476648825661216302e-02 7.054325508198321382e-01 9.196563814589291119e-02
-1.490519993923418163e-01 6.239133456962252522e-01 -5.614489174962644658e-01 1.915109121051571939e-01 3.063215403801695658e-01 4.255919926744952675e-01 4.000113570398695639e-01 1.155035085916087251e-01 -4.286399803941577658e-02 -1.581211251837404685e-01
1.195742896440171732e-02 -4.762753185089862486e-03 2.873102623775434031e-02 5.480098161389945766e-02 6.847369403644970598e-02 2.662499498477382404e-02 5.870479521130244488e-03 9.113006647724246345e-02 3.788445642178566580e-02 4.332175562417080877e-02
-4.907736830494434654e-01 5.991990715615013174e-01 -4.900857115692913712e-01 -5.602913465145321729e-03 5.722968959014842483e-01 -7.475734098163053787e-01 -7.993164282162327217e-01 2.622328872429158242e-01 -3.389284366057219722e-01 -7.029602027483049520e-01
-2.126713874352071376e-01 -1.603525431125482903e-01 8.067224318521110105e-02 1.389320554617280989e-01 1.418164903957234435e-01 -4.144705563553491290e-01 1.110021612171962907e-01 5.748937876475035402e-01 2.060814459867922332e-01 -8.251404565344749864e-02
-5.440291249698788745e-01 1.968815594443105166e-01 -8.099813255715527793e-01 -3.331807100557059864e-01 -6.752760464169339505e-01 7.866829425326007930e-02 -8.324734552877167681e-01 -5.071754380599895473e-01 8.000161147867542732e-01 6.872292375881504656e-01
5.122081939778811571e-02 2.781346218356886210e-02 7.966361218970426095e-02 -4.521913424816018101e-02 1.424095351783032093e-02 2.116898834562846651e-02 3.923877025813802405e-02 2.962956743926753109e-02 -5.128053689368589595e-03 1.229463564987912094e-02
7.504656322770800192e-02 -2.050748794380488071e-01 2.923129550883665773e-01 4.341757508835216162e-01 -4.835016192849379557e-01 1.851933967413520732e-01 2.255483320660395807e-01 3.702467016366876168e-02 -4.949017993561278250e-01 -5.559829534273060814e-01
2.168934777396447078e-01 -1.179465215932692518e-01 2.187455977713751720e-01 -2.725916382508646041e-02 -1.954949835644659850e-01 -2.261483005002134783e-01 2.262850314262272455e-01 -2.487633354986723555e-01 -1.131966935193820106e-01 2.875729088410265422e-01
6.965918277490519284e-01 -4.800844528964835489e-01 4.768193522189939082e-01 8.245654715114447697e-01 6.134375770329120181e-01 -3.285833272847533959e-02 5.271095199460928971e-01 6.937016588962171548e-01 5.925101171634675756e-01 1.054228478559161297e-01
9.650100879809107857e-02 1.151468770242130707e-01 4.724922512457348511e-01 -1.433133258133779397e-01 1.862280038505661484e-01 -1.968369418335517151e-01 8.845472145450948565e-02 2.649025767721217561e-01 -3.721904260165442846e-01 -3.559901685760987755e-01
-3.568884844107497734e-01 1.337324439855004932e-01 3.852092160203988147e-01 -5.816115852787325791e-01 5.703663601313339049e-01 -1.210492342943676886e-01 7.210911281948868545e-01 -5.607944742506197899e-01 7.488394715779995992e-02 -4.131687113685261065e-02
1.563486417221498781e-01 -2.160944731856186130e-01 -4.124698968503601182e-01 1.403593338921491074e-02 5.165948766202028281e-02 2.389972415760197033e-02 3.769037893278524565e-01 3.826589521156996132e-01 -2.826578960962565848e-02 -4.880451510654225666e-01
3.045224361542640534e-01 -6.141117194981807748e-01 -4.695761943920029879e-01 3.028090002945616269e-02 1.542368652237428583e-01 2.916481280792722619e-01 -2.633927184356247286e-01 1.999688131335123076e-01 -2.640867726819455807e-01 -4.028290414922308660e-01
-3.665142819596342583e-02 3.770374667440859473e-01 3.173274138806304046e-01 1.814117092177197632e-01 -5.203388931092999686e-02 2.234282211129419993e-01 -3.225485526301328787e-01 1.835631474308143662e-01 -6.005237845689632330e-04 -4.148348568124172742e-01
2.502409152010696691e-01 -1.880111730882914056e-01 -1.565612859741351004e-01 4.518049066992825824e-01 3.868267855188947668e-01 4.680052198147388598e-01 6.912305343158815507e-01 -9.433456557346960036e-02 -2.899783401616839451e-01 3.420611729140353163e-01
-5.099617565877868630e-01 -2.126935455766713612e-01 -5.517791225570192748e-02 -7.468387699733271268e-03 2.650326136631507290e-01 -2.334628526015801175e-01 4.560967985114776184e-03 -1.832194545088280668e-01 -2.864752862957450352e-01 2.381388439305636984e-01
-1.493408332159523733e-01 -6.566150889962764359e-02 -2.247845587677967938e-01 2.133716462400630509e-01 1.656137735771780195e-01 2.580845156696758291e-01 -7.262305455445114410e-02 5.308851932631351161e-02 2.381339842757072898e-04 -3.264789277263475953e-02
2.118322982861894355e-01 2.414142397048438804e-01 1.719415074952750089e-01 -2.140816117873902968e-01 -3.642492957753208915e-01 -2.423763399929105278e-01 2.357057531896501745e-01 -3.111497511426766227e-01 3.503413774261051605e-01 6.499950096438052161e-02
-1.991185547784564641e-05 5.348673554950005293e-01 -4.410914944995317777e-01 4.749736371390297918e-01 6.461987179396501135e-01 1.768969457880963658e-01 3.234179719706284928e-01 2.757504562553030891e-01 -4.688986001135079240e-01 -6.461598031387031371e-01
2.809120537716990329e-01 -3.699353593209997459e-01 -3.897542521942740090e-01 -2.318147906591591645e-01 4.692824928187045441e-01 -4.523016042534756115e-02 2.084584649329007319e-02 5.155976442741506682e-01 2.610067047481644531e-01 -2.431428665827558844e-01
-6.714543401185099625e-02 2.965222014591512023e-01 -2.509815842078760295e-01 1.817100399269573341e-01 -5.119951368788246970e-01 -1.679927923444721194e-01 3.093827884564988584e-01 -2.793124700955563200e-01 6.671749237362040175e-01 4.498820968180154978e-01
-1.406774466441888284e-02 9.445983114962520910e-02 2.139795524073176136e-01 2.070332520402176912e-01 8.830940533384323832e-02 3.579752916572164212e-01 1.697094877922660783e-01 -1.084480824188464865e-01 8.752089020409997699e-02 2.566818544162777771e-01
