6.281339189585021243e-01 -7.909501459039521842e-01 -1.144645736921003631e-01 -6.186610200562813189e-01 3.210302045610483046e-01 -4.557809030407088957e-01 3.528248735208481257e-01 5.918903560362334115e-01 8.054263914467019170e-01 7.069824839661551508e-01
1.489312737634439776e-01 1.206400333139778513e-01 -3.856092581328254831e-01 4.048831705021614935e-01 3.948594895987808662e-01 -1.070456536330251229e-01 -2.524239156778068649e-01 -4.297032353033680696e-01 5.158828815243965416e-01 -2.688965990488116908e-01
2.778575088676679683e-01 4.412899498955055733e-01 -2.003029245176571327e-02 6.553271821616236670e-01 -5.666757339787960035e-01 -2.938054135280087631e-01 5.538443577375817828e-01 2.537136013807226864e-01 6.821651099129096840e-01 -2.664249904975892758e-01
1.808564038701638010e-01 -1.486369720260401206e-01 -2.285346856392212953e-02 -2.909440796181585881e-02 -1.228147583544667715e-01 -9.126234839594457582e-02 1.475738726130904621e-01 -1.196219956094834308e-01 1.062101070171936334e-01 -6.473653128157820513e-02
-7.686741679154522090e-03 -2.652795846570108612e-03 8.045886124850366861e-02 -5.862605702061962284e-03 8.125379433290248754e-02 2.774264246825286842e-02 1.237966890457629227e-02 6.308873256605151969e-02 1.529451178582977647e-02 4.355582733029235432e-02
-4.455953969401563741e-01 -7.467197579012987418e-01 -4.072252419915579902e-02 -7.939366432699080933e-01 7.014889783504850707e-01 -6.939182083225483577e-01 5.530556280806215863e-01 7.123204169903190053e-01 6.743080519626610814e-01 2.296979220300195690e-01
-4.812477468193427504e-03 1.673037428030878515e-01 8.875377223276807725e-02 1.551072012089678258e-02 -1.491570692711111264e-02 5.096769092158513585e-03 3.764689678875659390e-02 1.794858892326771371e-02 7.699827742038474476e-02 6.727288703266728377e-03
-5.348080948300983906e-01 6.800753074877609050e-01 8.278671978510013241e-02 6.851977575794845343e-01 2.255344802731634735e-01 -3.245035337416051768e-01 -3.837671818731200335e-01 3.200945585116620196e-01 -6.045749291922433155e-01 5.596140186342959399e-01
-6.974171115623027661e-02 5.905965417662277783e-01 5.494067280806168574e-01 -5.612394042510326919e-01 -2.798698063328732832e-01 3.677642144751250286e-01 -4.137081285126352204e-01 7.202205362430429414e-01 5.174948411434827644e-01 -1.894791930312642592e-01
4.415593873332996841e-03 -4.847551176062050646e-03 -1.147298707498275311e-02 3.244089770478875839e-02 1.093497500240339093e-01 6.112135147256293061e-02 1.368625042330779557e-02 4.245322435396708255e-02 3.421220494322838729e-02 1.142281071827873883e-02
-4.993002025954110246e-03 1.172049997922516296e-01 4.758310742169241658e-02 -4.569671154636011784e-02 1.964601364795472427e-01 2.898607057517476812e-02 -2.460234852857702895e-02 1.057375768503804846e-02 2.665020477591648757e-02 4.273948972482594783e-02
3.422647697548540924e-01 -3.188770398773123627e-01 5.955025102375889334e-01 1.864058482024780194e-01 -3.493784952113464237e-02 -2.090144412662535423e-01 5.402650217510163166e-01 5.067657689741232874e-01 -4.532631836292769778e-01 4.087002917897292753e-01
-4.213754438528267143e-01 -4.417617095579191161e-02 4.405518901147074673e-01 5.790398406008715471e-01 4.675872947685354997e-01 -4.547597353470893000e-01 2.075033608092488324e-01 -1.357325927695818557e-01 3.156899130633084027e-01 -1.273313944781630791e-01
4.145980524512734022e-01 2.024420889778884014e-01 -4.652130551911506373e-01 6.349512309473458460e-01 1.743067992115363007e-01 5.296220691763223881e-02 7.443416277768695188e-01 -1.598619585509685470e-01 4.120517244951840685e-01 2.894783657352172912e-01
3.107908527229422679e-01 -5.498283352797801449e-01 3.639070892392909928e-01 -2.359719043390561266e-01 2.921705563302532394e-01 -1.800572757370746957e-01 -4.541536622539981138e-01 -1.670868949840876028e-01 -2.015395939445090712e-01 -6.816559313860397484e-01
-1.772878034681125894e-03 1.807833602427214026e-02 5.774575113703297319e-02 1.891156698222496921e-02 1.715492043848033596e-02 5.794170900899199561e-02 5.294552827559286835e-03 8.002538339544673640e-03 1.573398658031326808e-02 4.512500992793450072e-02
-3.787756882658513402e-01 9.357505921334283161e-02 -5.196772551699532228e-01 -4.427967578899537626e-01 -1.496195103828490240e-02 1.847670203882083306e-01 -4.542193820429166196e-02 3.489066274984056748e-01 9.037906657668504096e-02 2.419846055051493861e-01
8.297674732299891165e-01 -5.337672721986668201e-01 -7.693720601194482533e-01 4.700892765988471944e-01 5.960060518134223662e-01 3.149311556143357116e-01 1.115673326202377552e-01 6.657051871493119277e-01 8.042207110379877566e-01 -4.411909263476684884e-01
1.322529262639671969e-03 4.150531887602174758e-02 -5.877724052345510986e-01 -4.763482771043139885e-01 -5.774757182061484029e-01 2.848541155632933752e-01 -3.635353776013610094e-01 6.722590768290302998e-01 6.692304261266016074e-02 1.282370566504076673e-02
-3.191913366810666258e-02 2.195226678588718394e-01 -1.261425470733469334e-01 6.202779028595658412e-02 1.911595033701253832e-01 -8.323720884629032257e-02 -1.778816275895603038e-01 1.158087451079741204e-01 1.299887646767323990e-01 6.271377334663358338e-02
-6.970640118361322649e-03 -5.452598086959312140e-02 -2.293103201179501893e-01 3.544437170820952110e-01 -3.969801754053775555e-01 -2.647769179836641229e-02 1.685473519159586819e-01 2.087898139098373351e-01 -2.956064037614758444e-01 1.634438708532049700e-01
2.707454988666328499e-01 -9.033226582564608809e-02 -2.015908842619926200e-01 3.956257312852590746e-01 2.592009923421575435e-01 1.613072844934460293e-01 2.025087379395723308e-01 -9.007370319318454277e-02 -1.227759125875078350e-01 -2.121422981897922166e-01
5.522298188066145086e-02 4.021046562400869551e-01 -1.826056293175352396e-01 1.652686402497195450e-01 2.450283349382103293e-01 1.253493167403231523e-01 9.828659640223456895e-02 -3.583659905972551990e-02 2.359383286265850643e-01 -6.783730472525424660e-02
5.222552101549366999e-01 1.115884699397541452e-01 8.166424411022593643e-01 -8.842745500519272328e-01 -3.956940209537659903e-01 8.720138456524083315e-02 7.579954472481459371e-01 -7.725791917417351717e-01 -2.091233178351943334e-01 -8.073831265677984259e-01
-6.267008066058085136e-01 1.823372401564365419e-01 1.315233221717409910e-02 -6.643751576796570746e-02 3.359407026213572789e-01 -1.317511981381475628e-01 -6.816572883288313234e-01 4.606067905444105604e-01 -6.511835153942984178e-01 -5.963004565200429319e-01
1.074996151018870610e-02 -2.082292344139990634e-02 -1.660544964545991944e-02 2.411042292272410070e-01 -4.801212135470160902e-01 4.091677610536846310e-01 -2.019204094314688835e-01 -2.459402852251990970e-02 2.139708519041652601e-01 -1.155502998945184684e-01
1.707713346122651243e-01 -6.254392925655894997e-01 -8.073954533742343509e-01 -8.182180484956472211e-02 -3.100793558556785845e-01 -7.991538165514714409e-01 -6.671576449359192251e-01 -7.252999343555822653e-01 8.636008697369664810e-01 -5.173707097355066953e-01
3.677609751005872507e-01 4.725543159011234562e-01 -4.058321264771848347e-02 -2.680125511857291420e-01 4.402903124075527308e-01 -2.733423023217215753e-01 5.121015015505746559e-01 3.508451404836876453e-01 1.541544451150738682e-01 1.383350151003349959e-01
-3.188568227838942115e-01 2.923607999579191374e-01 -3.611299056481920289e-02 3.176463833098833872e-02 -6.891605398387783410e-01 -2.339702823173838431e-01 3.329047314782538347e-01 -6.513362098743081807e-01 3.844653936038351372e-01 -2.725672621873053827e-05
-1.701386975665913626e-01 4.725752308751579589e-01 6.105265562849480077e-01 -7.370557498423657705e-02 -2.035561397202903244e-01 -5.374668374211533095e-01 -2.576688133519752233e-01 -4.024383932058488988e-01 5.157136655094211042e-01 3.539413208511703046e-01
-3.801574336562562606e-01 -5.366303892159655087e-01 8.693009798150548306e-01 6.503693820220816102e-01 5.091209409345035519e-01 -1.410369849018626165e-01 -6.747178199176587787e-01 -8.364436108013760529e-02 -5.762369158870043195e-01 -6.630107867488640450e-01
-6.686565376229872126e-02 -1.097003149751128448e-01 -6.902692586374443717e-01 3.331918949610176983e-01 -3.807934791067906777e-01 -5.756806529765137181e-01 7.955623041831503262e-01 -1.530392940247497779e-01 -1.317075339220621366e-01 3.561983352788788970e-01
-1.494635957039764096e-01 6.056836658202222612e-01 -4.882674068315193128e-01 -6.682914317552429706e-01 2.553184017995898669e-01 1.322213389895718072e-01 -4.425045463964885628e-02 2.596436221271811728e-01 3.158821124448979445e-01 2.463992107184104774e-01
3.088883677040405451e-01 6.332608554032245207e-01 -2.220787167505829940e-01 3.520482340745960115e-01 -6.081320190648873414e-01 -5.776172047212649874e-01 1.100991918330123387e-01 1.917440091810075076e-01 -1.171506906762958683e-01 -4.398840865888078433e-01
-3.438695151363418273e-02 3.197499797090524454e-01 3.504997237982139802e-01 3.130457923599245795e-01 5.172576506761067394e-01 -2.778323854374141755e-01 -3.697274587284114511e-01 -5.281640959744228481e-02 -5.640588419603635995e-01 -6.213492541280506848e-02
-3.541015307921481781e-01 5.875310497098964468e-01 2.763497535744872113e-01 4.282296404063287709e-01 3.981707398359821681e-01 -4.539944102795057113e-01 3.550680166533569659e-01 -2.567162703177817140e-01 7.151969603264699549e-01 -4.215492634961256480e-01
1.055456906560888752e-01 5.082229917415873044e-02 3.088220762756876958e-02 1.090700138860362794e-02 -7.511143771523243369e-03 -1.804973135223997965e-02 -3.546218767458845567e-04 2.096748103921829143e-01 -1.229670575669797143e-02 -3.768744531012839689e-03
1.143037226795103611e-01 -3.205435482209435111e-02 -7.767363822122969746e-03 -1.429692442885604486e-01 -1.730391115964955429e-01 -1.150202988419824976e-02 -4.140734509059389168e-02 6.721894482061366305e-02 -1.031171225379626244e-01 -2.435840331121245095e-01
3.824248775596942318e-01 -5.487705232899202645e-01 -2.850750653507771459e-01 -7.029662774129780134e-01 -6.891834490602553875e-02 -6.921830423085678641e-01 -2.039848477757280620e-01 -6.342899754889234076e-01 -2.102350948879188122e-02 3.146976204026309398e-01
3.365090790938262549e-02 -6.522895473695471125e-02 -8.571966497216310099e-03 3.017884300029760776e-03 1.832360351609127747e-01 -1.121204322219964723e-02 6.640246016135720186e-02 4.801571484749898172e-02 -8.341021617760019033e-03 5.619254172975686468e-02
1.140899249112970887e-01 2.419301825138919226e-01 -2.959129932351689182e-02 1.302332551018923201e-01 -4.002962371522237467e-02 1.475533849295479483e-01 -2.567339939539676763e-01 1.705838526740846850e-01 -6.230624725710091558e-03 7.135903114503856781e-02
-3.790154964413811056e-01 -4.042134566779213151e-02 5.791406454885366095e-01 -5.124894390859560667e-02 -2.526444523721042557e-01 7.096156193405095403e-01 -3.177457753534843055e-01 -5.155470087564306692e-01 -4.077795248986103571e-01 5.448916519002993120e-01
5.803703325897201504e-01 -7.538864092666958117e-02 -2.596638924447466912e-01 6.618557268021019180e-01 -2.619434341925760412e-01 2.617172059260202549e-02 -7.756057231892082848e-01 1.503444570907815081e-01 -5.354945069697891746e-01 7.418646135622566362e-01
2.379337467227580216e-01 1.602690519656943813e-01 1.322357546765531161e-02 1.108188261011650855e-01 -6.792680407079820792e-02 9.713736293742576688e-02 4.893161658489784266e-02 4.630169254493689962e-02 1.088246497164417070e-01 1.299727203223021432e-01
-5.198618931090360773e-01 -8.462022894780953930e-01 1.557335330627740155e-01 6.036408105901278631e-01 -2.753786920093072021e-01 5.896423325258032255e-01 -8.403291763091174094e-01 -6.976325141422884402e-02 -6.876918774205801332e-01 6.391948831360821925e-01
4.413951546714506291e-03 4.153767616525964228e-04 1.525187975767663962e-02 -1.542289587915053259e-02 6.700503147533382053e-02 6.156026442323569992e-02 -1.010286759894690571e-02 3.590938666324015871e-02 -4.175520397934358308e-02 -1.741113081728478187e-02
1.981936730393105139e-01 -2.350423249595243735e-01 -4.370043524760748310e-01 -2.993945064782573273e-01 4.347165027193398701e-01 3.660036459870331105e-01 -2.095445849929210569e-01 -5.274123612940551098e-01 -5.151058602577873735e-01 4.889023877460502709e-01
2.761088391115630314e-01 -5.043184944827693306e-01 -2.062331956151719492e-02 -3.356646843171146588e-01 9.800066463073917045e-02 -2.894302157913254403e-01 -3.827707464287142813e-01 -6.201401667617714719e-02 9.022080243210720690e-03 1.762677142978383849e-01
-1.054816730074690789e-01 -2.714916535048303436e-01 -7.467455342785719874e-02 6.462245422999084166e-02 1.890083044083293307e-01 2.035430213090025919e-01 2.220524674682019528e-01 1.835383636894551695e-01 1.142727987446551519e-01 9.181542523656738286e-02
-8.559835578383880872e-01 4.488752990527848930e-01 8.838394670702275080e-02 7.402835889032142180e-01 -2.688893341736584564e-01 -3.179491842812804392e-01 -1.515046445501477546e-01 7.619850265697568625e-01 -5.127719095899581359e-02 1.401009402998282527e-01
-2.411276322487451163e-01 8.390490578407093503e-02 5.651003334637357822e-01 -4.027704744466829023e-01 1.992196416526220704e-01 8.061661084616437156e-01 1.950650755046845486e-01 -7.679880782799984595e-03 3.365393309705285718e-01 -4.146351162576964455e-01
7.784564478089365733e-03 1.096740644968598466e-01 -3.040894009658599503e-02 -8.399378517845824954e-02 1.069313831311250185e-01 -1.479468741412707511e-01 9.613868476921798301e-02 1.094916245730182154e-02 -2.000707119686223612e-03 -9.542601104797589218e-02
5.894844933825527100e-02 2.324259294865983760e-02 2.013443340677062154e-01 -1.676331663888925433e-02 -2.201191551656510662e-02 -3.988648892685100339e-02 7.855812677522689205e-03 3.008721784070195193e-02 -1.025811121524663888e-01 2.047812151176681139e-02
-2.850897066235428823e-01 7.619943441084351399e-01 9.134180747432303349e-01 -6.197382059918405961e-01 -1.047297465654447035e-01 -2.457859810244183152e-01 -3.177642078180362706e-01 -2.266847048063266590e-01 6.789121513546131359e-01 -3.966163528413344519e-01
-3.375644700508629859e-01 -4.367406240039905518e-01 -4.450971857600828918e-01 2.739107478195986767e-01 -2.330880074755443954e-01 7.289972239415533073e-01 -2.081302150105127924e-01 -5.147109934681350918e-01 7.485092415128369314e-02 4.376950306054960271e-01
-5.075740828415068462e-01 4.419341111408898182e-01 5.393693415675855363e-01 -3.210427443821297633e-01 -1.555131137814205755e-01 3.177200192671298384e-01 -3.198850840316407318e-01 2.311370240365981099e-01 -5.810007217719775907e-01 -7.117778155576810484e-01
-2.340885110419143877e-01 -4.525144670578247208e-01 -6.237065198933093857e-01 -3.828470074401790768e-01 3.782686971929400399e-01 -5.358723684680026800e-01 4.714998651279370817e-02 -3.165872457490142011e-01 -3.662063615268087990e-01 1.457978685243680739e-01
1.024365817268766549e-01 -3.929013898051206960e-02 -2.295611007904435896e-01 1.586501808942364922e-01 3.322182699371251102e-02 -9.330336869991361082e-02 6.497266948524925423e-02 1.382241956600950734e-02 9.019743565102587846e-02 -2.068198307974289940e-01
-2.539030752358586995e-01 1.633874217539000862e-01 1.975932894257874661e-01 -1.451920871315645345e-01 -5.746434122978981707e-01 5.612122284201384037e-01 -1.220323328263512030e-01 4.367604155144680922e-01 -1.755266895953745132e-01 -5.472217179039641222e-01
7.123547679348242456e-02 2.741057168256872886e-02 1.737497634841278851e-02 6.068693492717909532e-02 1.061671502903805131e-01 -1.800369125861115208e-02 3.690784831665747459e-03 2.891001668293250934e-02 5.741724345157826932e-03 6.328814615284823406e-03
-5.653525515285460212e-01 -2.821813919706884222e-01 -4.561810010650517722e-01 6.324648243289442417e-01 -4.838546194197236305e-01 6.908883690887190898e-01 -3.440012620184701997e-01 -4.556496448350216832e-01 4.821382214554566503e-01 5.614575457267230174e-01
-5.399070330182780264e-01 -7.971686924476575897e-02 3.621267419102381369e-01 -4.025279515223841552e-03 8.202569588363285424e-01 -2.675244033100424579e-01 -2.277207035395716062e-01 5.789851906132547077e-01 -2.556302817484211731e-01 4.227325085696295170e-01
-4.093627200478849176e-02 -2.610851594835606262e-02 3.404034149104411683e-02 5.837048004679391833e-02 1.632135186111375105e-02 6.700652295253853308e-02 2.344034187173550665e-02 -1.445536238870979984e-02 2.393346242960191651e-03 1.195084731480139106e-01
-9.030835515680221692e-02 2.314023852853238916e-01 -1.966061334010307110e-02 6.704676482925962799e-02 1.561600750158321782e-01 5.165643361395413219e-02 -1.286672778860489252e-01 -1.328602156244665933e-01 -4.226387133458143347e-02 -5.649357706200748563e-02
5.854044759050007832e-03 -6.895894605969590807e-02 1.561112590554998222e-02 -1.644988391261484051e-01 8.582334401543277591e-02 6.033352989529529309e-02 -8.221544192152165087e-02 -2.158245487296160670e-01 -2.676541930705299555e-01 -5.231586216824651858e-01
5.180679389110527389e-01 -1.023076771303754878e-01 -5.263693266067118737e-01 -5.598181083431256200e-01 1.226923613423955978e-01 8.627993527298434551e-02 -5.125755848844210094e-01 -6.808811117634842869e-02 -6.189277927445225869e-01 5.106786338503357392e-01
4.610182747817978544e-01 -6.362629472543238629e-01 3.782898736171986243e-01 5.747374466202939125e-01 6.291849539661547031e-01 -3.056713945150459910e-01 4.009005967666023351e-01 1.720006366520382690e-01 -1.272897597649956178e-02 4.826501624354397890e-01
4.191770566895413608e-01 -4.462683095159108992e-01 -3.774925420678637011e-01 1.656166767872725154e-01 -1.395798755881816622e-01 -4.135587005958672457e-01 5.027154318475236527e-01 4.223260020552280225e-01 -1.274406440056131129e-01 1.118462980321014433e-01
2.125820415414404752e-01 7.906207600467018981e-01 5.095673300195071587e-01 6.025118618485811872e-01 7.222737893186251812e-01 -8.031504300759133574e-01 1.674390876923820826e-01 7.928688551108132865e-01 3.089495359496274851e-01 -8.702827180595354983e-01
2.635717352369764122e-01 -1.127727001524723577e-01 5.117240017280648423e-02 1.331319300642808956e-01 -2.063215642721229759e-01 3.434879182145804122e-01 -2.980797931527292069e-02 2.460192119112007414e-01 1.382468539361615678e-01 3.494373339052869731e-01
4.322372451734504684e-01 -5.377862391894773220e-01 5.566142856892851709e-01 -3.541470076044924697e-01 -1.774829387726283292e-01 -1.607447742054645412e-01 5.565561995429323394e-01 -4.453269667901922357e-01 3.266617557103865255e-01 -2.322688610810045851e-01
6.766387347234890104e-01 -2.550036001543870556e-01 -7.074584532560286299e-01 8.932583712407800025e-01 8.626010642852723065e-02 9.341072077569158028e-01 6.929450204352914922e-01 -2.708447988666320971e-01 -9.290677505436950590e-02 7.890342439403916774e-01
-2.191309105655949163e-01 7.228403005375745420e-03 6.445220231884324358e-02 -5.208983058309027969e-01 -4.263614996785072830e-01 -2.374965625262381030e-01 2.163709025607597758e-01 -4.034894288370033943e-01 -2.951030752970897897e-01 1.433643664145253516e-01
1.324511326980178831e-03 4.805998174886210589e-02 1.304629636083520436e-02 9.336992203489923037e-02 5.534014158716337242e-03 7.409325342717718033e-02 -2.314695280951434774e-04 4.902000366671124820e-02 8.869541851312947103e-03 1.291768134971611227e-02
-1.265309788636483357e-01 -6.033913199467574318e-01 2.757633274319105654e-01 3.318976014558488313e-02 4.917366340733266283e-01 -4.561611704988422500e-01 2.473494018312377418e-01 -3.983931089372353407e-01 7.146275956760713699e-01 4.418650068178952006e-01
-4.830004163172184617e-01 6.756669848607730344e-01 -1.036362588525928524e-01 -1.627152141951251629e-01 4.554207797683656467e-01 5.136405661249910937e-01 2.685719410893447345e-01 4.594448919708115642e-01 -4.626437935562697779e-01 -3.979203155513801882e-01
-6.453196878468531184e-02 -4.118073695342479024e-01 5.410978825325225144e-02 -5.809937465431351533e-02 1.520412904630914219e-01 1.798665860851098308e-01 1.125175335808346611e-01 4.077790355922464860e-01 -2.696745457585829064e-01 3.248617638584773704e-01
-6.774086798605100102e-01 3.952154602687478757e-01 4.481628712030876205e-01 7.199214380439752370e-01 1.306621114822169860e-01 5.890212759565870426e-01 -1.913523184005083699e-01 -8.453247227855667512e-02 7.054182270544337996e-01 9.197277200002330899e-02
-1.490423818376022669e-01 6.238679050759169398e-01 -5.614639733909553287e-01 1.914859092090189785e-01 3.062927397116191885e-01 4.262957096351184805e-01 3.999878175646414680e-01 1.154929087773285401e-01 -4.287572222342042605e-02 -1.581493040028617569e-01
1.021411747294016792e-02 -4.909242868431669751e-03 3.039564034732654407e-02 5.577700317600840785e-02 7.626716863805806101e-02 2.022800169407706558e-02 9.263585954421513571e-03 9.918760154001221574e-02 4.409388098574810316e-02 4.508179569914982227e-02
-4.907767663532486835e-01 5.993929368404778968e-01 -4.901108443416238858e-01 -5.614816639888344472e-03 5.723057496123649113e-01 -7.475777862165491339e-01 -7.993254087810829356e-01 2.622144915948892430e-01 -3.389466041709672250e-01 -7.029637230550449534e-01
-2.115401761280045478e-01 -1.547049503698168238e-01 8.018590778877084102e-02 1.385257124791618166e-01 1.406564329697484184e-01 -4.123337220459454833e-01 1.104048799005814818e-01 5.758088745524589935e-01 2.048383681271510603e-01 -8.219841944427103142e-02
-5.440068756964319130e-01 1.966839189293398127e-01 -8.093946663338189573e-01 -3.328723119484963688e-01 -6.752230643672868515e-01 7.874856326016196895e-02 -8.323596996239573942e-01 -5.071690667128929686e-01 8.003349229984023649e-01 6.869585079441329345e-01
4.235774564462325281e-02 2.596925802344719411e-02 7.940911101942592365e-02 -4.161368494270722279e-02 1.981000769395624764e-02 3.642657977895470689e-02 3.935237200184468764e-02 4.301489343186724879e-02 -6.372372501974929567e-04 1.937426908573299314e-02
7.439976034882078704e-02 -2.032907654338273196e-01 2.924861137165126190e-01 4.333558482343058960e-01 -4.831447616528861122e-01 1.864090309691485148e-01 2.240566671737810600e-01 3.770183203254996035e-02 -4.938163692274939454e-01 -5.553187322942313431e-01
2.053246017347786501e-01 -1.099841153642791419e-01 2.062664078977103077e-01 -2.639655800646674780e-02 -1.902135598197444988e-01 -2.223257492321297213e-01 2.268109149928072277e-01 -2.335508272795109030e-01 -1.035376009761894006e-01 2.719864770999184667e-01
6.965860849966872825e-01 -4.799709635970462185e-01 4.768058508857311306e-01 8.245668229222213874e-01 6.134314042166032488e-01 -3.286207200509519422e-02 5.271070947617865210e-01 6.936985281773838663e-01 5.925115728703225226e-01 1.054212550662197018e-01
9.710757917339071787e-02 1.150003691222903079e-01 4.736136310418941342e-01 -1.431882806477491887e-01 1.859221949173348598e-01 -1.967551379811219858e-01 8.832229151045684068e-02 2.646336447752511978e-01 -3.720746787325970861e-01 -3.559292548174635695e-01
-3.568845406795348452e-01 1.337309661994781351e-01 3.852049593360958868e-01 -5.816051582858088320e-01 5.703600574017231306e-01 -1.207656979525517371e-01 7.210831599086706678e-01 -5.607882772933909798e-01 7.488311966637672956e-02 -4.131641457229107139e-02
1.545502921784668304e-01 -2.139746075916266199e-01 -4.081567187660475882e-01 1.233850776216550461e-02 5.116783099140330415e-02 3.145266524683704851e-02 3.724916218084053376e-01 3.766720382193279870e-01 -2.819363343640156339e-02 -4.804677848580350963e-01
3.043964221691766725e-01 -6.139117828410974864e-01 -4.683064934272562763e-01 3.028974039856411477e-02 1.541080077604008169e-01 2.915522968151977867e-01 -2.633640443391369601e-01 1.998717995857118568e-01 -2.634246759626805434e-01 -4.027371976044384905e-01
-3.655171517391776759e-02 3.786310424658076990e-01 3.166819426185937258e-01 1.808527289666658766e-01 -5.014218525832078027e-02 2.231535273961980370e-01 -3.219811291160441513e-01 1.831298504475066258e-01 -6.453820738915849167e-04 -4.140521850961725869e-01
2.500722399385376660e-01 -1.879780741976021241e-01 -1.562097101701200585e-01 4.514117852271059550e-01 3.865453097143933259e-01 4.692390638015538906e-01 6.905263218572120776e-01 -9.482902946765466023e-02 -2.887338734208646507e-01 3.426013751339910263e-01
-5.089063488298576354e-01 -2.098979056541896426e-01 -5.599401415061092818e-02 -6.938248263362902825e-03 2.655661824786853531e-01 -2.257778089648859732e-01 3.669438469910266207e-03 -1.829558572813473061e-01 -2.856852045940521112e-01 2.368176940010865428e-01
-1.366049461984222002e-01 -5.637959457836833749e-02 -2.075335402274615382e-01 1.873780307454354921e-01 1.620297156864178301e-01 2.277375100693171395e-01 -5.329067564170818228e-02 5.608680289812276176e-02 1.120841614548083887e-03 -3.263717540344571871e-02
2.100459374290324366e-01 2.429481321097037294e-01 1.707333901946379018e-01 -2.130149549004779486e-01 -3.637316085558393031e-01 -2.430868837781154645e-01 2.393729314959489596e-01 -3.080295839762888233e-01 3.488217137808500845e-01 6.484588349715429689e-02
-1.977207563040502138e-05 5.352609498102598451e-01 -4.410900185438759169e-01 4.749498892491696433e-01 6.461677288046218104e-01 1.768753817066984757e-01 3.234138841987073687e-01 2.757338328242464609e-01 -4.688934404157311109e-01 -6.461541942855937304e-01
2.798648904493781231e-01 -3.685422066657372264e-01 -3.855546781611382534e-01 -2.309647211804905509e-01 4.675874682881854816e-01 -4.135802912208633164e-02 2.081111781284296358e-02 5.136602629399257269e-01 2.601729652824162908e-01 -2.423977769789437964e-01
-6.544440200916451511e-02 2.961009595363808256e-01 -2.507764051372268210e-01 1.818135702450396352e-01 -5.114535624255721613e-01 -1.680130909850681975e-01 3.094615144449727739e-01 -2.796231072721442890e-01 6.666433763436954152e-01 4.493820508960499893e-01
-4.850028509621912530e-03 9.211718869138203758e-02 2.086126923038348624e-01 2.025494632385103633e-01 9.085278200694577033e-02 3.492162030575162723e-01 1.673088245801755414e-01 -1.093959966114685101e-01 8.523060756236504332e-02 2.494241229983021890e-01
