6.284172752300333231e-01 -7.923871038441576697e-01 -1.145273214738479484e-01 -6.189165589028485792e-01 3.212835717446667072e-01 -4.557143193838769091e-01 3.525692329628877797e-01 5.919386557420605044e-01 8.051086795656422490e-01 7.073101885781497566e-01
1.490754154122510278e-01 1.206484508153681107e-01 -3.863304074431921920e-01 4.044354071605147372e-01 3.950790632423422100e-01 -1.072420811111514938e-01 -2.524037342134305972e-01 -4.303995957020123053e-01 5.160076398321072899e-01 -2.687863240785897667e-01
2.781605229875120378e-01 4.413660271666483004e-01 -2.004261729959781052e-02 6.555187888913655003e-01 -5.668455945073513913e-01 -2.936756289180166291e-01 5.542209997525241461e-01 2.528221955034680168e-01 6.818826522601885154e-01 -2.659738159925345014e-01
1.702254545768817628e-01 -1.677250820163063705e-01 -3.682500569439908084e-02 -3.872777636995058254e-02 -1.357080794844531535e-01 -1.218714901762087688e-01 1.758036369692498324e-01 -1.425678345946409520e-01 1.280541137276931529e-01 -7.794464632435867124e-02
-5.421905875223511154e-03 -2.159303600093315321e-03 7.741363635827103185e-02 -7.655907043598877970e-03 7.825638325961456476e-02 2.587566815001537610e-02 1.341539582149115298e-02 6.606503450785231046e-02 8.028644195393463273e-03 4.072013452528414068e-02
-4.455965184642262655e-01 -7.467816585947193442e-01 -4.071794189068049519e-02 -7.938846466671987123e-01 7.015474023793677461e-01 -6.938605197594885921e-01 5.530725336725410557e-01 7.120149641067211599e-01 6.743436993652534017e-01 2.297184016577961951e-01
-4.785146838668363593e-03 1.712302733078727712e-01 7.388019237750628743e-02 8.868365381569539435e-03 -1.367443753084301300e-02 7.721796859852979138e-03 3.952690519570965094e-02 1.389160416183955055e-02 6.686062319599271608e-02 5.873019247829592074e-03
-5.348090633584137166e-01 6.800953284205396576e-01 8.247900481093749236e-02 6.852293129011703954e-01 2.255742671864572613e-01 -3.245032834747146877e-01 -3.837731230303436658e-01 3.201135991537254477e-01 -6.045843883079892178e-01 5.596310827383566000e-01
-6.969546064970492949e-02 5.904363764990148145e-01 5.497320445603623984e-01 -5.609606053844397033e-01 -2.795706480020936358e-01 3.688247671256700277e-01 -4.155205360375957557e-01 7.202549389245698208e-01 5.173055480744928047e-01 -1.893412010149793656e-01
8.024123878474398452e-03 -4.669977433198350091e-03 -7.867158906127868015e-03 2.871226521124942491e-02 9.771275004340658488e-02 4.587305861476179830e-02 1.664366850585644389e-02 5.033261525711395928e-02 3.006170504473007488e-02 1.507516313708103309e-02
-1.164377530039301285e-02 1.058979767115929976e-01 5.552809671718660078e-02 -5.757443480740757208e-02 2.091548277313401705e-01 1.850495739994028124e-02 -2.598955343118508621e-02 1.563536867432262006e-03 2.911092500809165859e-02 4.709910666945362617e-02
3.422655820980239905e-01 -3.188777967112266243e-01 5.953774583790154562e-01 1.864062906246347906e-01 -3.493793244384810204e-02 -2.090149373484354589e-01 5.402663040349066081e-01 5.067669717497155224e-01 -4.532642594199628450e-01 4.087012618132896957e-01
-4.215698979429158277e-01 -4.412814413224425136e-02 4.408236853520492993e-01 5.793560667584742863e-01 4.671233984858676469e-01 -4.563846022593482377e-01 2.075424483173457235e-01 -1.357026288706037476e-01 3.157848252376756482e-01 -1.274423518823740997e-01
4.146475761951645134e-01 2.018269273817612230e-01 -4.654179839829147292e-01 6.353836731228440504e-01 1.747536499705670265e-01 5.346988993238456500e-02 7.438960189047247873e-01 -1.599418820514645623e-01 4.120358439546460971e-01 2.885082089856734200e-01
3.105715774294393050e-01 -5.499820649668534234e-01 3.622531875764395948e-01 -2.360230258769319689e-01 2.916188959171600592e-01 -1.800724685898216215e-01 -4.541741905899673304e-01 -1.669561428137699144e-01 -2.012899097524808723e-01 -6.819773600866180230e-01
-7.609649831024527852e-04 1.381711359584271437e-02 4.999881303498175666e-02 1.531283930072106260e-02 1.290004250218425644e-02 5.328181252997430534e-02 1.238965323359106710e-03 4.742930930964684919e-03 1.688083672569521895e-02 3.980321995950696079e-02
-3.909551009049657688e-01 9.572972325363010571e-02 -5.297883530668056062e-01 -4.527424652692511597e-01 -1.348502861347918198e-02 1.910684728470573301e-01 -4.322428265184476148e-02 3.533773044078561409e-01 9.353679951767722434e-02 2.430592479657883165e-01
8.297674774195809011e-01 -5.337672748937194456e-01 -7.693720640040967451e-01 4.700892789723822851e-01 5.960008289809545223e-01 3.149311572044594665e-01 1.115673331835541071e-01 6.657051905105345613e-01 8.042207150985909436e-01 -4.411909285752923515e-01
1.340849553577427248e-03 4.155798414465912416e-02 -5.881525152839971460e-01 -4.764369009382739550e-01 -5.775807435065057893e-01 2.849265530366481558e-01 -3.636058993122632810e-01 6.713559118336511755e-01 6.695605754251099384e-02 1.282038970612430981e-02
-3.318973412128425199e-02 2.304288841984618308e-01 -1.311307581596225513e-01 6.027261880427370322e-02 1.854269286734004651e-01 -8.550804847169445055e-02 -1.901769001064481934e-01 1.289890236495475073e-01 1.356248268095838483e-01 5.197543689716251775e-02
-3.963034978545201294e-03 -5.386166108758382032e-02 -2.309915777457831054e-01 3.585749020881498494e-01 -4.013273941083937424e-01 -2.516578568250499304e-02 1.736235773108299185e-01 2.015926295312291672e-01 -3.006768567203467746e-01 1.694037813876874132e-01
2.728988138855467649e-01 -9.112162886469289680e-02 -2.137639830385466566e-01 3.983993026380038827e-01 2.613894501118730895e-01 1.625804487875684157e-01 2.050752156438679086e-01 -9.016605160500643090e-02 -1.239376312038866224e-01 -2.126881943697674915e-01
5.641451891349216069e-02 4.084511238023494362e-01 -1.912573904058003371e-01 1.678654304227924499e-01 2.489134208746335009e-01 1.273584604021666955e-01 9.979025965310456270e-02 -4.417246450007137476e-02 2.395388938116251865e-01 -6.883836171663261505e-02
5.222636479044722169e-01 1.115806986218832869e-01 8.166477403893721565e-01 -8.842773176909718424e-01 -3.956786583852393013e-01 8.720440568451270913e-02 7.580052475380267829e-01 -7.725735906600055269e-01 -2.092900811895139490e-01 -8.075040095842341836e-01
-6.267404537802504505e-01 1.823958942693182095e-01 1.300302255618248151e-02 -6.627546495622106681e-02 3.360853262788928708e-01 -1.326996803933799818e-01 -6.820562758566300898e-01 4.609166422621412962e-01 -6.513539836024394569e-01 -5.967675392325173522e-01
1.082423978456549009e-02 -2.661435308644666958e-02 -1.632247378923384895e-02 2.427451745205009559e-01 -4.824411244253139497e-01 4.121991180141707511e-01 -2.030472992345220273e-01 -2.457558090340117990e-02 2.154415547157711719e-01 -1.157670337091293161e-01
1.707929876515633660e-01 -6.254555541248093542e-01 -8.080230264096920356e-01 -8.181221365676029367e-02 -3.100861967853738022e-01 -7.991559886639117982e-01 -6.671925694072894375e-01 -7.253218951983887441e-01 8.636602290938705240e-01 -5.173572664860708326e-01
3.678641875843322584e-01 4.726384054658104850e-01 -4.057559812775912711e-02 -2.680849812477326677e-01 4.401838300009289218e-01 -2.748184343083475700e-01 5.123360570785228107e-01 3.510191154043134643e-01 1.542580824769613501e-01 1.384056074306695139e-01
-3.188545893322444202e-01 2.914678778682590621e-01 -3.590099049309952023e-02 3.162584880070899718e-02 -6.893688404644963130e-01 -2.356684559942798796e-01 3.317110381274399056e-01 -6.517348379172936967e-01 3.848256008737081513e-01 2.109142642507579469e-04
-1.714218781949442827e-01 4.739588785929059744e-01 6.117429968270214902e-01 -7.242765758103064666e-02 -2.094562641541795611e-01 -5.377848957348527748e-01 -2.583835649170252435e-01 -4.049797685774405021e-01 5.175892950640700318e-01 3.559689126591769615e-01
-3.800582677144614951e-01 -5.380673018292824183e-01 8.693276028909061592e-01 6.502441678221152488e-01 5.094534121561221651e-01 -1.410149223512735805e-01 -6.750962482450030278e-01 -8.356805078486152782e-02 -5.766939463305704727e-01 -6.629883808609989826e-01
-6.669824809707730617e-02 -1.097428994091118326e-01 -6.908030257135606700e-01 3.335355837749305885e-01 -3.806771305390694304e-01 -5.774434404287850375e-01 7.963825076902709688e-01 -1.525338218063865547e-01 -1.318330675813415565e-01 3.555636736870255721e-01
-1.490929016654570782e-01 6.060971893958646550e-01 -4.882848920080257171e-01 -6.684059582090565721e-01 2.553436167781507060e-01 1.323411702223950270e-01 -4.362845595711528635e-02 2.573486452671609470e-01 3.156423403372606296e-01 2.472618672944987828e-01
3.089462867768459908e-01 6.333186732700488708e-01 -2.221855455962453985e-01 3.523832680204038725e-01 -6.096071699543612610e-01 -5.777207304454203829e-01 1.094820473125907440e-01 1.921778232410737697e-01 -1.169515188354708773e-01 -4.400164139776482908e-01
-3.428705090008517253e-02 3.185674548664568229e-01 3.509133112770932428e-01 3.131429054745293872e-01 5.173588171055294449e-01 -2.781048826368991422e-01 -3.699224227641452201e-01 -5.296404656789902715e-02 -5.640404665962699404e-01 -6.192830893875470033e-02
-3.530774340652901300e-01 5.881833872484222292e-01 2.759137414645643216e-01 4.285792978852777102e-01 3.993668705943296260e-01 -4.521502323218994368e-01 3.554548688772234399e-01 -2.593504436973190774e-01 7.161281490511188785e-01 -4.219188594086598632e-01
1.071176845811241118e-01 3.996062431501398032e-02 3.631454483011218454e-02 9.053808624764006149e-03 -6.216939043190749040e-03 -1.154780888736964446e-02 9.141425810111914732e-04 1.827866664449749601e-01 -1.213498564118855975e-02 -1.889646958752854485e-03
1.310330460755023685e-01 -2.656912527515074493e-02 -1.022129990094704406e-02 -1.606825458263034245e-01 -2.071632451815627052e-01 -1.415823008887987823e-02 -5.440877821636923989e-02 8.973381294221403903e-02 -1.111533499852289247e-01 -2.696180600925014992e-01
3.826215218511681004e-01 -5.488169971790983759e-01 -2.852268559076137078e-01 -7.031437130261564139e-01 -6.880908382641993948e-02 -6.937143100565912324e-01 -2.037137434594631369e-01 -6.342324731843694829e-01 -2.098419506075314273e-02 3.137276380269825582e-01
3.326112366960569389e-02 -7.224138443606754889e-02 -6.305145493583646024e-03 -2.706968755748248405e-03 1.695873031896318606e-01 -3.515664793909405606e-03 6.790879533203264540e-02 6.075142133351646434e-02 -1.703512644516288685e-02 6.046314668776445883e-02
1.133827714644909668e-01 2.483649334348365934e-01 -3.199604756576614889e-02 1.179835278749044730e-01 -4.143988760161186613e-02 1.581761312875726300e-01 -2.712567025092789130e-01 1.775515601749655392e-01 -4.611583337574393614e-03 7.350432070943989371e-02
-3.813169853003900434e-01 -4.022792853832889148e-02 5.793433794628612965e-01 -5.092277110575822024e-02 -2.527463780100048796e-01 7.105451378750423652e-01 -3.182097868181084643e-01 -5.164564025989321072e-01 -4.077359402086572215e-01 5.443594249751424474e-01
5.803755470344098555e-01 -7.561919658171419034e-02 -2.596659917303612564e-01 6.618617168416686125e-01 -2.619458360661505170e-01 2.617197844722545311e-02 -7.756125899206098850e-01 1.503458632128279460e-01 -5.354991142452628639e-01 7.418713176483673344e-01
2.442779969962284303e-01 1.653617118405790454e-01 1.183827407426369868e-02 1.135543349394023127e-01 -7.058497976254562989e-02 8.146564707460524080e-02 4.644363514410661253e-02 4.918438749575902019e-02 1.126482556407773505e-01 1.349608051841615919e-01
-5.198232021778529388e-01 -8.462679224622424723e-01 1.552753771703292707e-01 6.036125863837371597e-01 -2.753183668049555832e-01 5.896680741963021832e-01 -8.403396495332923211e-01 -6.968280572398684314e-02 -6.876803660775014926e-01 6.391896268330679032e-01
7.046285702950527002e-03 6.908567571501602125e-03 2.828133916913642965e-02 -2.360062300837767121e-02 4.176510798797495455e-02 4.066769517040395854e-02 -3.139243008993175543e-02 3.538134041224220289e-02 -5.486660200430137913e-02 -2.757540653498369299e-02
1.991312301097941384e-01 -2.351721221267897843e-01 -4.372524550686034961e-01 -2.989865239050206180e-01 4.345425309058531527e-01 3.655196971756952129e-01 -2.084682279299709395e-01 -5.306326865368152790e-01 -5.162182295456857473e-01 4.902945659278637458e-01
2.774685443061858381e-01 -5.069493571428916878e-01 -2.068888324348558405e-02 -3.374907799490183824e-01 9.776881208342227958e-02 -2.911738133809613216e-01 -3.909945223490002286e-01 -6.276052221702961564e-02 9.296720413268252589e-03 1.772999850406699052e-01
-1.085315250383539071e-01 -2.787451064687049840e-01 -7.590930509559300210e-02 6.734569982452780212e-02 1.791604320850515575e-01 2.092856530233534740e-01 2.291190767408981532e-01 1.895426988205833607e-01 1.185746037136983233e-01 8.368715915679363071e-02
-8.559995613638017309e-01 4.488548095756404455e-01 8.842153381382707178e-02 7.400311186116028672e-01 -2.688827587631540394e-01 -3.179257386860628309e-01 -1.515048886022621055e-01 7.620014371567340739e-01 -5.126687313153269199e-02 1.401275430939489530e-01
-2.414861224438175080e-01 8.391424323892025805e-02 5.651222415174701474e-01 -4.027855436882654683e-01 1.992356490314473316e-01 8.061901511185141089e-01 1.950708537654743946e-01 -7.677788361394052331e-03 3.365495069636628145e-01 -4.146413910537247172e-01
3.350813762666180140e-05 1.149416029526861144e-01 -4.405052432353613601e-02 -1.015032875845344879e-01 1.288389913865310710e-01 -1.574007457635140939e-01 7.415517069912931636e-02 1.533553843677206395e-02 -4.332174442210101270e-03 -1.066795858174360012e-01
6.681471578038541970e-02 1.375130873174123733e-02 1.913309684148647438e-01 -1.759985116142542480e-02 -2.687267826879407087e-02 -4.204733883601127070e-02 -1.158950646233729894e-03 2.894933430951117381e-02 -1.147413463177438808e-01 2.521879361188418545e-02
-2.853004400274545826e-01 7.635947110815523020e-01 9.145872128085357211e-01 -6.205761908368514490e-01 -1.044427869720929575e-01 -2.503283510522251731e-01 -3.175006341276808142e-01 -2.262254267295746302e-01 6.802353055180176966e-01 -3.984416588538980397e-01
-3.380239225386005297e-01 -4.366833925833896735e-01 -4.448461343260592948e-01 2.741195557583600562e-01 -2.328302978880918972e-01 7.278755247624436597e-01 -2.084965132252955544e-01 -5.145537482724550360e-01 7.497853954113384289e-02 4.382167729309116022e-01
-5.075773050693630495e-01 4.419397783808556301e-01 5.393838400755476270e-01 -3.210181263707976851e-01 -1.557613196544140599e-01 3.177695688203118762e-01 -3.198800309230973027e-01 2.311848156789492736e-01 -5.809833045131524987e-01 -7.118921683555330393e-01
-2.342120485735256219e-01 -4.525296792976233329e-01 -6.238099392999233439e-01 -3.849986498041232386e-01 3.785729684924920013e-01 -5.360043827225852153e-01 4.730725387166363066e-02 -3.166946928251186955e-01 -3.662336384356483787e-01 1.461143775280369927e-01
9.201643416038790546e-02 -4.178248668892780432e-02 -2.348433624149698640e-01 1.637185500482170319e-01 3.003778925822489509e-02 -9.400192232278231641e-02 6.652399655950196056e-02 5.594587512395429729e-03 9.480250423312343300e-02 -2.141654147252228246e-01
-2.552706550573347055e-01 1.628609847292210033e-01 1.975173011664119183e-01 -1.455873557772013605e-01 -5.751005246593289266e-01 5.614553150483957422e-01 -1.229627659279141638e-01 4.369520135518302761e-01 -1.762826592905693268e-01 -5.473706063743792871e-01
8.089416684740399766e-02 2.755745959519365768e-02 1.882197765791378263e-02 6.498969663422553278e-02 1.047872278989040173e-01 -1.976664165440849760e-03 1.022576005580347336e-02 1.579277109440193130e-02 -5.159034917076019133e-03 3.945159161264841924e-03
-5.654368008112057309e-01 -2.822987763899574287e-01 -4.564801518170911732e-01 6.323465243108473688e-01 -4.836152138026317826e-01 6.923664714475545878e-01 -3.441472343268513479e-01 -4.575725549177586671e-01 4.822584993557578747e-01 5.611061772825814975e-01
-5.398588111131034095e-01 -7.969681387323178379e-02 3.621505751211689939e-01 -4.030526263670649971e-03 8.202630327215690853e-01 -2.675021360137360693e-01 -2.276700482713353291e-01 5.788608975474893725e-01 -2.556518953907283009e-01 4.227988676957287750e-01
-5.411610248282489044e-02 -3.282792010183989417e-02 4.013440652110906309e-02 5.459609856046477444e-02 7.440284283556051169e-03 4.387314397694654783e-02 3.020350121815892214e-02 -1.182550780200216332e-02 5.493606766086438914e-03 1.191225640433353078e-01
-9.663457144057698012e-02 2.374667829004276920e-01 -1.790281671773110914e-02 7.344511681198068187e-02 1.688391620558404582e-01 4.476511278888280904e-02 -1.441870094451569995e-01 -1.385235576318284145e-01 -4.801363856102344729e-02 -7.084335320682848269e-02
1.228500503467664859e-02 -7.100639665624861041e-02 1.629377221719087443e-02 -1.690328082894487216e-01 9.423664829551930966e-02 7.118748330002211411e-02 -8.397876245688892793e-02 -2.369751554133733562e-01 -2.740170837628320699e-01 -5.396054464103383630e-01
5.192158901893665357e-01 -1.066850784390795254e-01 -5.274397832167316835e-01 -5.613014841711987390e-01 1.236240690758606126e-01 8.654766122107067361e-02 -5.139162369666459007e-01 -6.781249656769294809e-02 -6.207235241706313689e-01 5.117584502539012092e-01
4.613549704857803913e-01 -6.364067082988511537e-01 3.783275438081220021e-01 5.747438711068849626e-01 6.293558317310541383e-01 -3.052041859547149905e-01 4.009208007976064470e-01 1.716015635093547098e-01 -1.265140346254122437e-02 4.826280596271562695e-01
4.203803359483912483e-01 -4.469582511319168949e-01 -3.812451723385639757e-01 1.666044118002127095e-01 -1.395254926544899632e-01 -4.139165216263406277e-01 5.040488484491810750e-01 4.233014168506412100e-01 -1.276576841107526783e-01 1.121967818985365600e-01
2.125812392029670095e-01 7.906211210171574244e-01 5.095676094101564413e-01 6.025117920732078192e-01 7.222740249423708070e-01 -8.031503337911358731e-01 1.674390830197092228e-01 7.928694909732850737e-01 3.089492581463882392e-01 -8.702831163218216481e-01
2.762596220654613965e-01 -1.144338300893749383e-01 5.341457676964551926e-02 1.355803914985094505e-01 -2.038840481683455996e-01 3.600437211261834913e-01 -3.253650526725079817e-02 2.380211357180276599e-01 1.409997819094913618e-01 3.472416546127945480e-01
4.324378304143365881e-01 -5.400789654578396215e-01 5.565504291375461543e-01 -3.535500031993898395e-01 -1.765326145514103939e-01 -1.596690705074106376e-01 5.552823341681456526e-01 -4.463505756354693155e-01 3.266305314781753899e-01 -2.325847926184891057e-01
6.766387347234890104e-01 -2.550036001543870556e-01 -7.074584532560286299e-01 8.932583712407800025e-01 8.626010642852723065e-02 9.341072077569158028e-01 6.929450204352914922e-01 -2.708447988666320971e-01 -9.290677505436950590e-02 7.890342439403916774e-01
-2.180979312804945114e-01 6.870572675325370415e-03 6.211822582480557020e-02 -5.222078227481439239e-01 -4.273493941403770369e-01 -2.356758284197655040e-01 2.179244528358233179e-01 -4.066903526971449856e-01 -2.963448126800454219e-01 1.434753210709150961e-01
2.667733747327200814e-03 4.463965427095611949e-02 1.287852610298353614e-02 7.481103328922728002e-02 1.163052584693079466e-03 7.159398541189646026e-02 6.419956827002299207e-04 4.724176090998000177e-02 8.856338619020815567e-03 1.971777655287562658e-02
-1.263485382764278353e-01 -6.033143339525897098e-01 2.758645004774261666e-01 3.309983418620877221e-02 4.913913811156522260e-01 -4.560736924257839942e-01 2.467442587947402399e-01 -3.980734996874868981e-01 7.146673696472610748e-01 4.418512383913636432e-01
-4.828998260643471707e-01 6.737542409067081017e-01 -1.038757492791932552e-01 -1.631537487000314646e-01 4.558925012313199687e-01 5.138486502222505692e-01 2.684145100314695442e-01 4.597836059599645364e-01 -4.631485159834948795e-01 -3.978022909442928134e-01
-6.585175165567780375e-02 -4.157445391088032682e-01 5.535617128158618061e-02 -5.759815486216091074e-02 1.559298179350454006e-01 1.756412634845527787e-01 1.132163138289045412e-01 4.106652307417046344e-01 -2.738693355178833944e-01 3.262765388443799597e-01
-6.774101553522046126e-01 3.952232131977639895e-01 4.481619200389229674e-01 7.199409672477457001e-01 1.306640795379038766e-01 5.890324163384652589e-01 -1.913521217093537008e-01 -8.471028101790627207e-02 7.054264325899468613e-01 9.197044176755732325e-02
-1.490502559350700140e-01 6.239041653350928529e-01 -5.614557266643019906e-01 1.915054791975597803e-01 3.063150733314812246e-01 4.256721358971544134e-01 4.000069498571516835e-01 1.155018277838561758e-01 -4.286706465524420251e-02 -1.581301561786028209e-01
1.185803930301230352e-02 -5.227437464670767718e-03 2.835276446534813061e-02 5.752874492062296646e-02 7.002160188047482081e-02 2.502629085210074725e-02 5.259326442093570884e-03 9.509643179388756196e-02 3.764941355623078328e-02 4.374326158622606625e-02
-4.907735647417338920e-01 5.992111881063073575e-01 -4.900856459843042634e-01 -5.603093647633267289e-03 5.723005214989870248e-01 -7.475732511450623452e-01 -7.993161905359508212e-01 2.622325055418731621e-01 -3.389284491992001769e-01 -7.029601176374103977e-01
-2.125694776884556325e-01 -1.598758605588414539e-01 8.060354828058598209e-02 1.389305727109791944e-01 1.417309250737140980e-01 -4.142911939301494595e-01 1.109446477298462880e-01 5.749514745330908116e-01 2.059705476319205752e-01 -8.249699192544501791e-02
-5.440275091013736519e-01 1.968812991316057914e-01 -8.099852171701021897e-01 -3.331581393541335201e-01 -6.752809278962239592e-01 7.866580873380205063e-02 -8.324721177694462959e-01 -5.071806471585443843e-01 8.000416318439490526e-01 6.872237787938891840e-01
5.073894452031512542e-02 2.877453755843737207e-02 8.030566232182322073e-02 -4.546483969799803432e-02 1.575667657655239681e-02 2.234001247069006962e-02 3.798422951472262693e-02 3.149170471468284993e-02 -3.641471492379071400e-03 1.201721134983893720e-02
7.497386214376984548e-02 -2.050022494166288956e-01 2.923038353648057530e-01 4.339150992926347206e-01 -4.834042455810832473e-01 1.853639603283492587e-01 2.253071254598626449e-01 3.709924131789787971e-02 -4.947614745022875238e-01 -5.558259485305021563e-01
2.168836036102888831e-01 -1.179599533794117583e-01 2.187407932799036447e-01 -2.696625711216214111e-02 -1.955545981058993410e-01 -2.261333088887555465e-01 2.262413813528075246e-01 -2.487654850325813349e-01 -1.132055635801723359e-01 2.875251231494264648e-01
6.965904490385419479e-01 -4.800707334788564817e-01 4.768174196662993136e-01 8.245661275172905258e-01 6.134369879127801184e-01 -3.285877731638825461e-02 5.271084850447218528e-01 6.937007000571560056e-01 5.925099583836804795e-01 1.054225397464206293e-01
9.655164017672163146e-02 1.151331017749983865e-01 4.726389196673462800e-01 -1.433020187001623758e-01 1.862218466140857787e-01 -1.968191819370146978e-01 8.844155012915060066e-02 2.648869542470433380e-01 -3.721745815083470910e-01 -3.559696950130077364e-01
-3.568878924554588772e-01 1.337322221693555691e-01 3.852085770907513473e-01 -5.816106205850811728e-01 5.703654140896446956e-01 -1.210202354582380624e-01 7.210899321526293981e-01 -5.607935440853982767e-01 7.488382295107808007e-02 -4.131680260636888535e-02
1.563484561674917950e-01 -2.160765232276346259e-01 -4.123087235100432735e-01 1.378761975433458707e-02 5.169469031856428060e-02 2.446090870202482365e-02 3.764592416234638916e-01 3.819319781476959719e-01 -2.833297798813330659e-02 -4.871237813996026622e-01
3.045110061898331777e-01 -6.140944600528165376e-01 -4.695722826093005065e-01 3.028322058300593478e-02 1.542185198149192971e-01 2.916417995555403153e-01 -2.633980811223270435e-01 1.999605644839813068e-01 -2.639462497342933700e-01 -4.028248039178969897e-01
-3.664829379680836080e-02 3.772152086079081923e-01 3.172883522009321555e-01 1.813670224519714214e-01 -5.202856958952094268e-02 2.233799937672659441e-01 -3.225133998432914151e-01 1.835275703752567711e-01 -6.033933632194542164e-04 -4.147825591599682560e-01
2.502349319700518659e-01 -1.880498395075993756e-01 -1.565493317201080703e-01 4.516805504900716639e-01 3.867772127095254198e-01 4.681377984088502808e-01 6.911010521541487428e-01 -9.447257039143627799e-02 -2.897565923187692127e-01 3.421934783054672025e-01
-5.097190126793064158e-01 -2.127012324333201754e-01 -5.543430998516279962e-02 -7.569788932184882274e-03 2.648006931988298174e-01 -2.331538918423832762e-01 4.395185221479713279e-03 -1.832116453330853434e-01 -2.863808716345715433e-01 2.376479209347280019e-01
-1.488143600941018996e-01 -6.542961220813338363e-02 -2.239938052470664964e-01 2.126142689967380484e-01 1.663528487382620602e-01 2.571708413429504292e-01 -7.236706630408810959e-02 5.289488739459335259e-02 2.398972233479665698e-04 -3.253638472993813230e-02
2.116285884294532016e-01 2.412211696771695002e-01 1.718568877790817850e-01 -2.140115787221671395e-01 -3.640057221049589065e-01 -2.424201614187309062e-01 2.361970167634742379e-01 -3.110195197100534825e-01 3.499370764985887394e-01 6.474215937163814438e-02
-1.991185547784564641e-05 5.348673554950005293e-01 -4.410914944995317777e-01 4.749736371390297918e-01 6.461987179396501135e-01 1.768969457880963658e-01 3.234179719706284928e-01 2.757504562553030891e-01 -4.688986001135079240e-01 -6.461598031387031371e-01
2.808154706067660933e-01 -3.697779232890633927e-01 -3.893223702183344903e-01 -2.317384869914356216e-01 4.691091020048289706e-01 -4.489634073338252124e-02 2.085444860429126399e-02 5.154026224595663619e-01 2.609209521155688716e-01 -2.430594871237957699e-01
-6.699073645001456245e-02 2.965014546341908641e-01 -2.509925969978105131e-01 1.817576295714350143e-01 -5.118924465516978550e-01 -1.679783405581230515e-01 3.093585800154061705e-01 -2.793015298170003491e-01 6.671387221268109124e-01 4.498647933842248592e-01
-1.304472687869444661e-02 9.457858193999413299e-02 2.128196536912703996e-01 2.062749170947175414e-01 8.831955608244998479e-02 3.566898128917450062e-01 1.689949134618719540e-01 -1.082073826487338630e-01 8.725970416449785327e-02 2.550247914554250039e-01
