6.307372464265266210e-01 -8.021288299987412440e-01 -1.148568207124017054e-01 -6.211845273579399418e-01 3.242507581784023207e-01 -4.555178459705866989e-01 3.502099411812477081e-01 5.934262761010230536e-01 8.030181994947415136e-01 7.097247020092022352e-01
1.499419708971128640e-01 1.206590412225354986e-01 -3.900643215062984392e-01 4.032243952315141544e-01 3.979435421499189496e-01 -1.102696846068049880e-01 -2.517725575009854833e-01 -4.319431976572478127e-01 5.177150774905295849e-01 -2.687588616876329661e-01
2.823028102237618020e-01 4.437891249864849841e-01 -2.065444119667881467e-02 6.598053537320786033e-01 -5.713726518482890038e-01 -2.951689518743233487e-01 5.603594712014685619e-01 2.471413762196871255e-01 6.827784157665646170e-01 -2.659768751949331822e-01
1.480424528227148595e-01 -2.660068686161942142e-01 -8.459789917276591686e-02 -9.219375255191443463e-02 -2.118781890247425914e-01 -2.490204312510290452e-01 2.989266984736551058e-01 -2.624141629246908303e-01 2.116265816110867448e-01 -1.315326491577061274e-01
-5.836542483073751828e-05 -2.738372207582457068e-03 4.952283200070792257e-02 -1.790656249735999433e-02 6.898210703205953642e-02 5.361157955944663780e-03 2.014149228885361853e-02 5.811879595096817314e-02 -1.793819643862559505e-03 2.379308302030061495e-02
-4.456251087861657356e-01 -7.477715251161606291e-01 -4.076739797028910289e-02 -7.937501172757229773e-01 7.020529389002757581e-01 -6.937072334192171397e-01 5.533315562464077297e-01 7.114660280902581624e-01 6.748144548490296879e-01 2.297892263463709173e-01
-7.085736358781191853e-03 1.394789534769705630e-01 3.925510593606849896e-02 5.692822697982069871e-03 -1.203362018550962857e-02 1.514191719289201439e-02 5.056250076526732501e-02 -6.211235216700388816e-04 4.247945567881290796e-02 -4.948478434349383795e-03
-5.357988348066217155e-01 6.819286016930568017e-01 7.733133117220197805e-02 6.873752204880145822e-01 2.268685976875604859e-01 -3.249203930144101693e-01 -3.844317324990301765e-01 3.210373521297827937e-01 -6.057341746113079628e-01 5.613763707408695458e-01
-6.864867839992963572e-02 5.916218136737700917e-01 5.524914833603338238e-01 -5.616365857133724937e-01 -2.798555752099995408e-01 3.701770772608323212e-01 -4.242299347176606839e-01 7.191623787025189785e-01 5.178448257154898426e-01 -1.894371011371579205e-01
1.928772122955931066e-03 -3.427602479985732663e-03 -7.827984116099976492e-03 1.514661735111979407e-02 5.156290682170071304e-02 2.319194321601072625e-02 4.126311309122080925e-03 3.177667805152684793e-02 1.381923244372340945e-02 2.100795385444051422e-02
-3.725171809226845293e-02 6.784325603845585417e-02 1.062968700800436678e-01 -1.420429874111575619e-01 2.686470125969900313e-01 -1.413304271222652793e-02 -3.905186038353299777e-02 -2.872648118749923304e-02 3.393712174105222024e-02 5.481542199555469036e-02
3.427748743646204521e-01 -3.192899381746673870e-01 5.928329728348840089e-01 1.866878260272776258e-01 -3.494286948758402317e-02 -2.092613341009245398e-01 5.409883428857894527e-01 5.065835896126601456e-01 -4.538481189312169595e-01 4.091123592360391692e-01
-4.285391980513041932e-01 -4.234200941843633409e-02 4.504359538612205394e-01 5.901547415555535858e-01 4.674790508985200987e-01 -4.780839000805284789e-01 2.082652912411239732e-01 -1.355567560983479969e-01 3.192615615727503742e-01 -1.309964145998809282e-01
4.249694527824892654e-01 1.941955564824578151e-01 -4.641749809144458117e-01 6.438542033888765559e-01 1.743996724818653032e-01 5.371481414971130547e-02 7.465531007196801738e-01 -1.666215427694379414e-01 4.129294101508935722e-01 2.853719525178891048e-01
3.120380375771208414e-01 -5.513526940550697031e-01 3.546992904667045088e-01 -2.377026864323945055e-01 2.907407592091218462e-01 -1.829918122751277854e-01 -4.571412563362612924e-01 -1.681541516965920913e-01 -2.003025809408988389e-01 -6.878127957828740202e-01
-9.273927722047192387e-03 2.260818956261121532e-02 4.285888360775481215e-02 1.505729288912932562e-02 6.619820449307032770e-03 2.992093507362646176e-02 7.681127823233620429e-03 -8.556927741142375532e-03 2.732384949889093625e-02 2.941555247923250890e-02
-4.636473701675716264e-01 1.149830776828664608e-01 -5.943630227947562794e-01 -5.140087935780073281e-01 -1.197371419422136977e-02 2.266602102199214153e-01 -3.799380817671135085e-02 3.916567356380460385e-01 1.069338757967378817e-01 2.419001877965015201e-01
8.298968046212703564e-01 -5.337490082863098895e-01 -7.693604030854620524e-01 4.701751567409944155e-01 5.954422617807529905e-01 3.149102652229412436e-01 1.116759931134796435e-01 6.656156674011685093e-01 8.042349395473153972e-01 -4.411131814539078766e-01
2.145743064550406556e-03 4.297904290869927757e-02 -5.947683586962134727e-01 -4.791823699329851860e-01 -5.809236800485164665e-01 2.872463618353890968e-01 -3.657854307642717240e-01 6.664397959954397876e-01 6.791359573406298422e-02 1.295994287995387399e-02
-6.047396720434801420e-02 2.910095234003763909e-01 -1.478094411001008024e-01 5.388914805570115679e-02 1.774922034269240945e-01 -1.030239540290738831e-01 -2.533863914346738966e-01 1.896209392159830531e-01 1.851131422812407890e-01 9.766393997443162736e-03
6.283905565718657035e-03 -5.529528439981669374e-02 -2.617049464410930448e-01 3.877263780402903093e-01 -4.367083088630100973e-01 -2.835062779248442855e-02 1.963167635549349088e-01 1.781094945440346300e-01 -3.258446120672280344e-01 1.916527418426710316e-01
2.916994984582489958e-01 -9.643594455713175306e-02 -2.760037111701378332e-01 4.234689003774275706e-01 2.799044403929685232e-01 1.707569223452316265e-01 2.285333820213276690e-01 -8.860944433698292322e-02 -1.336030949160676717e-01 -2.197446601780824460e-01
6.708865840201325148e-02 4.600965079118041756e-01 -2.509557147053917969e-01 1.913746103306167290e-01 2.831404149886814769e-01 1.476102837086680220e-01 1.116478015229326465e-01 -9.167050711156767007e-02 2.701488648452387009e-01 -7.390453578584638139e-02
5.223802774996498810e-01 1.111891228909496487e-01 8.168148258002678741e-01 -8.843762958305384503e-01 -3.956994202713466913e-01 8.728979528055173798e-02 7.582101293249725593e-01 -7.726924787769600123e-01 -2.097016307476178842e-01 -8.088300184796307635e-01
-6.305486097089123554e-01 1.842260692928205101e-01 1.095296585078978438e-02 -6.590193320376794284e-02 3.378384145405425865e-01 -1.415537776520240654e-01 -6.880739575339328562e-01 4.700003268625942421e-01 -6.561897226325346111e-01 -6.132308460422585261e-01
1.388840479104138520e-02 -7.515522628064273680e-02 -1.799254516835194911e-02 2.637607505476124437e-01 -5.107937491093448301e-01 4.516047208172679905e-01 -2.192036248082356309e-01 -2.630738233133700019e-02 2.329842071384682634e-01 -1.174100757695673847e-01
1.712263790096585359e-01 -6.255974642192835278e-01 -8.110708044570941189e-01 -8.160333462633194423e-02 -3.102224279005273977e-01 -7.992059362231058728e-01 -6.676157422195697633e-01 -7.254350037953773978e-01 8.644423818035115170e-01 -5.170810967840040462e-01
3.734109635545184713e-01 4.794826243075613892e-01 -4.067841953600151439e-02 -2.710254742116106064e-01 4.424142300660700022e-01 -2.933704075753089113e-01 5.209847219020121711e-01 3.571590080827016234e-01 1.576265996997377183e-01 1.404145303613173745e-01
-3.204780692670904374e-01 2.861340738480767643e-01 -3.391754291744850103e-02 3.055932402469195910e-02 -6.938763111215898727e-01 -2.479997369907842864e-01 3.290292010215417062e-01 -6.585416544408617678e-01 3.899267861538771585e-01 1.904636859270228888e-03
-1.749373237654954782e-01 4.824995875988140059e-01 6.170912965282895346e-01 -6.285056705069339000e-02 -2.364659116652077508e-01 -5.455618369130701417e-01 -2.583641162696488358e-01 -4.181714899661134188e-01 5.263632970368655739e-01 3.687297478969630560e-01
-3.792143455294701426e-01 -5.487542350348545428e-01 8.695764137170326480e-01 6.487815315161495899e-01 5.139625998532315609e-01 -1.405503105861706237e-01 -6.795973609031024099e-01 -8.203011171509592969e-02 -5.828133001226336596e-01 -6.622679068324421880e-01
-6.656691014515099536e-02 -1.100963170327798890e-01 -6.954870880097586694e-01 3.356569793959912618e-01 -3.824777282479171481e-01 -5.918079688683050010e-01 8.035451368524992866e-01 -1.496503836322545800e-01 -1.331657054344190239e-01 3.505374852074780723e-01
-1.484664729163931718e-01 6.107306211648731997e-01 -4.912129722666053189e-01 -6.714161516515252393e-01 2.520079148482827769e-01 1.309402356907837794e-01 -4.146275749887830264e-02 2.475410815678598664e-01 3.154082254239496397e-01 2.550139631367868698e-01
3.138823369885662684e-01 6.435910904912452990e-01 -2.224991537230824323e-01 3.601375014385105322e-01 -6.360314165201422787e-01 -5.890506492878525568e-01 1.072936466754543516e-01 1.986815942215973130e-01 -1.135505157646777702e-01 -4.462367036947431087e-01
-3.298130141778768398e-02 3.138009302456119531e-01 3.538026445997924374e-01 3.145088076740243377e-01 5.189806195783190912e-01 -2.846027849706410651e-01 -3.725001293914617095e-01 -5.574980855822356252e-02 -5.661935706142823266e-01 -6.124614555735214544e-02
-3.540944325403162507e-01 5.957781024978242579e-01 2.711711335862366790e-01 4.346429037578267152e-01 4.102957465278966320e-01 -4.503313491199577023e-01 3.612628248785431651e-01 -2.718142738982744500e-01 7.227155827434476043e-01 -4.246623568029757045e-01
6.660302028155944132e-02 1.651183380230140246e-02 2.773224524807306815e-02 -5.036057654003804271e-03 -1.085863207143863540e-03 -8.966466788657636786e-03 5.301179060522463390e-03 1.002155324909005524e-01 -2.305670006966741101e-03 4.682879034249850386e-03
2.194460649264332319e-01 -1.973541219097830687e-02 2.583824528861902031e-02 -2.645966532353383749e-01 -3.935444612877788684e-01 -9.044975147714148442e-03 -9.576325432786547687e-02 1.781940081944518028e-01 -1.330810433829265338e-01 -4.034543246740521227e-01
3.846043002638274144e-01 -5.513248239495971426e-01 -2.878572328810615200e-01 -7.062770732825615072e-01 -6.902666284158673338e-02 -7.025532899586922619e-01 -2.022429538362313373e-01 -6.345726335650490046e-01 -2.198419167313023920e-02 3.003476429933904512e-01
1.650059935289081847e-02 -1.357976961045372633e-01 1.117710079357208536e-02 -4.077436774076377557e-02 1.536760449130306350e-01 4.251115913156500864e-02 8.089780758246720160e-02 1.248853683068671255e-01 -4.513465814896008149e-02 1.061251438655403390e-01
1.237329308104498649e-01 2.584799249709834879e-01 -4.675488877558106604e-02 8.382862960250014872e-02 -5.797278993150085241e-02 2.185500630154676438e-01 -3.490389732857901439e-01 2.098642032072235708e-01 5.089395017403719988e-03 7.805505655569870693e-02
-3.964529012271285069e-01 -4.418547416766301777e-02 5.846202809174235737e-01 -5.111414784027574348e-02 -2.565524624908308571e-01 7.203998647183940118e-01 -3.202946251442331249e-01 -5.311270328445109046e-01 -4.095708575584985911e-01 5.387806165187124519e-01
5.810430087777691543e-01 -7.771416860031528373e-02 -2.598467025202734759e-01 6.627140214761596537e-01 -2.620371123605456654e-01 2.539837859118841343e-02 -7.761701916767687059e-01 1.498069479490335143e-01 -5.357218207958815981e-01 7.424963910188403515e-01
2.680671414189781387e-01 1.911877365633952164e-01 3.608291093589282173e-03 1.275743061552105651e-01 -8.540310807800222115e-02 1.895820758371553547e-02 4.197839618661870081e-02 6.787291117234660331e-02 1.294234450114279678e-01 1.598911257868351476e-01
-5.193122434485318850e-01 -8.481664608752806922e-01 1.527990950196191633e-01 6.031103758206965981e-01 -2.743341882087274586e-01 5.904267932441773503e-01 -8.410809305023750904e-01 -6.930101034881622213e-02 -6.882392584697053506e-01 6.391207660128160883e-01
-1.561151841246342757e-02 3.623323823993731402e-02 1.148732782345316950e-01 -9.149710367946727041e-03 -1.212149931389333440e-01 -1.045402848337982221e-01 -1.495829089744964147e-01 4.262138513961729464e-02 -1.242651198455315964e-01 -8.388316988142881236e-02
2.044450677427211427e-01 -2.396834531212257979e-01 -4.424472734529217854e-01 -2.975299811816584650e-01 4.302257849673504775e-01 3.698797215805723626e-01 -2.047403985333060006e-01 -5.505166617626363612e-01 -5.238029398585751784e-01 5.026721817616107701e-01
2.933406668688168240e-01 -5.341562594535532726e-01 -2.519726478010618151e-02 -3.567068403072350402e-01 9.762831092613304118e-02 -3.085876862252399655e-01 -4.410189386369846032e-01 -6.898413945460181440e-02 1.017079358292072820e-02 1.876675800579839237e-01
-1.297893656948601593e-01 -3.225300920899514812e-01 -8.822673916474814415e-02 9.419738535388701151e-02 1.464021658843107920e-01 2.451862479470394152e-01 2.743281628288797291e-01 2.357777351830923351e-01 1.519963130548302732e-01 3.691762910284202698e-02
-8.589778825493524783e-01 4.483093647543651139e-01 8.933009185520145168e-02 7.370534645751397607e-01 -2.696899737473228420e-01 -3.185457718533118987e-01 -1.519629244056023010e-01 7.647110395700538188e-01 -5.114100019578231987e-02 1.410755488800334856e-01
-2.531107737409628577e-01 8.482998049274002861e-02 5.700205064586273407e-01 -4.062296459151768513e-01 2.013032340491425765e-01 8.129052984651159441e-01 1.965812081730510252e-01 -7.867455034076847875e-03 3.394284141183199766e-01 -4.176793733075810366e-01
1.365459511559220102e-02 1.658177527892769065e-01 -8.043874141888227025e-02 -2.026483058656750325e-01 2.258089894420105548e-01 -2.745839988895232842e-01 -5.222819946259717877e-02 1.875692213307077194e-02 -2.534311923681505097e-02 -1.733579785720299193e-01
7.130870209167976259e-02 -5.735497225504748026e-02 1.519838531924228020e-01 -8.477699675288340869e-03 -4.514785396117201866e-02 -6.533051105334589104e-02 -3.992924333249741470e-02 3.249179779390283518e-02 -1.774899655217651306e-01 6.711329072730062850e-02
-2.872305537137553322e-01 7.713701401579957651e-01 9.192484605881857673e-01 -6.239878830169841573e-01 -1.045431852209106754e-01 -2.706961966547982157e-01 -3.113160403279442989e-01 -2.179900885425489487e-01 6.840127819429974165e-01 -4.201957359729704411e-01
-3.422354023888243835e-01 -4.375417060249726098e-01 -4.463267146246387429e-01 2.766687723354016026e-01 -2.326381854700345087e-01 7.241872171670021840e-01 -2.127185056735580171e-01 -5.165141305374417735e-01 7.627684444919725915e-02 4.443935410119370655e-01
-5.078741532738720865e-01 4.422356998517734117e-01 5.397949561893549131e-01 -3.209102886301271051e-01 -1.574002961548823520e-01 3.169635744006613631e-01 -3.199561123572162713e-01 2.317693715994823545e-01 -5.811415674830605615e-01 -7.134124998037727483e-01
-2.397541773215401684e-01 -4.592631364552007267e-01 -6.352123745529187904e-01 -4.087116920119096553e-01 3.863933315659812129e-01 -5.457417174614666022e-01 5.050065720791415552e-02 -3.230609842849740954e-01 -3.720429746619622891e-01 1.540044080958032358e-01
2.425337163463880605e-02 -5.246609280417088850e-02 -2.602606456678031588e-01 1.901674162357007147e-01 2.355727158215673023e-02 -9.564533502485893235e-02 6.949225218170240748e-02 -3.108190561526212939e-02 1.132040556608333304e-01 -2.532464596530728529e-01
-2.663027812271174799e-01 1.638194775175537410e-01 2.019073737902691290e-01 -1.546626449200446951e-01 -5.916043712859262449e-01 5.653424194531188052e-01 -1.310754104808263820e-01 4.440441831664461714e-01 -1.813260483513937371e-01 -5.550630993453561368e-01
9.765251318811975223e-02 6.108760568804681712e-02 -5.499135757754204483e-03 1.404495680489649401e-01 1.362142215505350584e-01 6.786362482740201929e-02 5.459199939044079297e-02 -2.384728216655437882e-02 -4.318453236270260870e-02 1.857034346709205211e-02
-5.670346833292001509e-01 -2.826654162982388252e-01 -4.581335642443470357e-01 6.334978037236629334e-01 -4.813284924650364505e-01 6.999400506969870595e-01 -3.449100656664479403e-01 -4.659820177291822962e-01 4.831776798955083052e-01 5.609816305853907448e-01
-5.396040738275675874e-01 -7.965868549907530183e-02 3.623877504759092094e-01 -3.749836057716473842e-03 8.203849126517707147e-01 -2.674421317586835878e-01 -2.282822493219507642e-01 5.786189890384684231e-01 -2.557680543147000662e-01 4.235111517680800741e-01
-1.500744563212668414e-01 -7.569572961879243722e-02 8.107636692530729994e-02 2.760145879243524128e-02 -5.430401773094534895e-02 -3.743315363369441318e-02 8.136278411145714262e-02 2.741376391059960251e-03 2.510446115416603216e-02 6.576419325351245959e-02
-1.240036750126554815e-01 2.489077683616372216e-01 -9.067826759588695079e-03 1.062546793214407537e-01 2.196460794673452954e-01 4.520844670863045228e-02 -2.124969827400459976e-01 -1.584804692731312803e-01 -6.578532420930466307e-02 -1.194035706778629607e-01
1.066025565833077920e-02 -8.511846164310464535e-02 1.213769949989946910e-02 -1.921528142836671227e-01 1.223238139415534498e-01 1.113714510818077374e-01 -9.313636447593409695e-02 -3.114790121040807991e-01 -3.004964390259913243e-01 -6.026115398508656851e-01
5.293058158568357818e-01 -1.332216925161911480e-01 -5.352751717019637034e-01 -5.732929930045784772e-01 1.324033477889400290e-01 8.809400387346345840e-02 -5.304601302484418524e-01 -6.614041938223380601e-02 -6.375149637016164217e-01 5.214245506625009297e-01
4.643748839446176779e-01 -6.385475115389348533e-01 3.798830514780693335e-01 5.763515494177250398e-01 6.322248729965381786e-01 -3.036332206833382008e-01 4.031682787213782260e-01 1.680179971969817943e-01 -1.164309561228993838e-02 4.834023997934045469e-01
4.316632131839925890e-01 -4.534606297752967197e-01 -4.072376630430392108e-01 1.740561361517292127e-01 -1.409805647931420269e-01 -4.203425615390088410e-01 5.170882254177531223e-01 4.327866975868127630e-01 -1.296931210572439541e-01 1.148614172769597402e-01
2.075994697461116256e-01 7.926682111159810695e-01 5.080065305795327113e-01 6.006523550625684216e-01 7.218189563606827175e-01 -8.032605676494265490e-01 1.669100139488364776e-01 7.973435687603779298e-01 3.091821417507857328e-01 -8.714461975156908569e-01
3.131186237362103553e-01 -1.292331644571058369e-01 5.766614454679418883e-02 1.436152051482517122e-01 -2.097380374923553947e-01 4.249466557494213093e-01 -4.925950011417601360e-02 2.300633249933644597e-01 1.523434226872183439e-01 3.384216787568650742e-01
4.438364049622814389e-01 -5.595330395149235025e-01 5.674837871998327232e-01 -3.559093822332037305e-01 -1.858630888167074335e-01 -1.592327881520697319e-01 5.525548057183196082e-01 -4.551962361097354748e-01 3.286932378105516528e-01 -2.383641206354665532e-01
6.766760832222236122e-01 -2.550146177392675906e-01 -7.074096017613753506e-01 8.933082896936181960e-01 8.629047882737235498e-02 9.338794219981031430e-01 6.929591010567064391e-01 -2.708582490117568686e-01 -9.291557595900476474e-02 7.890318029589249438e-01
-2.187474087939462186e-01 4.848411904785767529e-03 4.977913060385635163e-02 -5.365218464493560768e-01 -4.377790662273865485e-01 -2.345961343975897506e-01 2.309769589539273360e-01 -4.139462049220045126e-01 -3.043546154443111385e-01 1.479513353550049315e-01
8.576650220542696851e-03 2.932275342697536133e-02 7.534926632168697548e-03 5.641787110452989307e-02 -7.747518316171467592e-03 5.670240864234981498e-02 2.437976438122438621e-03 3.393027640859289096e-02 6.102243904274945105e-03 1.452504603762139364e-02
-1.219420365528388339e-01 -6.059225243709568387e-01 2.827929265061049358e-01 3.180708082057900205e-02 4.842118573219068023e-01 -4.571072842297573824e-01 2.413064731174943134e-01 -3.988119690531051198e-01 7.168811388494713555e-01 4.427880489538091879e-01
-4.835687410952788090e-01 6.650255283371174775e-01 -1.047006687362326965e-01 -1.663063329489595787e-01 4.627897404282625970e-01 5.160321131466847344e-01 2.633908010238960040e-01 4.637390528160529879e-01 -4.686601661117064110e-01 -3.980989381888295764e-01
-6.954864226922245762e-02 -4.466644631299906965e-01 6.484760890834732894e-02 -4.979451854120963555e-02 1.782779036738274536e-01 1.718605092273761958e-01 1.271049763974348157e-01 4.304421843802742065e-01 -3.017597617292420709e-01 3.510978157800833666e-01
-6.788320036740476127e-01 3.943238161469573844e-01 4.493017292913593086e-01 7.222636553119550218e-01 1.314305701166625373e-01 5.907093726642361764e-01 -1.917596182230309199e-01 -8.920586101353783492e-02 7.067649291599648054e-01 9.211504227691971747e-02
-1.495793834617638596e-01 6.262704243729140252e-01 -5.631294514121027994e-01 1.924384624455634518e-01 3.077124469247785599e-01 4.180659562003517515e-01 4.014819057927936363e-01 1.161666889944642234e-01 -4.278001762162556010e-02 -1.583245486620352693e-01
1.662433323602098903e-02 -1.214283145197509947e-02 1.470924608457451800e-02 3.965312569362357958e-02 6.000594114566080994e-02 3.816346518037703334e-02 5.918333799658368616e-03 4.762126693986584725e-02 1.299815877810652116e-02 3.684278836025866449e-02
-4.909195689044180688e-01 5.964668737073437477e-01 -4.898038100149422758e-01 -5.141243149203816171e-03 5.717437202401485230e-01 -7.481610121723539786e-01 -7.996894079373934039e-01 2.630426973517300815e-01 -3.390231766479481768e-01 -7.033522076949551005e-01
-2.254892792236767862e-01 -1.955454016299331965e-01 8.790634373175676419e-02 1.419585502452055670e-01 1.554082759048843465e-01 -4.390294980517234213e-01 1.178036948949465201e-01 5.897152638869211927e-01 2.219788764339942766e-01 -8.585636395310955460e-02
-5.444104279607533403e-01 1.980224284878852326e-01 -8.123460286517900641e-01 -3.338045844887752578e-01 -6.750703517643342755e-01 7.814048986968114008e-02 -8.327273685123435243e-01 -5.075926202077803984e-01 7.988086136702767792e-01 6.885371138308156169e-01
5.089463052824662326e-02 6.063409721382800877e-02 9.235148733196636706e-02 -1.316289676127539998e-01 3.843255626245170586e-02 -5.473426068130985561e-02 -2.866525921223560258e-02 -3.282133487747682793e-02 9.478340305522088560e-03 -4.264619370397596150e-03
7.800417195405179305e-02 -2.104314102677598830e-01 2.949128598427429027e-01 4.348417314352926999e-01 -4.871147568235176806e-01 1.782836381826922445e-01 2.347196756899196102e-01 3.871166905157730903e-02 -5.020674629576227233e-01 -5.682911634602558770e-01
3.145504322985026024e-01 -1.683355444070451790e-01 3.102192140764334360e-01 -3.167559159610690983e-02 -2.545902141396245710e-01 -3.046683784927659566e-01 2.247696568196369260e-01 -3.659122217027775958e-01 -1.757961261862712732e-01 3.885633357839367030e-01
6.965901163562455700e-01 -4.809453268991786823e-01 4.772226576039145796e-01 8.241026599418187493e-01 6.138365941877380605e-01 -3.267740850677666037e-02 5.268941449146845590e-01 6.938381645986070323e-01 5.926876076607882071e-01 1.055576075620772436e-01
9.173738345303403263e-02 1.171020072715344140e-01 4.621894574690261215e-01 -1.459329721061333462e-01 1.904000799485735251e-01 -1.991193292619417854e-01 8.934413966424573084e-02 2.684556492469358790e-01 -3.752979834104930301e-01 -3.594941488701858257e-01
-3.605733979013899804e-01 1.337330681455290438e-01 3.866827126165695572e-01 -5.836168153765608491e-01 5.727868467701329180e-01 -1.269637941267053594e-01 7.238430527726348318e-01 -5.627857660535892093e-01 7.516903540633243508e-02 -4.111726331430302916e-02
1.637938898647896546e-01 -2.327327309185782678e-01 -4.388784444607301549e-01 1.554653984042090285e-02 4.892562178357441616e-02 -1.713270337973425012e-02 4.024515074393168468e-01 4.258248262524241268e-01 -3.393996553214134737e-02 -5.554622544781552262e-01
3.079219684337100582e-01 -6.199224902882211063e-01 -4.806880521542321594e-01 2.949149679818193273e-02 1.575977972232038560e-01 2.948172309926940238e-01 -2.649091088563358953e-01 2.030850344938560093e-01 -2.755105335682990209e-01 -4.059710963351982338e-01
-3.854120819636400880e-02 3.743185028530351399e-01 3.262674807515612563e-01 1.893055390731987475e-01 -6.509310598979407836e-02 2.237231934859346127e-01 -3.308814347213908102e-01 1.885523752135127296e-01 -1.376947545578620369e-03 -4.325193783020325755e-01
2.521067095837504768e-01 -1.877250452490213939e-01 -1.591831794955739510e-01 4.540385555008738527e-01 3.898501269146861792e-01 4.634048498062677268e-01 6.981757260575996993e-01 -9.176436160288986565e-02 -2.985507891302379702e-01 3.379235535652529987e-01
-5.180573883938091040e-01 -2.268989399077303570e-01 -5.251332235400013593e-02 -1.918513614422499153e-02 2.652256112051880610e-01 -2.667995382594895992e-01 9.438987778643779039e-03 -1.875836582603406244e-01 -2.889137936501112724e-01 2.434797047520087521e-01
-1.961732235305310434e-01 -1.158871435848746745e-01 -3.030042159327254181e-01 3.530560042121545505e-01 1.941515527632702576e-01 3.829869511691034178e-01 -1.859574683822096675e-01 2.955074819318511889e-02 -1.678746654874214289e-02 -2.451946051528762147e-02
2.237846228472653853e-01 2.401628257488653551e-01 1.800938700657589153e-01 -2.207164523123128774e-01 -3.732594935522630664e-01 -2.469964067454951118e-01 2.233869590954572493e-01 -3.298385522129970715e-01 3.640740705025924395e-01 6.756786753888266439e-02
-2.430374673405409245e-04 5.331657327803672741e-01 -4.415328314194275627e-01 4.758061612811561591e-01 6.477464029284391023e-01 1.773843033846863593e-01 3.216343999305166235e-01 2.759563968030402381e-01 -4.694706451805863989e-01 -6.469749416498707939e-01
2.948583365119147315e-01 -3.875058616016774371e-01 -4.248795352229740030e-01 -2.417647803299640408e-01 4.924427592049616109e-01 -6.550519367335964904e-02 2.245793356165218593e-02 5.397294338439143635e-01 2.732333431032619164e-01 -2.582637879463699493e-01
-7.504612014063269387e-02 3.024038782686829241e-01 -2.551371736270632296e-01 1.806812772485122121e-01 -5.162691561073790014e-01 -1.674579758020990350e-01 3.090838683639541840e-01 -2.759436168362620623e-01 6.747211618051248694e-01 4.573881284317576901e-01
-4.982437759341708239e-02 1.070313308594290774e-01 2.556806417427181510e-01 2.269419461273411709e-01 7.833967950843191697e-02 4.059758626350962185e-01 1.834240257717156264e-01 -9.760163321261332292e-02 1.014415468810815901e-01 2.904488502076323919e-01
