6.281339189585021243e-01 -7.909501459039521842e-01 -1.144645736921003631e-01 -6.186610200562813189e-01 3.210302045610483046e-01 -4.557809030407088957e-01 3.528248735208481257e-01 5.918903560362334115e-01 8.054263914467019170e-01 7.069824839661551508e-01
1.489312737634439776e-01 1.206400333139778513e-01 -3.856092581328254831e-01 4.048831705021614935e-01 3.948594895987808662e-01 -1.070456536330251229e-01 -2.524239156778068649e-01 -4.297032353033680696e-01 5.158828815243965416e-01 -2.688965990488116908e-01
2.778681730425636709e-01 4.412833592291351414e-01 -2.005078678624124325e-02 6.553637987716715019e-01 -5.667158784907329050e-01 -2.938138989497646181e-01 5.538690007873875443e-01 2.536702395959706813e-01 6.821485775561800802e-01 -2.664147828607090762e-01
1.809494051498043987e-01 -1.487598119115853268e-01 -2.296355331241827294e-02 -2.890955859479745968e-02 -1.230432294827756706e-01 -9.130770239528994414e-02 1.477571107497525349e-01 -1.201804430498485399e-01 1.061117693543035534e-01 -6.465580816549859611e-02
-7.809068767826450597e-03 -2.648773775983965986e-03 8.225735284111024281e-02 -6.031589298825664261e-03 8.034813578204182127e-02 2.764664054951720962e-02 1.063859406960830818e-02 6.399351853361964770e-02 1.484052739253493083e-02 4.031469278225375402e-02
-4.455954367864186083e-01 -7.467200727100105073e-01 -4.072278035730846069e-02 -7.939361751117581800e-01 7.014915116178995769e-01 -6.939171090165529021e-01 5.530560773524272333e-01 7.123095954312050893e-01 6.743089738668021083e-01 2.296982312874256416e-01
-4.896612818594236506e-03 1.692593316036975493e-01 8.634622947386932923e-02 1.593404686599572337e-02 -1.505036349206560591e-02 5.368383472979487182e-03 3.776689999140277199e-02 1.724722819716609234e-02 7.539073189929033914e-02 6.454232211987267868e-03
-5.348076925917267799e-01 6.800769544430937952e-01 8.275701691395025150e-02 6.852005712350628386e-01 2.255385012090011243e-01 -3.245035526249621660e-01 -3.837675948215485411e-01 3.200962991809992442e-01 -6.045753709129039200e-01 5.596153281616064179e-01
-6.974171115623027661e-02 5.905965417662277783e-01 5.494067280806168574e-01 -5.612394042510326919e-01 -2.798698063328732832e-01 3.677642144751250286e-01 -4.137081285126352204e-01 7.202205362430429414e-01 5.174948411434827644e-01 -1.894791930312642592e-01
4.714257759229477374e-03 -4.862797057746714828e-03 -1.230580053443654578e-02 3.224326725868603694e-02 1.047467809312740278e-01 6.076975928732251259e-02 1.434193157485578671e-02 4.239884257355269748e-02 3.631368563513320824e-02 1.188938868555673711e-02
-5.255865464344667073e-03 1.166229641395488958e-01 4.764466367514733763e-02 -4.572652197202592417e-02 1.968599524310056803e-01 2.823742554791941473e-02 -2.494007093301067041e-02 1.021092369948633713e-02 2.632868871735825553e-02 4.294394027230565708e-02
3.422647841708877370e-01 -3.188770533082656566e-01 5.954979462274406776e-01 1.864058560538060516e-01 -3.493785099270069194e-02 -2.090144500698450369e-01 5.402650445067289642e-01 5.067657903188628188e-01 -4.532632027205124037e-01 4.087003090039963427e-01
-4.213754438528267143e-01 -4.417617095579191161e-02 4.405518901147074673e-01 5.790398406008715471e-01 4.675872947685354997e-01 -4.547597353470893000e-01 2.075033608092488324e-01 -1.357325927695818557e-01 3.156899130633084027e-01 -1.273313944781630791e-01
4.145973657529744560e-01 2.024469184468539185e-01 -4.652097247373150890e-01 6.349543089134592755e-01 1.743239809057781919e-01 5.297328729340682052e-02 7.442983377918865884e-01 -1.598620367249747043e-01 4.120490018206122707e-01 2.894472845792382953e-01
3.107805148000676865e-01 -5.498579307189909171e-01 3.639125711959768639e-01 -2.359663139857456349e-01 2.921247731318520335e-01 -1.800367492659774860e-01 -4.541343308662860179e-01 -1.670704857974816826e-01 -2.015220230261111634e-01 -6.816448976998079612e-01
-1.951466834972212256e-03 2.028029399104616312e-02 5.461127538500510498e-02 1.645817318830183201e-02 1.928001044036805126e-02 5.869977605556856576e-02 5.448888488668510860e-03 4.931865858789671875e-03 1.693257464522412992e-02 4.659732955808536248e-02
-3.797283314946005572e-01 9.379544866196824759e-02 -5.201116727889655289e-01 -4.433044095618957070e-01 -1.482375249965220236e-02 1.848994923903448384e-01 -4.541395487417450305e-02 3.494949805773647777e-01 9.037395487132650340e-02 2.421319798460714046e-01
8.297674733270529179e-01 -5.337672722611053189e-01 -7.693720602094471506e-01 4.700892766538368739e-01 5.960058100391117941e-01 3.149311556511754095e-01 1.115673326332885795e-01 6.657051872271841919e-01 8.042207111320631707e-01 -4.411909263992777053e-01
1.322530249706612955e-03 4.150534985342942823e-02 -5.877921616352790313e-01 -4.763486326258514203e-01 -5.774761492039394151e-01 2.848543281635650404e-01 -3.635356489252275503e-01 6.722595785681821923e-01 6.692309256053263766e-02 1.282371523598659080e-02
-3.166997067569126550e-02 2.199460290715374577e-01 -1.265850762994026879e-01 6.166024541968097988e-02 1.908752714642494019e-01 -8.351568989340016347e-02 -1.785600855241024354e-01 1.170130614158250426e-01 1.302771225799243537e-01 6.137442753788002747e-02
-6.839444504133865808e-03 -5.460390481787721212e-02 -2.295605553067988913e-01 3.548865328863695101e-01 -3.974694982992552639e-01 -2.657935383101104471e-02 1.688452684210194066e-01 2.082631035142403775e-01 -2.958078685300077892e-01 1.635691155837094846e-01
2.707995275439656346e-01 -9.036327667549363951e-02 -2.021952391874222987e-01 3.956651265993558209e-01 2.592100336560769214e-01 1.613183977675188840e-01 2.026240959439206124e-01 -9.018556763494173234e-02 -1.228781580056268197e-01 -2.121902167795844396e-01
5.522298188066145086e-02 4.021046562400869551e-01 -1.826056293175352396e-01 1.652686402497195450e-01 2.450283349382103293e-01 1.253493167403231523e-01 9.828659640223456895e-02 -3.583659905972551990e-02 2.359383286265850643e-01 -6.783730472525424660e-02
5.222552757552165748e-01 1.115884637171572769e-01 8.166425848496586815e-01 -8.842744525911258036e-01 -3.956938308734904153e-01 8.720144841371955946e-02 7.579955265797807540e-01 -7.725789637698090573e-01 -2.091232066132263367e-01 -8.073889617727513235e-01
-6.267011612823552014e-01 1.823340230267549988e-01 1.314610833922246272e-02 -6.643696331299858704e-02 3.359417849750738760e-01 -1.317496255725295051e-01 -6.816912196442149741e-01 4.606118759908762739e-01 -6.511854679215036690e-01 -5.963074210054701840e-01
1.074996151018870610e-02 -2.082292344139990634e-02 -1.660544964545991944e-02 2.411042292272410070e-01 -4.801212135470160902e-01 4.091677610536846310e-01 -2.019204094314688835e-01 -2.459402852251990970e-02 2.139708519041652601e-01 -1.155502998945184684e-01
1.707713346122651243e-01 -6.254392925655894997e-01 -8.073954533742343509e-01 -8.182180484956472211e-02 -3.100793558556785845e-01 -7.991538165514714409e-01 -6.671576449359192251e-01 -7.252999343555822653e-01 8.636008697369664810e-01 -5.173707097355066953e-01
3.677596571340205345e-01 4.725505428221519755e-01 -4.058251376113171383e-02 -2.680118384798163000e-01 4.402844755749953931e-01 -2.733396854321426539e-01 5.121039660807323868e-01 3.508472324667287201e-01 1.541566852055906711e-01 1.383364217687477193e-01
-3.188692196694160597e-01 2.922798456776391496e-01 -3.611383649018472253e-02 3.176603565831380427e-02 -6.891870885700824845e-01 -2.340829005258129591e-01 3.329177103524654235e-01 -6.513614431383221159e-01 3.844804904418812064e-01 -2.677475023075839174e-05
-1.701810647215837302e-01 4.726344220841370847e-01 6.106521187818038099e-01 -7.371534370906289435e-02 -2.039450118296032011e-01 -5.375556430034235111e-01 -2.576961189185693613e-01 -4.024995219851346118e-01 5.158329843900568701e-01 3.540273698621840825e-01
-3.801692086536775372e-01 -5.367714595158782354e-01 8.693279055460531035e-01 6.503895265651529201e-01 5.091367104479627148e-01 -1.410413533818303811e-01 -6.747387186293141159e-01 -8.364695188081339161e-02 -5.762547642508607515e-01 -6.630313228468410758e-01
-6.686747924144050004e-02 -1.096832810365101357e-01 -6.902414802301941599e-01 3.331458432911350021e-01 -3.808159804194274911e-01 -5.758358830093025515e-01 7.955589073417443924e-01 -1.530841017615947319e-01 -1.316894339454778851e-01 3.561888114499658364e-01
-1.494635817803550704e-01 6.056840329089111519e-01 -4.882673193665111322e-01 -6.682907013438870170e-01 2.553185760093902856e-01 1.322196923322557782e-01 -4.425044641705513232e-02 2.596440399085423456e-01 3.158822041545200077e-01 2.463993174360823157e-01
3.088899804134818128e-01 6.332683327042804011e-01 -2.220784400482173626e-01 3.520487711492311655e-01 -6.081290876804531509e-01 -5.776196177519029584e-01 1.100452614219380870e-01 1.917454514043281377e-01 -1.171505055784064914e-01 -4.398852222898990139e-01
-3.438696533151689577e-02 3.197501081958045721e-01 3.504998646412913477e-01 3.130459181526992207e-01 5.172578585283655883e-01 -2.778458121629700517e-01 -3.697276072978669115e-01 -5.282129149713615107e-02 -5.640590686189819181e-01 -6.213495038079653449e-02
-3.539781071275756030e-01 5.874684005919609264e-01 2.764025471028602743e-01 4.283191862060554134e-01 3.982414195339376017e-01 -4.537991163913235315e-01 3.550578668358894685e-01 -2.569371667046772556e-01 7.152193835098392682e-01 -4.217013919123933641e-01
1.055116237375388205e-01 5.108288021701350157e-02 3.126026177863959477e-02 1.098462039949158614e-02 -7.187743567167842983e-03 -1.745817381067501020e-02 -4.127208528671547669e-04 2.065491111391327961e-01 -1.235214434668811465e-02 -4.215590523334962134e-03
1.158470151396415460e-01 -3.155574405619793882e-02 -8.203639944507394588e-03 -1.437999765351129222e-01 -1.741514208474859438e-01 -1.174128802709645432e-02 -4.205895731309358676e-02 6.895859968512244031e-02 -1.029844537842979357e-01 -2.448875276852233718e-01
3.824225620494443034e-01 -5.487489167656229849e-01 -2.850398301156861214e-01 -7.030246911801905085e-01 -6.894688646470716054e-02 -6.923799422477626697e-01 -2.039891564642870025e-01 -6.343468114020629489e-01 -2.100055075957666870e-02 3.146855399997592340e-01
3.545778701937155747e-02 -6.534033302174196978e-02 -8.581146563921237397e-03 2.703134908839878621e-03 1.810264115344894231e-01 -1.030855922458074649e-02 6.624132178933976600e-02 4.885264295509689214e-02 -7.963647764623580511e-03 5.486155661272598683e-02
1.138679166758564815e-01 2.425839367884735365e-01 -2.998366006934531647e-02 1.297768294318801252e-01 -4.000192860783580856e-02 1.479301885293626273e-01 -2.573930974050696041e-01 1.711532485295200190e-01 -6.106847816312813669e-03 7.129663032702572567e-02
-3.790157540231968158e-01 -4.042104454506517675e-02 5.791434683448584142e-01 -5.124772057161435662e-02 -2.526423686910476696e-01 7.096185058725796857e-01 -3.177444832183221046e-01 -5.155469258646487862e-01 -4.077791840691765701e-01 5.448581251071366038e-01
5.803706043064742470e-01 -7.540397619662310424e-02 -2.596640140137278507e-01 6.618560366685435348e-01 -2.619435568287890037e-01 2.617173284563180727e-02 -7.756060863109216497e-01 1.503445274787830743e-01 -5.354947576766587725e-01 7.418649608871170642e-01
2.380336543986493192e-01 1.603355865251602230e-01 1.323005621545448630e-02 1.108639447542103668e-01 -6.795448894584447952e-02 9.717588747311421693e-02 4.850210173487116971e-02 4.632797219830123853e-02 1.088681022591037190e-01 1.300250218282569814e-01
-5.198594750183113122e-01 -8.462089848819805971e-01 1.556950500582404140e-01 6.036392155125894776e-01 -2.753732913809059379e-01 5.896431484897620701e-01 -8.403308352688475535e-01 -6.975678479496918993e-02 -6.876900983186704508e-01 6.391932221122681446e-01
3.109028681358417395e-03 1.015899227835421982e-03 1.507612691103612373e-02 -1.596679223104405590e-02 6.629283631850035885e-02 5.950679201022774506e-02 -1.204216384710534229e-02 3.664949838608563826e-02 -4.233576614291126999e-02 -1.735789558351062342e-02
1.981926708608314491e-01 -2.350428341733603321e-01 -4.369885660298771235e-01 -2.994208905026781720e-01 4.347037320283365647e-01 3.659149972046515376e-01 -2.095465700983729362e-01 -5.274380817359956009e-01 -5.150956219557806248e-01 4.888970458673289610e-01
2.761092253536470698e-01 -5.043191510957509838e-01 -2.062354759890783554e-02 -3.356644809740051416e-01 9.797889547525977239e-02 -2.894294741133769389e-01 -3.827709318346329548e-01 -6.201335709008560376e-02 9.022698923060647885e-03 1.762681233368596223e-01
-1.056663470707562141e-01 -2.720016523587904800e-01 -7.465669452676162998e-02 6.472696701943889130e-02 1.885926961448764483e-01 2.039060863992389061e-01 2.224130064577753696e-01 1.838413690550290691e-01 1.145468271801778209e-01 9.133447551010868970e-02
-8.559835578383880872e-01 4.488752990527848930e-01 8.838394670702275080e-02 7.402835889032142180e-01 -2.688893341736584564e-01 -3.179491842812804392e-01 -1.515046445501477546e-01 7.619850265697568625e-01 -5.127719095899581359e-02 1.401009402998282527e-01
-2.411464724764687817e-01 8.390496429041453819e-02 5.651007275045129008e-01 -4.027707552959080006e-01 1.992197805671789279e-01 8.061666705960135459e-01 1.950652115222895333e-01 -7.679886137930768721e-03 3.365395656372092148e-01 -4.146354053800588857e-01
7.097285970482912834e-03 1.099064060274510812e-01 -3.100150779791719519e-02 -8.437147233323270823e-02 1.071089977221540146e-01 -1.478562675498098500e-01 9.580594007957343727e-02 1.138269634374815785e-02 -1.988653406652204480e-03 -9.530336261697949785e-02
5.875129682640201773e-02 2.277270534204580213e-02 2.013268493790718594e-01 -1.689430617217645147e-02 -2.199055953162446300e-02 -3.987612924778491386e-02 7.861958892739138310e-03 3.024476769723946634e-02 -1.026375515366887148e-01 2.019260641136772644e-02
-2.850939799248391471e-01 7.620342192021821726e-01 9.134831017824301957e-01 -6.198460092836458601e-01 -1.047824203464035042e-01 -2.461493621692127653e-01 -3.177721595532552734e-01 -2.267895961499529212e-01 6.789545219583795754e-01 -3.966386473663762180e-01
-3.375647456865314977e-01 -4.367431241853492185e-01 -4.451020226256038326e-01 2.739111771580919896e-01 -2.330871663280453532e-01 7.289984460555595236e-01 -2.081565846165261413e-01 -5.147070413307602843e-01 7.484940675142609523e-02 4.376896181794015517e-01
-5.075742439755485114e-01 4.419344924306348732e-01 5.393706267001309174e-01 -3.210400603029091027e-01 -1.555278149785764286e-01 3.177247091194778661e-01 -3.198844613231471290e-01 2.311413280311407914e-01 -5.809985350181038344e-01 -7.117840100069469100e-01
-2.340965280617313959e-01 -4.525283676877067673e-01 -6.237257046636930369e-01 -3.829877900463456442e-01 3.782774698176265549e-01 -5.358911034739807233e-01 4.715103840670094998e-02 -3.165984514408514694e-01 -3.662172950529822835e-01 1.458034451453803781e-01
1.014450788669124109e-01 -3.906128732833478306e-02 -2.300628335102712363e-01 1.591355846997304924e-01 3.323810142758157338e-02 -9.330386443777410888e-02 6.463577008562493287e-02 1.388279078344874067e-02 9.037184612903997882e-02 -2.071469561677516391e-01
-2.539030752358586995e-01 1.633874217539000862e-01 1.975932894257874661e-01 -1.451920871315645345e-01 -5.746434122978981707e-01 5.612122284201384037e-01 -1.220323328263512030e-01 4.367604155144680922e-01 -1.755266895953745132e-01 -5.472217179039641222e-01
7.170590012472476127e-02 2.742445131748448561e-02 1.728727500526615335e-02 6.053739717096998790e-02 1.054680044564937913e-01 -1.825577223205922597e-02 3.840445102588448210e-03 2.902238778968737123e-02 5.823545051929419382e-03 6.608114990521453923e-03
-5.653066327567485283e-01 -2.822216259901614843e-01 -4.561484446462311104e-01 6.325227768802111905e-01 -4.838107865633803906e-01 6.910134224918078605e-01 -3.440083598507550633e-01 -4.557904594235695495e-01 4.821533623606574781e-01 5.613622690026567330e-01
-5.399070330182780264e-01 -7.971686924476575897e-02 3.621267419102381369e-01 -4.025279515223841552e-03 8.202569588363285424e-01 -2.675244033100424579e-01 -2.277207035395716062e-01 5.789851906132547077e-01 -2.556302817484211731e-01 4.227325085696295170e-01
-4.138941998436836134e-02 -2.624509404153238523e-02 3.418592656636747218e-02 5.886793775594541950e-02 1.640595596978012757e-02 6.557439008978872830e-02 2.369779350320654759e-02 -1.446692928632788144e-02 2.468823816633007942e-03 1.193476844351830379e-01
-9.048168771547815403e-02 2.316366156900941664e-01 -1.959641580097534058e-02 6.719756986173486268e-02 1.565610302522959796e-01 5.100360798427053949e-02 -1.291620370911374105e-01 -1.330790197842160461e-01 -4.233512354715541354e-02 -5.650787445294107314e-02
6.438932315874929153e-03 -6.924779898640245901e-02 1.591063349029370536e-02 -1.640676149301933118e-01 8.618641373786306570e-02 6.110279975061172486e-02 -8.226473114595354852e-02 -2.168924942502786501e-01 -2.675524906508733869e-01 -5.238788779329441869e-01
5.180679389110527389e-01 -1.023076771303754878e-01 -5.263693266067118737e-01 -5.598181083431256200e-01 1.226923613423955978e-01 8.627993527298434551e-02 -5.125755848844210094e-01 -6.808811117634842869e-02 -6.189277927445225869e-01 5.106786338503357392e-01
4.610295461969327602e-01 -6.362686685575968948e-01 3.782946948788001862e-01 5.747456242083262001e-01 6.291914086458145761e-01 -3.056535596979172986e-01 4.008996698551658966e-01 1.719804637387876423e-01 -1.272692822488502400e-02 4.826362696172390998e-01
4.191770566895413608e-01 -4.462683095159108992e-01 -3.774925420678637011e-01 1.656166767872725154e-01 -1.395798755881816622e-01 -4.135587005958672457e-01 5.027154318475236527e-01 4.223260020552280225e-01 -1.274406440056131129e-01 1.118462980321014433e-01
2.125820415414404752e-01 7.906207600467018981e-01 5.095673300195071587e-01 6.025118618485811872e-01 7.222737893186251812e-01 -8.031504300759133574e-01 1.674390876923820826e-01 7.928688551108132865e-01 3.089495359496274851e-01 -8.702827180595354983e-01
2.640818191529105685e-01 -1.130264339166850013e-01 5.137540318579416482e-02 1.334876792851157068e-01 -2.061175524684756566e-01 3.442768874801826473e-01 -2.985193179407032160e-02 2.452832746039583789e-01 1.383618056089236659e-01 3.486237202179752748e-01
4.322374278020750249e-01 -5.377860715405626824e-01 5.566146159508691404e-01 -3.541463602484692941e-01 -1.774829612147844626e-01 -1.607442196440651283e-01 5.565564227623330806e-01 -4.453409764527816450e-01 3.266619510009463601e-01 -2.322688453501152439e-01
6.766387347234890104e-01 -2.550036001543870556e-01 -7.074584532560286299e-01 8.932583712407800025e-01 8.626010642852723065e-02 9.341072077569158028e-01 6.929450204352914922e-01 -2.708447988666320971e-01 -9.290677505436950590e-02 7.890342439403916774e-01
-2.191045818086723995e-01 7.211490815299218850e-03 6.417230908067549089e-02 -5.208974471768695880e-01 -4.263630116892464517e-01 -2.374940690866436110e-01 2.164375088221701937e-01 -4.035569590927846617e-01 -2.951636796588085199e-01 1.433402408983541765e-01
8.807983792732995264e-04 4.758238788328303381e-02 1.348447871324346542e-02 9.411485022628521269e-02 4.236387716620702328e-03 7.454132830194902526e-02 -1.609592508462447786e-04 4.783045872642443380e-02 7.984824328948085526e-03 1.335192305009668019e-02
-1.264690572801584478e-01 -6.033672582864785250e-01 2.757464253652406327e-01 3.315793516331571461e-02 4.917049624745460368e-01 -4.561629624303164543e-01 2.472816478851314614e-01 -3.983229982430072647e-01 7.146303564769479477e-01 4.418112619872896496e-01
-4.830004163172184617e-01 6.756669848607730344e-01 -1.036362588525928524e-01 -1.627152141951251629e-01 4.554207797683656467e-01 5.136405661249910937e-01 2.685719410893447345e-01 4.594448919708115642e-01 -4.626437935562697779e-01 -3.979203155513801882e-01
-6.451919587819830715e-02 -4.118954481281705826e-01 5.411608224755748431e-02 -5.811154793365290450e-02 1.520522067436531621e-01 1.798888439930165228e-01 1.125524747119007601e-01 4.076568425112109817e-01 -2.697089092534240007e-01 3.246766959280970033e-01
-6.774086798605100102e-01 3.952154602687478757e-01 4.481628712030876205e-01 7.199214380439752370e-01 1.306621114822169860e-01 5.890212759565870426e-01 -1.913523184005083699e-01 -8.453247227855667512e-02 7.054182270544337996e-01 9.197277200002330899e-02
-1.490423818376022669e-01 6.238679050759169398e-01 -5.614639733909553287e-01 1.914859092090189785e-01 3.062927397116191885e-01 4.262957096351184805e-01 3.999878175646414680e-01 1.154929087773285401e-01 -4.287572222342042605e-02 -1.581493040028617569e-01
1.006538552491722735e-02 -4.987991932987398055e-03 3.144698018676393009e-02 5.519527178051777949e-02 7.522855289495920805e-02 2.095516140453283077e-02 8.695838869920410885e-03 9.876563712184985300e-02 4.285704719829470238e-02 4.451539024478718548e-02
-4.907767665231254628e-01 5.993929370479509355e-01 -4.901108445112701273e-01 -5.614816641831848858e-03 5.723053337945037677e-01 -7.475777864753145874e-01 -7.993254090577602833e-01 2.622144916856518071e-01 -3.389466042882897101e-01 -7.029637232983677597e-01
-2.115583335402539955e-01 -1.547186340037395580e-01 8.019547634035209538e-02 1.385356561134020170e-01 1.406793994706867501e-01 -4.123609857922517774e-01 1.104128734821355762e-01 5.756546853329739255e-01 2.048500497179257807e-01 -8.220846743794471556e-02
-5.440078542203795609e-01 1.966840458541389003e-01 -8.093923141598643456e-01 -3.328861911447096866e-01 -6.752205751346656015e-01 7.874981877406629638e-02 -8.323602042038086291e-01 -5.071670542259136827e-01 8.003157969440997110e-01 6.869609831043304027e-01
4.154215911825492186e-02 2.621458819920643654e-02 7.897890301381471634e-02 -4.190734426600361412e-02 2.011760473654362544e-02 3.669981165562136854e-02 3.901068198175620949e-02 4.257083657148263284e-02 -6.969923514829288189e-04 1.879312975877248451e-02
7.439818297942481229e-02 -2.032760466606406413e-01 2.925101166253724072e-01 4.333160556707842392e-01 -4.831642047027190912e-01 1.862748990048582187e-01 2.240537320136063437e-01 3.766311433307879819e-02 -4.938007293067309678e-01 -5.553269616932511310e-01
2.053308193937196380e-01 -1.099874459136262889e-01 2.062726540765142946e-01 -2.652040817490199792e-02 -1.902193198846900413e-01 -2.223324817214215321e-01 2.268177833023113099e-01 -2.335578996876740698e-01 -1.035407363115802837e-01 2.719947134200519367e-01
6.965860849966872825e-01 -4.799709635970462185e-01 4.768058508857311306e-01 8.245668229222213874e-01 6.134314042166032488e-01 -3.286207200509519422e-02 5.271070947617865210e-01 6.936985281773838663e-01 5.925115728703225226e-01 1.054212550662197018e-01
9.708201128768595423e-02 1.150234134836009697e-01 4.735102074032904174e-01 -1.432037047135044927e-01 1.859451761408271175e-01 -1.967564745770044310e-01 8.832920987679761249e-02 2.646633150651184763e-01 -3.720847978844745718e-01 -3.559360231435945709e-01
-3.568845406795348452e-01 1.337309661994781351e-01 3.852049593360958868e-01 -5.816051582858088320e-01 5.703600574017231306e-01 -1.207656979525517371e-01 7.210831599086706678e-01 -5.607882772933909798e-01 7.488311966637672956e-02 -4.131641457229107139e-02
1.545495020851607448e-01 -2.140418830193170086e-01 -4.081853828076819068e-01 1.234319526960914702e-02 5.117597144355484629e-02 3.146274328328951125e-02 3.723308416063868531e-01 3.767019150852438103e-01 -2.819793558187505544e-02 -4.805045111909059252e-01
3.043964221691766725e-01 -6.139117828410974864e-01 -4.683064934272562763e-01 3.028974039856411477e-02 1.541080077604008169e-01 2.915522968151977867e-01 -2.633640443391369601e-01 1.998717995857118568e-01 -2.634246759626805434e-01 -4.027371976044384905e-01
-3.655458729209522944e-02 3.784625732445019430e-01 3.167068264840851577e-01 1.808669398021311159e-01 -5.014612527265534941e-02 2.231710620946205370e-01 -3.220064293748510220e-01 1.831442402119760615e-01 -6.454327859738227379e-04 -4.140847200073682899e-01
2.500726830174392346e-01 -1.879768199948309571e-01 -1.562093624469883535e-01 4.514120698201932180e-01 3.865488622608599378e-01 4.692404338941687514e-01 6.905273934365174782e-01 -9.482908000975119600e-02 -2.887661262525020867e-01 3.426026785029142596e-01
-5.090679810114994153e-01 -2.099799299972635036e-01 -5.598676352584282950e-02 -6.963342348256251063e-03 2.657568394187050376e-01 -2.262973959238351040e-01 3.652427737813659751e-03 -1.830130156449540080e-01 -2.857625647362086463e-01 2.369062992014693281e-01
-1.366049461984222002e-01 -5.637959457836833749e-02 -2.075335402274615382e-01 1.873780307454354921e-01 1.620297156864178301e-01 2.277375100693171395e-01 -5.329067564170818228e-02 5.608680289812276176e-02 1.120841614548083887e-03 -3.263717540344571871e-02
2.100823690880916639e-01 2.427967089121649824e-01 1.707630032437533751e-01 -2.130519015241852943e-01 -3.637946964027844454e-01 -2.431290462620938064e-01 2.391924851122025908e-01 -3.080830105215528469e-01 3.488822155639574318e-01 6.485713076595595039e-02
-1.978368511252023005e-05 5.352517336398995296e-01 -4.410898234568320642e-01 4.749506141393626257e-01 6.461686309182006482e-01 1.768761308119536357e-01 3.234138585538930410e-01 2.757343176547059072e-01 -4.688933746213081455e-01 -6.461540598302575322e-01
2.799073733887835203e-01 -3.686178969929454485e-01 -3.858108958556812906e-01 -2.309975287508929664e-01 4.676660989419909042e-01 -4.158488326517225525e-02 2.080393575445138588e-02 5.137496436526544086e-01 2.602098222615056300e-01 -2.424321353874411278e-01
-6.544440200916451511e-02 2.961009595363808256e-01 -2.507764051372268210e-01 1.818135702450396352e-01 -5.114535624255721613e-01 -1.680130909850681975e-01 3.094615144449727739e-01 -2.796231072721442890e-01 6.666433763436954152e-01 4.493820508960499893e-01
-5.192138863979761654e-03 9.220096989316403646e-02 2.087021556340561690e-01 2.025560960461099402e-01 9.070998503176945504e-02 3.494653166441969994e-01 1.673211142803423535e-01 -1.091451487447175905e-01 8.532844088112551129e-02 2.493770114288189899e-01
