6.284127272284359966e-01 -7.929522572507002875e-01 -1.144931984280702641e-01 -6.189684222082977305e-01 3.215188462287969506e-01 -4.556647966889489365e-01 3.524024535726839602e-01 5.920764725982339272e-01 8.050354514533002437e-01 7.072318574320272111e-01
1.491258996815318372e-01 1.206219417863133025e-01 -3.867192279289570211e-01 4.044565693209832280e-01 3.951516720646842673e-01 -1.073583853643133579e-01 -2.523866417812034024e-01 -4.305765720973933064e-01 5.160229781986672704e-01 -2.687360498340189974e-01
2.782887572410808197e-01 4.414461324622889205e-01 -2.008570477191824050e-02 6.557131399487169388e-01 -5.670734261416573441e-01 -2.936920449220539187e-01 5.544386142203909795e-01 2.523978501214075854e-01 6.817748687854416900e-01 -2.658532413869633682e-01
1.669073661965544408e-01 -1.708951199946847355e-01 -3.949330076457619604e-02 -4.294416085679682998e-02 -1.397478065578601214e-01 -1.271541113321510985e-01 1.804281015672346833e-01 -1.458172322888801331e-01 1.312917815434112845e-01 -7.948387634348470787e-02
-4.204124798514091710e-03 -2.581012119896313080e-03 7.996149053047196809e-02 -7.389874154220049327e-03 7.804770512240918889e-02 1.884769437300340064e-02 1.265929443821943445e-02 6.711251132977648359e-02 7.626845475285798717e-03 3.872740484011022444e-02
-4.455947623020318216e-01 -7.467965315383641167e-01 -4.071567483288388717e-02 -7.938624687467237262e-01 7.015668663279118755e-01 -6.938341127466787217e-01 5.530782083978239561e-01 7.119698741160557232e-01 6.743535278527003074e-01 2.297271176333554044e-01
-4.824457066831625181e-03 1.728394739860381057e-01 6.758609354284789150e-02 7.910138155000459234e-03 -1.312334837356384301e-02 9.715201971718049473e-03 3.609595552013653702e-02 1.300938457285333652e-02 6.504004334038455959e-02 5.506670074135037486e-03
-5.348180987337025627e-01 6.801075383695053267e-01 8.231320858297845600e-02 6.852445839910088488e-01 2.255892505925817526e-01 -3.245037571595982273e-01 -3.837786441547067495e-01 3.201247563429358012e-01 -6.045926369104256404e-01 5.596431868710677326e-01
-6.984086306818257373e-02 5.908788469648496022e-01 5.496945638602611650e-01 -5.612204557392753701e-01 -2.791835143823794829e-01 3.690223696157248212e-01 -4.162761858379040447e-01 7.205816218507616888e-01 5.174279130725665254e-01 -1.900181791681418708e-01
9.190753428847177678e-03 -4.852765437179528026e-03 -5.812223719645561934e-03 2.273990021870700082e-02 9.139189521727322796e-02 5.069224365021185452e-02 1.628802325005032636e-02 4.521072484067589770e-02 2.744297646932901402e-02 1.516045897603891628e-02
-1.255731405155518197e-02 1.017112706906101449e-01 5.848285698868491145e-02 -6.180887745516549375e-02 2.119838967007089681e-01 1.453469178215077359e-02 -2.705827027292234677e-02 2.273474613322817059e-04 2.798961327120248407e-02 4.862029886169751819e-02
3.422666558504225964e-01 -3.188787970916825421e-01 5.952913074605431509e-01 1.864068754167147735e-01 -3.493804205080458525e-02 -2.090155930681515395e-01 5.402679989533271110e-01 5.067685615743426908e-01 -4.532656813963787945e-01 4.087025439870842769e-01
-4.216634500474089053e-01 -4.407063394099191428e-02 4.409869702089115884e-01 5.795398538488740758e-01 4.671116649803845333e-01 -4.570127634222823088e-01 2.075319382122744194e-01 -1.356404658525031670e-01 3.157978153943459820e-01 -1.275146835262773448e-01
4.145391152547215352e-01 2.017701702600528391e-01 -4.656208266950805919e-01 6.354684377698553988e-01 1.751289256485394630e-01 5.388851344815725336e-02 7.433465107752899037e-01 -1.596815568048135237e-01 4.121744594237582437e-01 2.877587065427561486e-01
3.103995601218773603e-01 -5.498836396152018136e-01 3.618735638299921953e-01 -2.360232323730316883e-01 2.915006165065526234e-01 -1.801099665765243385e-01 -4.542193344360571650e-01 -1.668983406773391909e-01 -2.012133098836768885e-01 -6.820897979152749091e-01
7.201580140574646502e-04 1.543193861464939483e-02 4.704259239923091335e-02 1.896593571565362984e-02 6.857643651622242348e-03 5.491469600925203559e-02 4.784481379936575407e-03 -1.094797151488998647e-03 2.523021032065491179e-02 3.974362173083754307e-02
-3.957833288430111507e-01 9.667317454989790559e-02 -5.335947130990190690e-01 -4.563464236232165350e-01 -1.416345378690516202e-02 1.928052665648029296e-01 -4.258962439900912389e-02 3.552783846881391594e-01 9.511463708298720232e-02 2.437977954464189689e-01
8.297674876273811728e-01 -5.337672814601250870e-01 -7.693720734689126761e-01 4.700892847554211107e-01 5.959948422509896426e-01 3.149311610787428606e-01 1.115673345560555391e-01 6.657051987000404125e-01 8.042207249921149437e-01 -4.411909340028235538e-01
1.360834768816980784e-03 4.159412511664638268e-02 -5.882859940574061142e-01 -4.764884753069397738e-01 -5.776431340886012400e-01 2.849697269384778853e-01 -3.636476460690709067e-01 6.709601020885505029e-01 6.697603737857361905e-02 1.281829862468630843e-02
-3.585122037041454934e-02 2.334867499645252586e-01 -1.330152576200165360e-01 6.018996854004341618e-02 1.867134568540737560e-01 -8.717035634758918405e-02 -1.939942127082880385e-01 1.315844101266785970e-01 1.374137632064586778e-01 4.834215457293369184e-02
-3.144177703499132816e-03 -5.367189492250939997e-02 -2.334204976011879096e-01 3.603636651496591181e-01 -4.037202004922450516e-01 -2.512916498688336567e-02 1.750846235514989802e-01 1.986059148672794650e-01 -3.024927068848401457e-01 1.708990629500055924e-01
2.736636682086388550e-01 -9.137380360623374720e-02 -2.175169564114320941e-01 3.993707744324730413e-01 2.625191862431765499e-01 1.631733509357220502e-01 2.060898425286719349e-01 -8.996412667133066310e-02 -1.244101456411435963e-01 -2.127653645148089301e-01
5.718261681020975207e-02 4.115947750803869432e-01 -1.954166096338157965e-01 1.691103479083576056e-01 2.507282978020205499e-01 1.282824318552567844e-01 1.005100160539296184e-01 -4.716925496235942206e-02 2.412082114624866380e-01 -6.931634590671174878e-02
5.222721331351377616e-01 1.115685749867348364e-01 8.166474757373468618e-01 -8.842786076818625052e-01 -3.956611689517112729e-01 8.720862162965664632e-02 7.580120481922599796e-01 -7.725658773333592411e-01 -2.094102016193786775e-01 -8.075155400445754861e-01
-6.267122718295260464e-01 1.824134454549384554e-01 1.284898159308628732e-02 -6.606915658079005882e-02 3.361632442790021269e-01 -1.330885000752560221e-01 -6.820201353699063551e-01 4.612759058774926757e-01 -6.514586653369123237e-01 -5.971943126634413623e-01
1.096197695993424322e-02 -3.000395583752495793e-02 -1.603313639688082673e-02 2.440962592884649007e-01 -4.840799261967855815e-01 4.150081631741919796e-01 -2.039288436591601139e-01 -2.456041757667313738e-02 2.166997723980288448e-01 -1.157260116760636531e-01
1.708123284874761005e-01 -6.254667830577459453e-01 -8.083105917154630449e-01 -8.180715223133938618e-02 -3.100989233959652314e-01 -7.991684939880253635e-01 -6.672183952313360811e-01 -7.253374318370420237e-01 8.637004364959113278e-01 -5.173570810945017362e-01
3.679321007835672508e-01 4.727250611708806449e-01 -4.056401640546535015e-02 -2.681122563624287469e-01 4.400707670613429046e-01 -2.753406484454022363e-01 5.124378633998011301e-01 3.510950574671712898e-01 1.543005838640667815e-01 1.384273744113397875e-01
-3.189202590256859371e-01 2.913933289572234187e-01 -3.580849794953927523e-02 3.162644182830331302e-02 -6.894727904177937461e-01 -2.365786158374817705e-01 3.315188567086914118e-01 -6.519292902266798917e-01 3.850023807303801782e-01 3.043829140655475505e-04
-1.714535523532647598e-01 4.742667771408151101e-01 6.120562485658302965e-01 -7.217192216494044965e-02 -2.110585101155086352e-01 -5.382053355558148455e-01 -2.582679905811755550e-01 -4.058210737877684382e-01 5.178752939862847349e-01 3.565014061911496723e-01
-3.801390440865740072e-01 -5.389402611585767389e-01 8.694456866700822628e-01 6.502259682007203168e-01 5.097580003218712408e-01 -1.409639187427769447e-01 -6.752148430066405860e-01 -8.340377822604037872e-02 -5.769304012920546398e-01 -6.631099706933519800e-01
-6.655083894623584073e-02 -1.098746728293473612e-01 -6.911951337175866739e-01 3.336371915709447911e-01 -3.806509545167039432e-01 -5.780729731825993145e-01 7.969337362701086613e-01 -1.521801290877066726e-01 -1.319121491980466410e-01 3.550259757220377566e-01
-1.490048226968428979e-01 6.062596152092262214e-01 -4.886137036520209476e-01 -6.682515161861450892e-01 2.550305566652062983e-01 1.323103854872668406e-01 -4.339028686400817764e-02 2.563533715377070976e-01 3.154214716247416561e-01 2.475806759974041316e-01
3.090347116785512327e-01 6.334632909963878733e-01 -2.221505315669678182e-01 3.525019486499756938e-01 -6.103603052041928212e-01 -5.778409085413669377e-01 1.093900543898165129e-01 1.923016559408282922e-01 -1.168812543627806844e-01 -4.400963179111461177e-01
-3.425513061552656197e-02 3.181419881930911409e-01 3.510027700497527214e-01 3.131825533760747016e-01 5.174002832402981866e-01 -2.782769453821363759e-01 -3.700098774012637315e-01 -5.299288442426550172e-02 -5.640865602851671268e-01 -6.189884594963941666e-02
-3.527517995236336135e-01 5.885269808840253303e-01 2.758869522537074070e-01 4.288497181975202688e-01 3.999667754097140371e-01 -4.519144080902665617e-01 3.557416107696122487e-01 -2.601011471099237693e-01 7.165242180530045912e-01 -4.217861722444162242e-01
1.074905054918178088e-01 3.480167014347344823e-02 3.570948822725093785e-02 9.035241746633008303e-03 -7.366943667327755484e-03 -1.071429732936285406e-02 1.579498567342497778e-03 1.788967492282262928e-01 -1.075922769086400284e-02 1.202412267232011835e-03
1.344426868003916753e-01 -2.437684292735244410e-02 -9.792429546435780369e-03 -1.640018265078820037e-01 -2.157512839977721308e-01 -1.322585667626450384e-02 -5.705293425601381391e-02 9.311381296341660063e-02 -1.125428562391030812e-01 -2.751894397111332435e-01
3.827639548296853378e-01 -5.489771160475038769e-01 -2.855383384479617259e-01 -7.031231181693254895e-01 -6.880525347998987795e-02 -6.941781044111826615e-01 -2.033988818912218777e-01 -6.340292283688873098e-01 -2.108237075496476043e-02 3.130362756676779434e-01
3.041371886578952966e-02 -7.715707881057393136e-02 -1.952074258596443995e-03 -1.137683328113133895e-03 1.720652353069580254e-01 -3.915890718526103087e-04 6.917914683651253671e-02 6.035985310096571993e-02 -1.851181789563119406e-02 6.900013146135440534e-02
1.124762443062263112e-01 2.467074777234992966e-01 -3.276823521684139179e-02 1.170987756458169854e-01 -4.197830400587711924e-02 1.608834869081696428e-01 -2.748341904209153919e-01 1.786052867838862079e-01 -4.278664020861696650e-03 7.272075699976718322e-02
-3.818899844729733428e-01 -4.029526371814959318e-02 5.793284679054595543e-01 -5.079196836020197919e-02 -2.529416216345343194e-01 7.108471826434640262e-01 -3.183510816003918276e-01 -5.168256663692930575e-01 -4.078129120987502576e-01 5.439323308333259277e-01
5.803786022900472297e-01 -7.572099184769248703e-02 -2.596665203541229650e-01 6.618653666786475931e-01 -2.619474146277750437e-01 2.617223996548030326e-02 -7.756162908937203060e-01 1.503468316154718543e-01 -5.355011667037486989e-01 7.418753753333233725e-01
2.457455530853550063e-01 1.675256297679863227e-01 1.123705434362432497e-02 1.141773519424473665e-01 -7.131706880477034494e-02 7.703911313166293684e-02 4.416807183511951146e-02 5.087724082532186359e-02 1.137666283672011391e-01 1.369162612588849248e-01
-5.198111830356528795e-01 -8.462895755339479020e-01 1.551240833615570858e-01 6.036040957102629667e-01 -2.752998307398145106e-01 5.896747796735593017e-01 -8.403434191158583033e-01 -6.965830043629640811e-02 -6.876773034036063326e-01 6.391876415397038658e-01
9.280223414322972837e-04 1.088727289510126733e-02 2.636004145646752075e-02 -2.429548792688661016e-02 3.806816554558514060e-02 4.087412173459882558e-02 -4.390609051970556509e-02 4.059670048482465210e-02 -5.648001028027118536e-02 -3.859698135156877652e-02
1.994812695948538495e-01 -2.353852104327976980e-01 -4.377868731388188106e-01 -2.985475597881732668e-01 4.339454100211395660e-01 3.655828402860214488e-01 -2.080232700306348936e-01 -5.317578025120938134e-01 -5.168447998194858339e-01 4.906586656572390903e-01
2.777839315103011741e-01 -5.075358944619630108e-01 -2.068650155381778974e-02 -3.378807036615132375e-01 9.763966233218011881e-02 -2.915262003472404717e-01 -3.925470692740584688e-01 -6.289866045575369380e-02 9.353331433037648593e-03 1.775419472318251479e-01
-1.097569386867278118e-01 -2.815287338586948684e-01 -7.626252878142218694e-02 6.830040914079280046e-02 1.758481207074184260e-01 2.115723569310133667e-01 2.318589590639599796e-01 1.917738513376151810e-01 1.203290286351039184e-01 8.135587015077243300e-02
-8.560121575667669624e-01 4.488170562271805442e-01 8.845550435677185241e-02 7.399105887644511492e-01 -2.688794752515534237e-01 -3.178984476764284417e-01 -1.515049881208955229e-01 7.620135537290197991e-01 -5.125793509585938046e-02 1.401554844875965711e-01
-2.418093239066554934e-01 8.392601911808869608e-02 5.651517476294549702e-01 -4.028063776795341999e-01 1.992584235957545746e-01 8.062268232533635892e-01 1.950776087312990070e-01 -7.677766748609561424e-03 3.365663057515886902e-01 -4.146519457823398813e-01
-2.361959817175787821e-03 1.241828359537821003e-01 -4.734784629298120079e-02 -1.116091840876726055e-01 1.401256005092892387e-01 -1.623938372517263751e-01 5.867955664299494278e-02 2.133142676948003927e-02 -2.744693418895332790e-03 -1.188499451625373571e-01
7.034553164516726964e-02 1.045433875004585407e-02 1.856499333963323173e-01 -1.745326123929282283e-02 -2.824567629569130559e-02 -4.243048641945068589e-02 -3.023622660413617571e-03 2.990487234284499446e-02 -1.188910440441809241e-01 2.815511972604423097e-02
-2.852463518310515700e-01 7.637091614444769805e-01 9.144197961672397845e-01 -6.204543010269586434e-01 -1.044309266812911696e-01 -2.509525443502735875e-01 -3.169787736742705198e-01 -2.257791631373927688e-01 6.802544301710771180e-01 -3.991721422467712777e-01
-3.383206029315330987e-01 -4.366928278428235388e-01 -4.447917019756381096e-01 2.742373850873685570e-01 -2.326652620820406081e-01 7.274301532165534656e-01 -2.087495661771270605e-01 -5.144793305518942095e-01 7.503273934992081562e-02 4.384658532737132908e-01
-5.075783374707087958e-01 4.419414734786146215e-01 5.393884562802060412e-01 -3.210138418474284272e-01 -1.558257351346759856e-01 3.177769376951574687e-01 -3.198799118433610644e-01 2.311940751924177473e-01 -5.809814178396646156e-01 -7.119156510493851453e-01
-2.342624566679384623e-01 -4.526348115146864304e-01 -6.239346575729616262e-01 -3.860660135158975881e-01 3.787847034685989933e-01 -5.360770513869814735e-01 4.742155612887525434e-02 -3.167728396025529802e-01 -3.662929267016681312e-01 1.463577649439211925e-01
8.652759097463098847e-02 -4.149158028798707182e-02 -2.366745211772406099e-01 1.658168981467637859e-01 2.962698173365566068e-02 -9.314814514992537930e-02 6.550255552896872002e-02 3.820079435596784867e-03 9.459533058287745988e-02 -2.171848157792344580e-01
-2.572098304911594746e-01 1.633623860766829639e-01 1.963374240266033410e-01 -1.456295579474462254e-01 -5.743271333848940507e-01 5.630370401668164382e-01 -1.248775340527464722e-01 4.384191027860587231e-01 -1.760687446241000209e-01 -5.492746248889116556e-01
7.552826621219797809e-02 3.106899529067713023e-02 1.788993665075860190e-02 7.092263851993259316e-02 1.033754072372549404e-01 -4.034339046854898067e-03 1.383552993574245320e-02 1.453198488041182804e-02 -3.457862018466019861e-03 6.212731671200876979e-03
-5.657615998355591813e-01 -2.821810912475170019e-01 -4.566327338971110650e-01 6.322213847255953034e-01 -4.835289440619605084e-01 6.925525705227133511e-01 -3.442204132267217553e-01 -4.579480028659852486e-01 4.822583307851623924e-01 5.609326771771855347e-01
-5.398495769442439585e-01 -7.969281341480086156e-02 3.621503374212537985e-01 -4.019954783360421731e-03 8.202517078503016590e-01 -2.675041807640529123e-01 -2.276545772500191966e-01 5.788362061058992536e-01 -2.556552606424667418e-01 4.228092579061540346e-01
-5.844002309105677390e-02 -3.489288064512285903e-02 4.175228054051157572e-02 5.410670265367426707e-02 3.865754315020984017e-03 3.835042160965538433e-02 3.224691428359028472e-02 -1.127526668933551308e-02 6.274296040845563430e-03 1.161784191876091832e-01
-9.909076032905214659e-02 2.397259614032438979e-01 -1.827071912180625729e-02 7.503274936302931075e-02 1.724899992536399751e-01 4.451025120169924826e-02 -1.492952529682710083e-01 -1.393166655803906862e-01 -4.906439766465185703e-02 -7.677532462201050456e-02
1.212683106245021972e-02 -7.248771206490742247e-02 1.634038855339780758e-02 -1.704456123605014861e-01 9.494403384786460898e-02 7.395298044857272213e-02 -8.467074196367156691e-02 -2.432033324217121595e-01 -2.755446660697944417e-01 -5.442938857044132828e-01
5.194522689259699622e-01 -1.075360260190182660e-01 -5.276550270057757119e-01 -5.616037250364633859e-01 1.238371676544012256e-01 8.661032148832042976e-02 -5.142247143648530638e-01 -6.775916570962897678e-02 -6.211332851367497021e-01 5.119736621750080596e-01
4.615096061564885055e-01 -6.364596981679688792e-01 3.784181901299318862e-01 5.747690742115569851e-01 6.294597515507999175e-01 -3.051219533542656737e-01 4.010001357626001850e-01 1.713203051456380910e-01 -1.262282030920205619e-02 4.826112730042886323e-01
4.205774015938179566e-01 -4.470352052162691048e-01 -3.817846204319451653e-01 1.667684778025255443e-01 -1.394825472846788206e-01 -4.139929152014152902e-01 5.042696099437840029e-01 4.234435932961728710e-01 -1.277020498014476146e-01 1.122083955432695013e-01
2.124721536410191514e-01 7.906584560816010132e-01 5.095150682160384248e-01 6.024945738593608935e-01 7.223177146938698501e-01 -8.031045021182202648e-01 1.673970797687715228e-01 7.929423885365621816e-01 3.089633380516239036e-01 -8.703163341144483089e-01
2.790084194554837693e-01 -1.153362577362526675e-01 5.439133326662409784e-02 1.356312013593872490e-01 -2.041162139265159381e-01 3.632169727233446888e-01 -3.320340126119879914e-02 2.360739463322936715e-01 1.417080113390097040e-01 3.455760296279828947e-01
4.324724963200703431e-01 -5.400187581695640171e-01 5.566690666619386052e-01 -3.538670407866802980e-01 -1.761790714823461834e-01 -1.593966494979193460e-01 5.544499854360965818e-01 -4.460980026943115462e-01 3.268327531066892999e-01 -2.333406187940191834e-01
6.766387347234890104e-01 -2.550036001543870556e-01 -7.074584532560286299e-01 8.932583712407800025e-01 8.626010642852723065e-02 9.341072077569158028e-01 6.929450204352914922e-01 -2.708447988666320971e-01 -9.290677505436950590e-02 7.890342439403916774e-01
-2.178619383330252512e-01 6.737448296985438893e-03 6.146076170995218302e-02 -5.227953232109951998e-01 -4.282216273543567597e-01 -2.355790548577756383e-01 2.187690376249417923e-01 -4.073878598291050257e-01 -2.967270177909296924e-01 1.436221512441206993e-01
5.235172180631551993e-03 4.273466056461484863e-02 6.672526068181953811e-03 7.584534603143690268e-02 1.245802473649328373e-03 7.335396931221062344e-02 3.177734286728017398e-03 4.144962485192156543e-02 7.636967743633258851e-03 1.919401608787426466e-02
-1.265479098599602559e-01 -6.033894517639868393e-01 2.760668902293154647e-01 3.331041610887418292e-02 4.916092774054584558e-01 -4.557721371338327998e-01 2.466318119894486405e-01 -3.979522906138827087e-01 7.148937396484070783e-01 4.422862613581792779e-01
-4.829803299814098283e-01 6.728742000545716584e-01 -1.037572997618643189e-01 -1.631729341103158037e-01 4.561995993910418767e-01 5.138997421593038961e-01 2.682950857503819120e-01 4.599494977220908720e-01 -4.633863417753417147e-01 -3.979238207156146068e-01
-6.594641357614500210e-02 -4.170417053376532235e-01 5.575475179184384567e-02 -5.758607594220317705e-02 1.568924445036390114e-01 1.749610722515498040e-01 1.135246635755324529e-01 4.111264567828609162e-01 -2.749880601628468257e-01 3.264003526644795872e-01
-6.774133323301834153e-01 3.952345081206254385e-01 4.481572316432565484e-01 7.199725659551871049e-01 1.306677333214851799e-01 5.890491414486646038e-01 -1.913508933860307015e-01 -8.487693284208348843e-02 7.054417496576319557e-01 9.196406463196245273e-02
-1.490590954910900878e-01 6.239506065497434362e-01 -5.614551560722441659e-01 1.915269308628359812e-01 3.063397357749347294e-01 4.251697228621004188e-01 4.000322028491850590e-01 1.155103426812863487e-01 -4.285887700887498764e-02 -1.581123142281831429e-01
1.264297590217400118e-02 -5.353852941192185043e-03 2.771254775207864993e-02 5.511031786012289546e-02 6.421398496603611394e-02 2.870749124029368243e-02 6.549413977048712358e-03 8.331974374249570547e-02 3.875960399927624866e-02 4.497655917418839910e-02
-4.907711569508427241e-01 5.991327595855240329e-01 -4.900824860019933893e-01 -5.598925865373636721e-03 5.722919421613661406e-01 -7.475708227259726391e-01 -7.993161542112970919e-01 2.622391899537224180e-01 -3.389284613496361676e-01 -7.029582041297459671e-01
-2.128463561023162531e-01 -1.608317322223579149e-01 8.073853947171112655e-02 1.388764784916431405e-01 1.420083325350628423e-01 -4.147824555320083206e-01 1.110902114456931017e-01 5.744692718197107473e-01 2.062922302564526855e-01 -8.254826933784729925e-02
-5.440482852152551674e-01 1.969512864729721646e-01 -8.102654843259673445e-01 -3.332962306734372215e-01 -6.752813352093613997e-01 7.863486649132019057e-02 -8.325133167903023823e-01 -5.071795535201528704e-01 7.999981070186790166e-01 6.873133763883189085e-01
5.098853106845487038e-02 2.979216042211405360e-02 7.819467876409576246e-02 -4.667493372397373691e-02 1.482475848895447278e-02 1.884164532494205652e-02 3.521718928500210816e-02 3.227971902859806674e-02 -3.780187356096315586e-03 1.172305918182825132e-02
7.530370589302710915e-02 -2.055503316352078336e-01 2.918556092024511273e-01 4.344936685713943758e-01 -4.836580284554698461e-01 1.848434011556442380e-01 2.261399278959075332e-01 3.683897312433773857e-02 -4.953376720667617139e-01 -5.563092247817982283e-01
2.169278856230294761e-01 -1.179878417426052095e-01 2.187876139410898368e-01 -2.802745608806520364e-02 -1.954094475674492126e-01 -2.263910628205842157e-01 2.264024415637575782e-01 -2.488440993399495538e-01 -1.132282153560850851e-01 2.878199953695605995e-01
6.965931317233602371e-01 -4.801427734294650418e-01 4.768238168082066797e-01 8.245674347066217491e-01 6.134422190464484670e-01 -3.285668912993497393e-02 5.271088606588059111e-01 6.937015225467714208e-01 5.925098001587237873e-01 1.054227691793595684e-01
9.636690236077710692e-02 1.152543128068362205e-01 4.720587998631695092e-01 -1.433779101822987012e-01 1.863449943091580463e-01 -1.968816868885705507e-01 8.844881798300147091e-02 2.650293177596536598e-01 -3.722563027980022032e-01 -3.560587534695383027e-01
-3.568899611908531999e-01 1.337329973611937062e-01 3.852108099897498250e-01 -5.816139919476350784e-01 5.703687202682649060e-01 -1.211140195135027298e-01 7.210941120205842658e-01 -5.607967947797426467e-01 7.488425702244412563e-02 -4.131704210323537685e-02
1.573988414485309462e-01 -2.174963944231876611e-01 -4.150545288568923130e-01 1.467154637407083045e-02 5.145583470427639999e-02 2.080282592575521255e-02 3.793901635579121079e-01 3.846239411686263043e-01 -2.917282736996008874e-02 -4.907986842446258602e-01
3.045861476246378152e-01 -6.142061272653215331e-01 -4.701349451055087947e-01 3.027357676746863027e-02 1.542810830952389689e-01 2.916980289819788297e-01 -2.634146360962458799e-01 2.000119527244851314e-01 -2.642809981701494393e-01 -4.028839260187291882e-01
-3.668647257758650415e-02 3.765673830592182747e-01 3.175406648705837442e-01 1.816011500875961693e-01 -5.249658680383766790e-02 2.233866080314751423e-01 -3.227252284380879854e-01 1.837036050958867628e-01 -5.785885274300576336e-04 -4.150790068911004993e-01
2.503786709851110182e-01 -1.881421785089299470e-01 -1.568387206472715845e-01 4.519545602821692376e-01 3.868900480361887051e-01 4.676871237069602505e-01 6.916395458069701796e-01 -9.408294529041512366e-02 -2.904421982121566104e-01 3.417209389741933667e-01
-5.105007959769144454e-01 -2.135940707789427129e-01 -5.511892107332983654e-02 -7.433721929631508830e-03 2.657034774306977765e-01 -2.362208486197233115e-01 5.114463547931660629e-03 -1.835653010416959108e-01 -2.862724076331376599e-01 2.391105674094647360e-01
-1.581163158949282777e-01 -6.591382541021652275e-02 -2.347460326139013398e-01 2.222461341380108646e-01 1.716510437175467474e-01 2.749401229662534196e-01 -8.520322576230240919e-02 5.959608718439262515e-02 -5.104394766863899150e-04 -4.012188278822373388e-02
2.120998481117698786e-01 2.409286688060253145e-01 1.720448155641912946e-01 -2.145368305891426908e-01 -3.645348292784275634e-01 -2.422233557684261851e-01 2.350905017829002519e-01 -3.120815298460800080e-01 3.503422189926827524e-01 6.464785224063385183e-02
-1.971072508817942569e-05 5.347590297621943600e-01 -4.410937199979044765e-01 4.749840465071828444e-01 6.462091556783343682e-01 1.769057115983901918e-01 3.234207996892962678e-01 2.757570418875667229e-01 -4.689018175437235092e-01 -6.461632502567137282e-01
2.812891341740880180e-01 -3.704198489460087118e-01 -3.911441537158770188e-01 -2.321233046996334093e-01 4.698913412514987842e-01 -4.630908602999028734e-02 2.087206085796274382e-02 5.162791614000860063e-01 2.613275040075541678e-01 -2.434372099345430140e-01
-6.712328915801046847e-02 2.965584155635568875e-01 -2.509789094597960624e-01 1.816729900521647234e-01 -5.121078265845179223e-01 -1.679455551804133473e-01 3.093704306836315698e-01 -2.792300065489707328e-01 6.672306279212285585e-01 4.499408151219459473e-01
-1.350172832070707998e-02 9.394447298126049062e-02 2.148149845302358696e-01 2.070452565817390012e-01 8.717474203329238225e-02 3.587929512395538478e-01 1.700521816569367239e-01 -1.082397886668765019e-01 8.747167510964252990e-02 2.569798198858094795e-01
