6.280903393805326029e-01 -7.906642365161826724e-01 -1.144180818852633258e-01 -6.185936170705892412e-01 3.209609857687470980e-01 -4.557901782928402423e-01 3.528991003120237058e-01 5.918580335776641999e-01 8.054953348818295611e-01 7.069513885704883371e-01
1.489024646927370743e-01 1.206392235469307961e-01 -3.855215811394921976e-01 4.049583962018367123e-01 3.947867345922158044e-01 -1.069332050777805354e-01 -2.524319964423034079e-01 -4.294616365064177210e-01 5.158501265882680098e-01 -2.689268090452897608e-01
2.778322973665340312e-01 4.412732874317866205e-01 -2.004998280272836386e-02 6.552933675981252870e-01 -5.666240584352425502e-01 -2.937971465678941296e-01 5.538070696209860255e-01 2.539096582246763156e-01 6.821826088172771030e-01 -2.664749446862208493e-01
1.865282582321296234e-01 -1.423810456521771850e-01 -1.928612317203061075e-02 -2.650720276974520215e-02 -1.182333605359400103e-01 -8.255591566841835593e-02 1.400630990035537926e-01 -1.130468374419172084e-01 1.014803627638051209e-01 -6.200516607462278756e-02
-7.222568226447572889e-03 -2.853763935423168224e-03 8.444699284538532968e-02 -5.068771920918787970e-03 7.849656443084093715e-02 3.024203536898375025e-02 1.086125922603546623e-02 6.439279370956303705e-02 1.513395188544646927e-02 3.983143720400272175e-02
-4.455954221580439856e-01 -7.467110690959818387e-01 -4.072237379547224284e-02 -7.939377175711651580e-01 7.014862558007439741e-01 -6.939198908194932347e-01 5.530551734605365644e-01 7.123340556223929365e-01 6.743070086269082886e-01 2.296975519910005037e-01
-4.801352181161705479e-03 1.619567750514529780e-01 9.651926656103176905e-02 1.737985497021393710e-02 -1.465011831654443840e-02 6.754924065275082906e-03 3.709788698934941148e-02 1.879426312390056544e-02 8.118494126099547181e-02 7.884280427225096033e-03
-5.348083964487672093e-01 6.800718918392972823e-01 8.286307026905133377e-02 6.851919138536212150e-01 2.255261452544900791e-01 -3.245039476288594793e-01 -3.837662090114652425e-01 3.200908184947099389e-01 -6.045739353974789454e-01 5.596112621196143166e-01
-6.975822122081623555e-02 5.904847800243901990e-01 5.493147568877432274e-01 -5.611997260677000776e-01 -2.799507113617188958e-01 3.677277841441296546e-01 -4.133390377244248182e-01 7.202177530461955079e-01 5.175574392889759068e-01 -1.894590398905003914e-01
5.641046648853557076e-03 -4.034354397753162416e-03 -1.164466241104550326e-02 3.752845893469865246e-02 1.095856953358621683e-01 6.430196344255720287e-02 1.353259038127380652e-02 4.618524160776375787e-02 4.062602711465278932e-02 8.347898211330265217e-03
-4.287342327328993313e-03 1.206877455495181384e-01 4.473533147991112791e-02 -3.582291421498476347e-02 1.900337998335899226e-01 2.858901908248730195e-02 -2.293672848086609345e-02 1.208305354012823712e-02 2.665703693856285791e-02 3.993759136284861372e-02
3.422647379282752200e-01 -3.188770102255160110e-01 5.955142408386264741e-01 1.864058308689369725e-01 -3.493784627232751627e-02 -2.090144218303805201e-01 5.402649715127538776e-01 5.067657218508954120e-01 -4.532631414811573167e-01 4.087002537854319550e-01
-4.213498488859937496e-01 -4.420645959804742064e-02 4.404981468702524605e-01 5.789792664636451702e-01 4.677293459989156910e-01 -4.545348537023196078e-01 2.075125303701813029e-01 -1.357610619106313643e-01 3.156860026055988699e-01 -1.272960330439771304e-01
4.145926744416855159e-01 2.024953044884678366e-01 -4.652219901659369050e-01 6.349659536342138200e-01 1.742875256235932591e-01 5.296108188112389620e-02 7.443999090677064778e-01 -1.598688286006440529e-01 4.120504441473978319e-01 2.895990506441578627e-01
3.109313841005920676e-01 -5.498831876977434696e-01 3.644202854364966271e-01 -2.359808148141684936e-01 2.923347475616759339e-01 -1.800428812572728576e-01 -4.541620880658724935e-01 -1.671432064727984834e-01 -2.016238501584038112e-01 -6.815653142674767961e-01
-1.649297689969273862e-03 1.396610838827219182e-02 5.885844306183847519e-02 1.771482140145910766e-02 1.665734229200410005e-02 5.538216908644063435e-02 6.200682367102764748e-03 6.446535788264017627e-04 2.064076450503157800e-02 4.203507712177453892e-02
-3.760429030987449961e-01 9.351440320061570055e-02 -5.174434914313258416e-01 -4.408494869739213451e-01 -1.484711782519229119e-02 1.841096562381022150e-01 -4.619726327032760288e-02 3.485519248558887617e-01 8.954393275182929990e-02 2.415345886610887616e-01
8.297674729483166534e-01 -5.337672720174745367e-01 -7.693720598582776127e-01 4.700892764392709533e-01 5.960069643456800126e-01 3.149311555074293389e-01 1.115673325823651613e-01 6.657051869233320263e-01 8.042207107649873565e-01 -4.411909261979020669e-01
1.315613974469119745e-03 4.145712394327395744e-02 -5.876043646761478501e-01 -4.763393686301711782e-01 -5.774699711552133685e-01 2.848238986597723121e-01 -3.635256466439936718e-01 6.725881134175628606e-01 6.689348207269753266e-02 1.283045435465533096e-02
-2.937710058122986953e-02 2.161943616774518739e-01 -1.256079375687886024e-01 6.039157256902966120e-02 1.895934143237693048e-01 -8.349537070111395787e-02 -1.752533766038310292e-01 1.134072790122492985e-01 1.273699777921117604e-01 6.235852939962197722e-02
-7.435428150218812218e-03 -5.468531187494853757e-02 -2.291571941883728258e-01 3.531950163469879111e-01 -3.955785778831688027e-01 -2.670072776482339261e-02 1.673704381544675601e-01 2.111059252210122639e-01 -2.942945620569477061e-01 1.618584249500880090e-01
2.702258159374749669e-01 -9.014979873490350237e-02 -1.979723713256681117e-01 3.950001007333338587e-01 2.583766889066554384e-01 1.609306711827808989e-01 2.017216414656116397e-01 -9.017193815680482616e-02 -1.224470921822451569e-01 -2.120842051559898300e-01
5.471087475600255184e-02 3.989764459425854115e-01 -1.773210431282604693e-01 1.640533006892448686e-01 2.432216292325587725e-01 1.243807787870670201e-01 9.757092857850906131e-02 -3.229989716550005913e-02 2.341722583686052239e-01 -6.732796945301035285e-02
5.222542260971357875e-01 1.115893590962819815e-01 8.166423782589843361e-01 -8.842738956171787290e-01 -3.956940618021480560e-01 8.720080519998800461e-02 7.579951550358533519e-01 -7.725790018215549226e-01 -2.090903600139194796e-01 -8.073616489511084016e-01
-6.267178264335463433e-01 1.823623393458695674e-01 1.325414710397156137e-02 -6.648449401114996105e-02 3.358758306467124477e-01 -1.314212589775627660e-01 -6.816316009231491169e-01 4.604919959532547957e-01 -6.511354314474619986e-01 -5.961713184423140799e-01
1.071620392592081798e-02 -1.854683603443490342e-02 -1.667798947193507159e-02 2.404920227880594508e-01 -4.792485601907992554e-01 4.080186176147271859e-01 -2.014986491375509448e-01 -2.459107766785821256e-02 2.134201900759700732e-01 -1.154093610596898939e-01
1.707652824645461420e-01 -6.254368098607192561e-01 -8.071125517522808046e-01 -8.183779085564700517e-02 -3.100831280703956749e-01 -7.991827841371709207e-01 -6.671420074928239297e-01 -7.252860354567499668e-01 8.635605256863284618e-01 -5.173971082117637676e-01
3.677501982574012396e-01 4.725439320417878508e-01 -4.058166526887393988e-02 -2.680057333125481223e-01 4.402907341097763161e-01 -2.731137417590063787e-01 5.120790613762589150e-01 3.508285721815206371e-01 1.541460600506846801e-01 1.383292246016322447e-01
-3.188435689429119924e-01 2.924869642798768044e-01 -3.613596640593184223e-02 3.174002441329462632e-02 -6.891106342170253418e-01 -2.335820278911132086e-01 3.331282185845733101e-01 -6.512824639669968496e-01 3.844067966291507821e-01 -5.871398365137928089e-05
-1.699889514490517117e-01 4.723920669273085626e-01 6.103909248370725793e-01 -7.404127583480228647e-02 -2.027787770022979330e-01 -5.376615816235058576e-01 -2.577261854896364945e-01 -4.016499529735647611e-01 5.155887302908671588e-01 3.535166339652830447e-01
-3.802339184990971011e-01 -5.362047765020935275e-01 8.693396095408448820e-01 6.504506911855783002e-01 5.090296322921321615e-01 -1.410436884357472165e-01 -6.745775316958069201e-01 -8.365607484206569189e-02 -5.760756263953041856e-01 -6.630669666800663720e-01
-6.687015292303279124e-02 -1.096941901991270313e-01 -6.901744547927516349e-01 3.332053869804910140e-01 -3.807904753300275780e-01 -5.752106379940781222e-01 7.954124717786074106e-01 -1.531258368785216872e-01 -1.317057764052555757e-01 3.563780881110401033e-01
-1.494487372205867970e-01 6.055716336360035257e-01 -4.883543785863478370e-01 -6.682112794269480238e-01 2.552082445776145958e-01 1.322123815315510431e-01 -4.432346742678402313e-02 2.601564377565590558e-01 3.158364283043181286e-01 2.462461830221435999e-01
3.088647502917138965e-01 6.332771554163796335e-01 -2.220463878780966904e-01 3.519539292912684525e-01 -6.075905667911435382e-01 -5.776017541128698474e-01 1.101223202543922808e-01 1.916080039503672561e-01 -1.172004353828840495e-01 -4.398304268687572294e-01
-3.441960700817205121e-02 3.201298724799364614e-01 3.504276510513273934e-01 3.130422180056037784e-01 5.172450432322733826e-01 -2.777740216450790278e-01 -3.696470467179547303e-01 -5.279900983867785030e-02 -5.640610170239096499e-01 -6.216736916551074410e-02
-3.545594760656465838e-01 5.874122195828080928e-01 2.763199491755073400e-01 4.279096732078672138e-01 3.978568480296402199e-01 -4.541400849296045039e-01 3.549229438559510785e-01 -2.563626545134363166e-01 7.149303944183856840e-01 -4.215988015245123455e-01
1.019110681722669998e-01 5.568352427709172964e-02 2.877562185881527013e-02 1.117810164703417382e-02 -8.149297552609862175e-03 -1.829049153266740224e-02 -1.274774442148950268e-03 2.148528690625601256e-01 -1.216162469425705918e-02 -2.778297890683288293e-03
1.127167897295268950e-01 -3.301975690551033071e-02 -8.100631024750849438e-03 -1.423299982363588900e-01 -1.717993289360574272e-01 -1.212205059179968965e-02 -4.068797097381397776e-02 6.525207619071334009e-02 -1.030023037714633272e-01 -2.425815047604618357e-01
3.823458133721726604e-01 -5.486868162317566355e-01 -2.848998083053987940e-01 -7.030274570490889774e-01 -6.899383302104879212e-02 -6.919670399528371485e-01 -2.040921182919570309e-01 -6.344625536604047156e-01 -2.098144971511610446e-02 3.151131617698239018e-01
3.538108182803779977e-02 -6.411690360651958742e-02 -9.469574492036003655e-03 1.870115892003753515e-03 1.843728220540131746e-01 -1.439561139927109101e-02 6.488878242372927985e-02 4.687730062219601368e-02 -9.525366237475992384e-03 4.965852973628569200e-02
1.147829826742445547e-01 2.432201529543017160e-01 -2.922948857818206611e-02 1.302934994944881242e-01 -3.967456103144995083e-02 1.464402213958914956e-01 -2.553032891791294223e-01 1.701172400530372997e-01 -6.351666035663205631e-03 7.133578951710371763e-02
-3.783499466831838909e-01 -4.030887063096260520e-02 5.790831536186272777e-01 -5.131359565707634129e-02 -2.524264368516922485e-01 7.094365798609594265e-01 -3.177418493196552673e-01 -5.152326134782978517e-01 -4.078225696145711954e-01 5.450870432171530666e-01
5.803698500199494514e-01 -7.535974847017914979e-02 -2.596636765378713685e-01 6.618551764783717761e-01 -2.619432163902938315e-01 2.617169883118436458e-02 -7.756050782839556401e-01 1.503443320814795148e-01 -5.354940617136364489e-01 7.418639967122622192e-01
2.363746344865287896e-01 1.591866867319310097e-01 1.358373071556890840e-02 1.102167736491743294e-01 -6.732831624519468317e-02 1.013616892668707525e-01 4.974529722001602705e-02 4.587348067330065254e-02 1.078598213174667836e-01 1.288753890439179595e-01
-5.198666310854838102e-01 -8.461883080768226595e-01 1.559334034234916566e-01 6.036434604723062147e-01 -2.753871986272658501e-01 5.896311309860708949e-01 -8.403246969295550262e-01 -6.977804963572949160e-02 -6.876886338504377694e-01 6.391894344285351526e-01
3.926460521604783344e-03 4.264805576581593110e-04 1.231584688529666419e-02 -1.426727669164583323e-02 7.717395195628780347e-02 7.154066677997013290e-02 -5.879225893107090962e-03 3.977878423254536944e-02 -3.767250972989030083e-02 -1.589127365203049300e-02
1.980195226259831298e-01 -2.350411164007962517e-01 -4.371244463715411310e-01 -2.993804589803167326e-01 4.346480259528470169e-01 3.660134877385942676e-01 -2.097147839009325387e-01 -5.267042143341686966e-01 -5.148977315181285652e-01 4.885060906657220925e-01
2.758696213232797456e-01 -5.038706452566814598e-01 -2.062578695216323726e-02 -3.353602115019529983e-01 9.800037264567135198e-02 -2.891347358388629551e-01 -3.810307849868235786e-01 -6.190251182245418843e-02 8.999631777250978112e-03 1.760913763357732087e-01
-1.047549551018456537e-01 -2.695551284684216120e-01 -7.426516553677346699e-02 6.389497527955020906e-02 1.922850634531687308e-01 2.020591557320656206e-01 2.201359491681076086e-01 1.818908373643336462e-01 1.132247096992376051e-01 9.405312674042839993e-02
-8.559815924262031972e-01 4.488713051762538431e-01 8.837078499553460698e-02 7.403469583028001733e-01 -2.688914297337964832e-01 -3.179597689709502961e-01 -1.515053631686103797e-01 7.619819193867656271e-01 -5.128062354898730441e-02 1.400923706782872813e-01
-2.410684376860702249e-01 8.390371381649930349e-02 5.650982764788738955e-01 -4.027690799661526322e-01 1.992177561913086870e-01 8.061641350189163724e-01 1.950645147973170679e-01 -7.680359021948878796e-03 3.365385456318198965e-01 -4.146348439968971511e-01
1.076271380542591707e-02 1.069826525616313501e-01 -2.263370912658543149e-02 -8.075114780421630001e-02 9.699137621104167439e-02 -1.452275484164594344e-01 1.055513095436250992e-01 9.267400832174726988e-03 -2.147259046839696071e-03 -9.118904529475328757e-02
5.686972639200425783e-02 2.481566412649614112e-02 2.043709447712149518e-01 -1.685291828433373162e-02 -2.085348720634422684e-02 -3.956550035018403105e-02 9.935305615336328944e-03 3.192901516079025420e-02 -9.994900140707993486e-02 1.865562117634870024e-02
-2.850216837965887096e-01 7.618117307934747506e-01 9.132769884379818848e-01 -6.195944731836725561e-01 -1.047312340053462715e-01 -2.449609417891571717e-01 -3.178562315003521932e-01 -2.267502585531511738e-01 6.787397408510338348e-01 -3.962848433339953291e-01
-3.373335552024413486e-01 -4.367362685455795090e-01 -4.450609690346880032e-01 2.738846448444205439e-01 -2.331543255991152530e-01 7.290566295314326872e-01 -2.079664943235854935e-01 -5.147352758514811555e-01 7.483026092389505335e-02 4.376686591708449092e-01
-5.075727252253819932e-01 4.419325873535320248e-01 5.393659569692798028e-01 -3.210431469712439201e-01 -1.554523173944586667e-01 3.177172178715683692e-01 -3.198844792448561902e-01 2.311346295938616902e-01 -5.810001711156131954e-01 -7.117514338271846430e-01
-2.340703990685175095e-01 -4.525235144687632660e-01 -6.237079744803565307e-01 -3.826044581854317617e-01 3.782225276761931876e-01 -5.358843115598330709e-01 4.713770863668940991e-02 -3.165878701415199559e-01 -3.662189106920125670e-01 1.457651683049060454e-01
1.055227699292522608e-01 -3.863026556464403682e-02 -2.280184832969004982e-01 1.570636932846000422e-01 3.424821014081524256e-02 -9.313006373269919203e-02 6.485088533698905866e-02 1.648983741563098127e-02 8.916203635717949438e-02 -2.048741010432886256e-01
-2.532914304853069454e-01 1.633083143045951369e-01 1.974964012538011626e-01 -1.448667539259209380e-01 -5.743440611968265719e-01 5.610301324666362444e-01 -1.215724243065782889e-01 4.363756228863953091e-01 -1.755368294111261940e-01 -5.468776116806000065e-01
6.859483773385594008e-02 2.822455370796514776e-02 1.701955880984782482e-02 5.867318222224687796e-02 1.049164619340643839e-01 -1.884188746076467802e-02 9.039980339347660626e-04 3.242089444675293891e-02 4.843011944025470139e-03 6.134686637391602478e-03
-5.654071303126150250e-01 -2.821202763810809477e-01 -4.560731727221288834e-01 6.325357775641371472e-01 -4.841079786597669576e-01 6.904402428039276840e-01 -3.439943313715502216e-01 -4.547327345387073838e-01 4.821560215735671284e-01 5.615179999463955074e-01
-5.399115039108686176e-01 -7.971668111904517406e-02 3.621229212867519420e-01 -4.025290242450635034e-03 8.202559260170660949e-01 -2.675282376201427725e-01 -2.277248265145635220e-01 5.789969105793539850e-01 -2.556255392080900579e-01 4.227253646068183657e-01
-3.778988894126343590e-02 -2.452676302210898135e-02 3.206464504703685631e-02 6.059920089299717511e-02 1.724204417165762712e-02 7.423790137858356231e-02 2.173572713789574326e-02 -1.459862553534431277e-02 1.816284678867992244e-03 1.184614425073263755e-01
-8.763777013720747133e-02 2.304626700447572341e-01 -1.989245621087346039e-02 6.567426110846172338e-02 1.512159351296252507e-01 5.440284286882938330e-02 -1.220672793689509955e-01 -1.332858932070468405e-01 -3.968522413624493705e-02 -5.440932608557095401e-02
5.542487545784528270e-03 -6.860791861616598319e-02 1.548512914169742835e-02 -1.644227602167811220e-01 8.417348724894141432e-02 5.899530798927367370e-02 -8.169434238575859486e-02 -2.111861465817510275e-01 -2.667087650075420369e-01 -5.193546514479334686e-01
5.177048530411705318e-01 -1.005113718706990567e-01 -5.260310941488832714e-01 -5.593389912814215048e-01 1.223504718160332849e-01 8.617313525676112418e-02 -5.120685190070782822e-01 -6.816828892355225600e-02 -6.182419760552295696e-01 5.103527342984995885e-01
4.609896722171921146e-01 -6.362138515196033017e-01 3.782776166139282248e-01 5.747226623246641797e-01 6.291678891689874709e-01 -3.057013155039467467e-01 4.008926286779159742e-01 1.720307584602971396e-01 -1.274744246930061518e-02 4.826322220518037276e-01
4.188956502293038620e-01 -4.461396656012432960e-01 -3.764350331406249306e-01 1.653960925056056630e-01 -1.396373918791014856e-01 -4.134185709783901874e-01 5.023495768402569395e-01 4.220784682437072610e-01 -1.273740976442673534e-01 1.118138498096710870e-01
2.125820415414404752e-01 7.906207600467018981e-01 5.095673300195071587e-01 6.025118618485811872e-01 7.222737893186251812e-01 -8.031504300759133574e-01 1.674390876923820826e-01 7.928688551108132865e-01 3.089495359496274851e-01 -8.702827180595354983e-01
2.611123322292840387e-01 -1.124335613772451947e-01 5.047155437091303820e-02 1.321021273614068625e-01 -2.064417717712688782e-01 3.408638421369524774e-01 -2.996663752295842392e-02 2.481102948034926425e-01 1.366383181545987313e-01 3.487620231364790269e-01
4.322786995977759283e-01 -5.374905010006243433e-01 5.566587530972034736e-01 -3.542237481278404099e-01 -1.776600212664234124e-01 -1.609439757654881065e-01 5.568042721360145775e-01 -4.452731487659266629e-01 3.266839997901767045e-01 -2.321057602391841113e-01
6.766387347234890104e-01 -2.550036001543870556e-01 -7.074584532560286299e-01 8.932583712407800025e-01 8.626010642852723065e-02 9.341072077569158028e-01 6.929450204352914922e-01 -2.708447988666320971e-01 -9.290677505436950590e-02 7.890342439403916774e-01
-2.192512412638808472e-01 7.405856234652524565e-03 6.530399796672428647e-02 -5.206127881922359979e-01 -4.261912408050507195e-01 -2.380743572025717514e-01 2.158606075886877751e-01 -4.028188168551980475e-01 -2.951169759222163069e-01 1.425322075797606780e-01
4.838388574105779191e-04 4.835709662563597577e-02 1.490696476575589617e-02 9.585669846615364753e-02 2.830221897353651407e-03 7.984944800472375259e-02 -4.001760306387721982e-04 4.977979145500480151e-02 1.018173098739858645e-02 1.344949050112352607e-02
-1.265508392367138968e-01 -6.034147305773747139e-01 2.757827925188297002e-01 3.313178251511233324e-02 4.916509752293211077e-01 -4.561279857543463767e-01 2.473620568635828132e-01 -3.983818973830384191e-01 7.145875257639024980e-01 4.417587033382116002e-01
-4.830567035130265974e-01 6.761407111424295735e-01 -1.035377819300973418e-01 -1.625800373203102611e-01 4.553143362469704303e-01 5.135788206268315781e-01 2.686541546039353245e-01 4.593866837617773813e-01 -4.624677647615386133e-01 -3.979793841551084177e-01
-6.353413799909998771e-02 -4.108528307389721634e-01 5.359362960865462350e-02 -5.857061523210134457e-02 1.498477775805390766e-01 1.824401992137654471e-01 1.125961821209288255e-01 4.062544538044277065e-01 -2.676939101244222297e-01 3.239545549321090623e-01
-6.774086798605100102e-01 3.952154602687478757e-01 4.481628712030876205e-01 7.199214380439752370e-01 1.306621114822169860e-01 5.890212759565870426e-01 -1.913523184005083699e-01 -8.453247227855667512e-02 7.054182270544337996e-01 9.197277200002330899e-02
-1.490413854617310963e-01 6.238626768387676158e-01 -5.614666429903980571e-01 1.914829559800363679e-01 3.062896882570603219e-01 4.264408575898713805e-01 3.999850354166644695e-01 1.154914662171799972e-01 -4.287689424310706099e-02 -1.581523271380508855e-01
1.030688715014114847e-02 -5.120024152519296601e-03 3.195776517527196964e-02 5.394364283002660992e-02 8.131985800354167571e-02 1.671201421926930136e-02 9.676701352475822193e-03 1.010872042193417947e-01 4.451164897749026322e-02 4.421080630608156120e-02
-4.907779599674876314e-01 5.994502277570006310e-01 -4.901163089209578660e-01 -5.618474828487048101e-03 5.723059407302281132e-01 -7.475793266632531076e-01 -7.993271172116758194e-01 2.622094526362138134e-01 -3.389500986746217248e-01 -7.029647706665450579e-01
-2.113709383802643282e-01 -1.540874607641813665e-01 8.019623239881143451e-02 1.385185022494475615e-01 1.404582165469339117e-01 -4.120523121817499246e-01 1.103285433491654755e-01 5.763097169370591244e-01 2.046381285389286542e-01 -8.217274279485081712e-02
-5.440169133676044932e-01 1.966477057315629551e-01 -8.093191292608626908e-01 -3.328363029104577375e-01 -6.751965002235408297e-01 7.877407889649797046e-02 -8.323327831630311646e-01 -5.071795786928758876e-01 8.004609116488858866e-01 6.869053035160608278e-01
4.209500309694012843e-02 2.412395782689083501e-02 7.732632248107708384e-02 -4.037377576084084929e-02 2.047738940691886528e-02 3.825378970901796571e-02 4.149952532484490336e-02 4.659097870512511619e-02 6.719037862311397170e-04 1.948467903319952080e-02
7.431030247211280193e-02 -2.028442455319802717e-01 2.923639083614072431e-01 4.332557875773915268e-01 -4.830330328521087457e-01 1.867006508914626495e-01 2.238154006027872900e-01 3.783627747546967901e-02 -4.937190967793198548e-01 -5.551500384351808481e-01
2.026152731873483437e-01 -1.078604249219218825e-01 2.039382839279856030e-01 -2.616859692407769514e-02 -1.896600771723780665e-01 -2.201346573718576671e-01 2.267546354658988295e-01 -2.298436358349769948e-01 -1.013754969954114432e-01 2.676897832665609545e-01
6.965859648391934389e-01 -4.799506730105284613e-01 4.768045794935635850e-01 8.245667380333437935e-01 6.134300886455722468e-01 -3.286278903508429994e-02 5.271073516349531474e-01 6.936987051722162123e-01 5.925119139567693871e-01 1.054213138669101713e-01
9.713914197520111260e-02 1.149696227277087895e-01 4.740283589345253845e-01 -1.431486266824428533e-01 1.858588714413984266e-01 -1.967462947368120163e-01 8.829129723458666035e-02 2.645634127785093104e-01 -3.720280215331387974e-01 -3.558978267293126940e-01
-3.568843529205442677e-01 1.337308958428547745e-01 3.852047566775717580e-01 -5.816048523000207915e-01 5.703597573320466907e-01 -1.207333032964705705e-01 7.210827805427112436e-01 -5.607879822594825647e-01 7.488308026994075495e-02 -4.131639283548992070e-02
1.539750040206275816e-01 -2.130339335708395510e-01 -4.065912083975439240e-01 1.191536774724005592e-02 5.086014068164455143e-02 3.388704603868916004e-02 3.719402473418397803e-01 3.749818421308214744e-01 -2.805824312540759757e-02 -4.784339031850982638e-01
3.043748956155502561e-01 -6.138801066407287843e-01 -4.679977662216890932e-01 3.029250841923020188e-02 1.540903806725625602e-01 2.915344939372409017e-01 -2.633583462618172000e-01 1.998561160410929072e-01 -2.633040746580171954e-01 -4.027198762271152477e-01
-3.649545183605867188e-02 3.795698826668811310e-01 3.163662039743573295e-01 1.805817568791179550e-01 -4.905367196717357742e-02 2.229331579196406066e-01 -3.217108617697196915e-01 1.829385759732820027e-01 -6.712194243441462187e-04 -4.136944798911968424e-01
2.500773847161785746e-01 -1.879725462047945606e-01 -1.561968344238402195e-01 4.513951882879009281e-01 3.865315085682561325e-01 4.693687188122716014e-01 6.905113111681061566e-01 -9.483117050694893357e-02 -2.885876975708028813e-01 3.426025865472476228e-01
-5.087955093516870475e-01 -2.094049361680615229e-01 -5.616375253400197887e-02 -7.255040387687134926e-03 2.659453018283389758e-01 -2.236878534593168544e-01 3.128903574175987724e-03 -1.823885068541064580e-01 -2.860273562511657097e-01 2.358920535195535018e-01
-1.325966309463658954e-01 -5.557923367348972798e-02 -2.010541701308596607e-01 1.811018582460556803e-01 1.564926595840461232e-01 2.227819740211701149e-01 -4.799566912705417049e-02 5.669835350659701428e-02 1.516350119570821636e-03 -3.184848777407187775e-02
2.091880289255482472e-01 2.434987435088668550e-01 1.702115987567378308e-01 -2.130926421056968112e-01 -3.638807363616304857e-01 -2.433993341296145918e-01 2.402017222161668408e-01 -3.065779339510615875e-01 3.482678028603902742e-01 6.454649987970226266e-02
-1.975488653180353178e-05 5.352933828474302214e-01 -4.410903554153873252e-01 4.749481786335640887e-01 6.461661124130074763e-01 1.768737784890459519e-01 3.234138710920454463e-01 2.757328153277222027e-01 -4.688935579083562954e-01 -6.461543746901725616e-01
2.796767561311563899e-01 -3.683060486414146406e-01 -3.848269993037757852e-01 -2.308097830966268083e-01 4.672868517744144246e-01 -4.030824812715730343e-02 2.079303465802432790e-02 5.133144459499510148e-01 2.600221179990654385e-01 -2.422669703497013771e-01
-6.536512242315595245e-02 2.960906812117488074e-01 -2.507726948708051684e-01 1.818316720490902594e-01 -5.113660802730424226e-01 -1.680199076782135648e-01 3.094493318269784243e-01 -2.796876756932532571e-01 6.665846658705332217e-01 4.493251951502478803e-01
-1.747849861810532330e-03 9.137841233377450023e-02 2.077382632391041872e-01 2.012130751547529794e-01 9.079229364787297363e-02 3.473493538786838197e-01 1.666787934860670395e-01 -1.097217317980969942e-01 8.455235708973288244e-02 2.472838537074828202e-01
