6.295678845021787096e-01 -7.970761674376596329e-01 -1.149106805882588317e-01 -6.200513590301683919e-01 3.227900027742431344e-01 -4.555563289613005495e-01 3.511736311414687672e-01 5.925787561567964490e-01 8.040372739047463302e-01 7.081407188895849636e-01
1.495143193122217551e-01 1.205853599016264155e-01 -3.885769225863757725e-01 4.038823128781566796e-01 3.959285637517584999e-01 -1.083211567851861262e-01 -2.521460470216386751e-01 -4.318099668398158175e-01 5.164816581857820665e-01 -2.684229795684406339e-01
2.790780295928976251e-01 4.417549232266053116e-01 -2.004549565508707831e-02 6.564098361931597347e-01 -5.674715084500395745e-01 -2.937087015003385648e-01 5.555253963796190630e-01 2.500837536412790496e-01 6.816107837648996970e-01 -2.662807688649557192e-01
1.580021246922613531e-01 -2.179266280422335889e-01 -6.243309114404626409e-02 -6.228110879866722432e-02 -1.740565167864995266e-01 -1.945164424937827208e-01 2.404774187086085313e-01 -2.069796385448823828e-01 1.729826148239872186e-01 -1.111154676696346350e-01
-8.552439248411464797e-04 -2.451289702797598922e-03 5.090849675269495944e-02 -1.173010116152626257e-02 9.388567899448505005e-02 7.828218540038504869e-03 1.842088010052033223e-02 5.316927497403237113e-02 3.406643106676131467e-03 3.195294237088483480e-02
-4.455950354073562880e-01 -7.472226809328461616e-01 -4.071258278970208561e-02 -7.938286303353960793e-01 7.016616943698652520e-01 -6.937921674606208899e-01 5.531244577954194108e-01 7.117951872302199501e-01 6.744331672111714138e-01 2.297516436513261096e-01
-6.436452666361521142e-03 1.516173382075527432e-01 5.062271140148789927e-02 6.754551936788746533e-03 -1.469978060267452744e-02 1.178063702129273499e-02 4.182108898888917820e-02 -1.133263186087648785e-03 5.000446489476340073e-02 -5.386073219573275263e-04
-5.350149389589060611e-01 6.805158117092759973e-01 8.030256520632989004e-02 6.857383297324102234e-01 2.259447265418123851e-01 -3.245915116315682969e-01 -3.839362391768940674e-01 3.203479192892497718e-01 -6.048811276914306534e-01 5.600101658402304450e-01
-6.923542847587185745e-02 5.907038792105818725e-01 5.503201253685005012e-01 -5.605504730939501190e-01 -2.789181105643677716e-01 3.699010320292625553e-01 -4.190533302438166907e-01 7.194040813962265801e-01 5.171044103427796523e-01 -1.896310062335336277e-01
4.963466455054049709e-03 -3.091382765764104194e-03 -4.213999088912244277e-03 2.078934254477930038e-02 6.690904231562849747e-02 3.942002835066045485e-02 6.526141150458561468e-03 3.545754694568020726e-02 2.465006287545145822e-02 2.070347404732298183e-02
-2.484801100835124996e-02 8.172090245657767649e-02 8.217776680167181158e-02 -1.007040219230104783e-01 2.423929376101727207e-01 -2.043285173802205420e-03 -3.372087899159251917e-02 -1.317689580925601386e-02 2.627202577212792156e-02 4.931638942213321247e-02
3.423259240472462106e-01 -3.189195372624155644e-01 5.943738662698069275e-01 1.864354883237676619e-01 -3.494031673594090448e-02 -2.090430795410591069e-01 5.403429806631501187e-01 5.067475670681184097e-01 -4.533276450391347523e-01 4.087614397935057653e-01
-4.237109783205401659e-01 -4.339018361354823189e-02 4.439336271936773493e-01 5.828428142049829619e-01 4.656505443162342051e-01 -4.644308337106867191e-01 2.075401474823245218e-01 -1.352490170025660576e-01 3.168326046057403089e-01 -1.288462509666976619e-01
4.182856339013610869e-01 1.991474511667371550e-01 -4.644910287310151653e-01 6.381083496808618305e-01 1.752116181427834651e-01 5.404625611626056453e-02 7.428802055827850026e-01 -1.631506928320163308e-01 4.115878470011058998e-01 2.866792219690237897e-01
3.107608908792898195e-01 -5.500372179910851811e-01 3.569610758896593627e-01 -2.368557431821649295e-01 2.910363382869129434e-01 -1.812765968225791280e-01 -4.555988360941032322e-01 -1.671318042414038918e-01 -2.007962419841696489e-01 -6.849844253953073503e-01
-2.554401431122621090e-03 1.830127218869446321e-02 4.447189214131467422e-02 1.447711048323092539e-02 1.407395704545132999e-02 3.736997622568304089e-02 6.225405771820734756e-03 1.597637320752817161e-03 1.465285658324768855e-02 3.389093777567694921e-02
-4.257214624062811148e-01 1.049186538267068980e-01 -5.602684660702519359e-01 -4.819668053161940691e-01 -1.051150108699539822e-02 2.117250944772889609e-01 -4.078058080420625398e-02 3.675960922291675037e-01 1.000098787150855290e-01 2.428739969791990638e-01
8.297693588441726886e-01 -5.337684851639514783e-01 -7.693738084874138794e-01 4.700903448583728661e-01 5.958565521464143089e-01 3.149318712830898037e-01 1.115675861526447682e-01 6.657066999383565165e-01 8.042225385981518482e-01 -4.411919289368215757e-01
1.653889225148021938e-03 4.211238776752138091e-02 -5.905164568169825046e-01 -4.773230963203422550e-01 -5.786757580056857142e-01 2.857126283837007064e-01 -3.643314426097554737e-01 6.681056945898846688e-01 6.729472913874959272e-02 1.283828453727689153e-02
-5.014343483111577404e-02 2.582720673215035401e-01 -1.395147284487733286e-01 5.868871866697858430e-02 1.849118989983940531e-01 -9.327465060954819032e-02 -2.203961255777202588e-01 1.570842105263041966e-01 1.574657546813907905e-01 3.086735448238028812e-02
9.337380335749579556e-04 -5.527789585055951915e-02 -2.442471621218057776e-01 3.711792075265780144e-01 -4.157815754442805711e-01 -2.539851900099182255e-02 1.825295077611272243e-01 1.846407070209414580e-01 -3.145890136324658304e-01 1.798197637207568367e-01
2.812664897276094256e-01 -9.437409208302581509e-02 -2.437440835614585743e-01 4.082466830505998567e-01 2.703261161347156882e-01 1.665162471575898917e-01 2.153752700694472888e-01 -8.745730920591096580e-02 -1.279774511233661982e-01 -2.138195835917794108e-01
6.139244716501894572e-02 4.317603505649642015e-01 -2.210325228971962153e-01 1.779819681066975856e-01 2.636748053398389469e-01 1.359673630934316590e-01 1.051172108122082893e-01 -6.792322457341182229e-02 2.528754093666923386e-01 -7.163329428782744257e-02
5.222946149437004415e-01 1.115063751514255852e-01 8.166549617779492731e-01 -8.842860958288717432e-01 -3.956473924616187854e-01 8.722622695077765498e-02 7.580345270131425561e-01 -7.725663155300334095e-01 -2.096379903606833683e-01 -8.079041696662977445e-01
-6.274882256616685083e-01 1.828630001915234615e-01 1.169517965133188252e-02 -6.583699193061302857e-02 3.367628197897564735e-01 -1.373809892362196083e-01 -6.834660350059021949e-01 4.643558500097700881e-01 -6.524870130431973392e-01 -6.030179459222805294e-01
1.181526336098533483e-02 -5.168287822980845853e-02 -1.643195591926480473e-02 2.523600644507290602e-01 -4.953042937036787885e-01 4.306332285705477547e-01 -2.101442257414301573e-01 -2.465941741943298085e-02 2.239239248626223866e-01 -1.170574015164585341e-01
1.709644462856561298e-01 -6.255162927656569005e-01 -8.097570868581164261e-01 -8.167195475942641558e-02 -3.101287445332124304e-01 -7.991111222767376399e-01 -6.674075053210924979e-01 -7.254347825390611293e-01 8.640653889448643987e-01 -5.172054494302176231e-01
3.692408507925383776e-01 4.745901745240121983e-01 -4.061338193820076409e-02 -2.685481447133467037e-01 4.389014168578722064e-01 -2.814446371783956291e-01 5.144061906940466944e-01 3.525523581204212942e-01 1.550985427081958967e-01 1.386473710021091654e-01
-3.190430246772750777e-01 2.879510944384779947e-01 -3.527575156753828822e-02 3.086832640819983306e-02 -6.908892337628916858e-01 -2.412874923541732941e-01 3.284550873354433187e-01 -6.540970424908161274e-01 3.866672173508535759e-01 1.188672502241429644e-03
-1.738622876329498357e-01 4.794803627403818602e-01 6.162158347005883829e-01 -6.953300659618476265e-02 -2.253073828585605010e-01 -5.426053353919519928e-01 -2.598277262788434849e-01 -4.148943494448792957e-01 5.227427192902784903e-01 3.637232139521422991e-01
-3.793014152223964652e-01 -5.436118177294175791e-01 8.690638235992871330e-01 6.491280700141254245e-01 5.115079739174278606e-01 -1.406647134085765860e-01 -6.773115908514277805e-01 -8.296144834407838398e-02 -5.795721632957082647e-01 -6.625305641415154545e-01
-6.632857069306136166e-02 -1.100033775639477768e-01 -6.928444994601815621e-01 3.340918056066611297e-01 -3.807626253253345028e-01 -5.831239808095540766e-01 7.992539082626410885e-01 -1.505807277888956408e-01 -1.322720067940622857e-01 3.524693086311472823e-01
-1.486246593293825413e-01 6.078028559792828522e-01 -4.888327863814027618e-01 -6.696183077188700983e-01 2.550822925018570442e-01 1.317382667113711214e-01 -4.274883658650472512e-02 2.510970035867212680e-01 3.149056288982212126e-01 2.503537270569053397e-01
3.106433025342454357e-01 6.369020102782821935e-01 -2.222868941223360983e-01 3.549153657065762246e-01 -6.209773466676764553e-01 -5.813144344043603695e-01 1.086371746137854699e-01 1.946342474823524737e-01 -1.155607527313592536e-01 -4.420138417801287578e-01
-3.379577531238051741e-02 3.148384885054866800e-01 3.522163380973680757e-01 3.138487638862735296e-01 5.180396582913389114e-01 -2.798358441319293011e-01 -3.707542449928782902e-01 -5.388059023695725841e-02 -5.648551822728126171e-01 -6.154279317209737643e-02
-3.533714696159817592e-01 5.913431197869104539e-01 2.734169785107595785e-01 4.302860883703535366e-01 4.044067701793641612e-01 -4.505242325720787977e-01 3.576383661531742919e-01 -2.655788828645443411e-01 7.194859480584951950e-01 -4.220714934622802339e-01
8.560391586002322195e-02 2.273708712302521806e-02 3.218607189763642712e-02 4.635322301287390749e-03 -3.604303246896821238e-03 -3.173759947275238240e-03 3.930751693193920357e-03 1.296972112816958400e-01 -8.089524099946773794e-03 5.340881353670487441e-03
1.783649104643378058e-01 -2.161124178610986796e-02 1.073594435012393926e-02 -2.141839634964256833e-01 -3.118434320309799168e-01 -5.480950889971393514e-03 -7.629779457165634937e-02 1.390810858887519819e-01 -1.280245939050725645e-01 -3.393877113126451683e-01
3.833801209138493760e-01 -5.496994036159158492e-01 -2.868475757792662284e-01 -7.037959825833095540e-01 -6.882467978933280717e-02 -6.979661060662131211e-01 -2.021226469806706449e-01 -6.332050754597640108e-01 -2.136686169882153624e-02 3.070253596008057362e-01
2.280064124496918726e-02 -1.065393053924736794e-01 6.814236148261113013e-03 -1.799484893263864071e-02 1.637156306394261240e-01 2.289567822781742035e-02 7.369909713506493654e-02 9.058490578621115896e-02 -2.979995739595828197e-02 9.156803472390948051e-02
1.185954250299411095e-01 2.532036372514948064e-01 -4.096121240840354394e-02 9.714689735041004415e-02 -4.772478251030946861e-02 1.883283990001262398e-01 -3.128996960024844620e-01 1.962511393965732931e-01 -3.897373649179000686e-04 7.297266755910959690e-02
-3.879337707425290493e-01 -4.224617018450751299e-02 5.805535856538015516e-01 -5.031912291036641505e-02 -2.544435952836763271e-01 7.138117004884082517e-01 -3.181398695103471175e-01 -5.225531304313997261e-01 -4.078330845939514560e-01 5.399353711287808721e-01
5.804377331541954455e-01 -7.651642286454549136e-02 -2.596865115741252006e-01 6.619443441285759455e-01 -2.619620466498735478e-01 2.606743495060030030e-02 -7.756749108183054187e-01 1.503282575937081866e-01 -5.355194162898211374e-01 7.419325771826591476e-01
2.559191808574262095e-01 1.783555154849460755e-01 5.985630814729870838e-03 1.191390136539772632e-01 -7.708381520873791581e-02 4.652393191158207819e-02 4.543129210003250817e-02 5.918133735209504809e-02 1.237386528750586412e-01 1.457377834450639675e-01
-5.195553021313127351e-01 -8.468796923743511229e-01 1.537936826390670086e-01 6.034394350912170024e-01 -2.749488558495837842e-01 5.898388452845677588e-01 -8.404989613214761679e-01 -6.935078444558469279e-02 -6.877624736498466618e-01 6.392583947127952193e-01
-1.733973126972656806e-02 3.161538741494084731e-02 5.955889868279787974e-02 -2.607927857465493909e-02 -3.686703102548479632e-02 -1.892569991963653428e-02 -9.810624879230549211e-02 5.730221498547574677e-02 -8.302656941064150142e-02 -6.851510651324134449e-02
2.017345303279321489e-01 -2.372455335061204040e-01 -4.395801032795867980e-01 -2.985858730051038634e-01 4.331599995224463262e-01 3.668417520799543974e-01 -2.064543384981118168e-01 -5.421633770803008234e-01 -5.206374225076497719e-01 4.964142469435459115e-01
2.846420431647377347e-01 -5.204288239591554621e-01 -2.155433092753552410e-02 -3.467922858883995541e-01 9.676914986908025096e-02 -3.000248087731757773e-01 -4.190738574856539000e-01 -6.662884792061561645e-02 1.073231428275224671e-02 1.823064385331470139e-01
-1.185578482584416643e-01 -2.998097857084547901e-01 -8.143603374070244871e-02 7.812802657459737288e-02 1.593803641287461492e-01 2.265532987920575170e-01 2.499305183604529634e-01 2.099741414449035892e-01 1.333177095451419658e-01 5.706768863167034633e-02
-8.566180637129259257e-01 4.480379916002583673e-01 8.863452062152217537e-02 7.384035739370778950e-01 -2.690395322601941697e-01 -3.180205816724318013e-01 -1.516005854962593491e-01 7.625487475674918025e-01 -5.123389020469416855e-02 1.403392904812414965e-01
-2.455806501941115716e-01 8.413405300188654679e-02 5.660644950528138653e-01 -4.034653236257452757e-01 1.997098938825642156e-01 8.074371169148412131e-01 1.953379720282070742e-01 -7.697797288897124252e-03 3.370929525429602891e-01 -4.151743579067859180e-01
8.692318129516835717e-03 1.457765643745554673e-01 -5.961427399012107081e-02 -1.595140554732643046e-01 1.832421319378143842e-01 -2.204150803440654283e-01 3.978302231290909569e-03 1.789837656708754415e-02 -1.283796692527404935e-02 -1.432725619034369846e-01
7.756421528820336975e-02 -2.172483864829550734e-02 1.592258413096033776e-01 -1.429273285731532707e-02 -4.056832872341228913e-02 -4.969853684079318656e-02 -2.640378270950306458e-02 2.938051451503742237e-02 -1.476130648949311452e-01 4.764875909672963705e-02
-2.861151413568754909e-01 7.677007886143948356e-01 9.168988432051753401e-01 -6.228476466172736536e-01 -1.041324744829543042e-01 -2.623059922045246628e-01 -3.141079827674586045e-01 -2.220856330967588277e-01 6.828811979488669248e-01 -4.092884062807228274e-01
-3.399105812437884233e-01 -4.368141370035716342e-01 -4.451470785895606519e-01 2.754739899490787902e-01 -2.321824292666576084e-01 7.255830122012838501e-01 -2.107580036010544278e-01 -5.145424792477881759e-01 7.561913200025618953e-02 4.404445096444655761e-01
-5.076056435428737412e-01 4.419817718285079522e-01 5.394560781490795875e-01 -3.209724641488594932e-01 -1.563669361850854589e-01 3.177029039932421917e-01 -3.198867408989784500e-01 2.313171636137072162e-01 -5.809620585171336726e-01 -7.123940523726253193e-01
-2.358643309730435456e-01 -4.539230042224253747e-01 -6.266152029216832675e-01 -3.953144882329107102e-01 3.806684568608890151e-01 -5.386909661440391073e-01 4.831473558343345187e-02 -3.187223356028361376e-01 -3.673993818670976408e-01 1.490221439231921019e-01
5.435963449420160021e-02 -4.771910659256962950e-02 -2.496431046610958215e-01 1.781320625387627088e-01 2.602383852808312983e-02 -9.505296472366681071e-02 6.844357250538014859e-02 -1.623711055692245164e-02 1.041019269142163250e-01 -2.398570113137453719e-01
-2.603223800347134742e-01 1.649483324897363101e-01 1.998054449348578565e-01 -1.498793636014678632e-01 -5.811009873710155649e-01 5.633718230570354812e-01 -1.283915454897521791e-01 4.407567309873101080e-01 -1.792779661232006272e-01 -5.508985653313537290e-01
8.801743120086941152e-02 4.212056280840956873e-02 7.342810639477729412e-03 1.055299865802381415e-01 1.206603615136310342e-01 3.726972894482281917e-02 3.629894315479660627e-02 -9.634807152197400956e-03 -2.690465936311889350e-02 1.829202161269393584e-02
-5.663819378337180410e-01 -2.823501480724914803e-01 -4.575257155915024021e-01 6.328994403440176830e-01 -4.813231467969924515e-01 6.958853740205095395e-01 -3.439514455022670836e-01 -4.622958422221644104e-01 4.829170304774600408e-01 5.611960839922383038e-01
-5.397575064357503782e-01 -7.965937807341279264e-02 3.621932055197570888e-01 -3.945640886576429716e-03 8.202185702560790270e-01 -2.675230525115734337e-01 -2.275687660528252221e-01 5.784459855094531422e-01 -2.557432762563882633e-01 4.230244391108021751e-01
-1.031514581967729050e-01 -5.620774272660009063e-02 6.198979479467590231e-02 3.612325935669458837e-02 -2.481656931293708263e-02 -4.251386832974493428e-03 5.582570291600924550e-02 -5.085499910917972398e-03 1.534207565696891346e-02 9.532239796469071935e-02
-1.097746473643372300e-01 2.413120304959227858e-01 -1.308888641385307604e-02 8.851283015664461462e-02 1.937578155555043369e-01 4.223400764945560437e-02 -1.804630882999701258e-01 -1.467161777795309430e-01 -5.844786391678247206e-02 -9.338988651729265844e-02
1.288234378968004627e-02 -8.064823005496242481e-02 1.042398374215322727e-02 -1.837048186731519150e-01 1.121991969296667335e-01 9.510504560489088655e-02 -8.757791761063457581e-02 -2.766298446600852223e-01 -2.872942447140021671e-01 -5.746595573498973764e-01
5.244478311601501463e-01 -1.222622279088548536e-01 -5.317193134872451044e-01 -5.675313025362561659e-01 1.283669312416435559e-01 8.768097709052287414e-02 -5.212253438430224373e-01 -6.681156546650784955e-02 -6.297572832189799463e-01 5.165819998024164805e-01
4.632072571480071455e-01 -6.373654706991702668e-01 3.788579908896720916e-01 5.757515909229812268e-01 6.317442401432995513e-01 -3.033347461966033332e-01 4.018992186130030397e-01 1.687212383941209815e-01 -1.227358359635355618e-02 4.827156063488770021e-01
4.268419525999658792e-01 -4.509530634613579947e-01 -3.973222507357055400e-01 1.710285061360796721e-01 -1.397337963895164403e-01 -4.173604250325318454e-01 5.115058601231420310e-01 4.286677285519535641e-01 -1.288084319685075252e-01 1.137910835253180958e-01
2.109804990688015358e-01 7.914187233086737994e-01 5.093684743188866548e-01 6.018357919531915901e-01 7.221005801817799163e-01 -8.034056745645751230e-01 1.675540385538706600e-01 7.943616862402682610e-01 3.091456233192195202e-01 -8.708788346433905536e-01
2.979876335823202216e-01 -1.232004547922219556e-01 5.506872280701399780e-02 1.382805371364900782e-01 -2.027962528217034655e-01 3.954173032980437541e-01 -4.067701158122649652e-02 2.319933362521387488e-01 1.443966700008326720e-01 3.416580905361044085e-01
4.360251959180279635e-01 -5.492888317674663456e-01 5.594974953039443255e-01 -3.536097591571105703e-01 -1.776863939547125015e-01 -1.579158267958712947e-01 5.534150844834950789e-01 -4.497556123274406015e-01 3.279377423812818160e-01 -2.348957526851257194e-01
6.766392188073078184e-01 -2.550031934218706109e-01 -7.074575083199896586e-01 8.932590524833944334e-01 8.626133660039855822e-02 9.341043914800865045e-01 6.929452306368139025e-01 -2.708435220666609022e-01 -9.290623431373512542e-02 7.890352318544320287e-01
-2.180087868084205349e-01 5.652730213558867546e-03 5.674576796651369104e-02 -5.289714010713540970e-01 -4.318757912040395719e-01 -2.341422234434918093e-01 2.240282481293384698e-01 -4.099474670932986564e-01 -2.997154672001714482e-01 1.461692886588134843e-01
4.345634553383982863e-03 3.415016334144731214e-02 7.382573174958202353e-03 6.853730998713498945e-02 -4.453692019013572381e-03 5.177123837135937101e-02 7.033849233332200353e-04 3.636071566019181966e-02 1.091485442821386008e-02 1.487888780428013071e-02
-1.247580606857025820e-01 -6.040934515600367982e-01 2.780418611195510370e-01 3.248154421237629819e-02 4.885329419401900353e-01 -4.553808693774741845e-01 2.438775761331963554e-01 -3.970445199254951096e-01 7.159961585277178076e-01 4.417513900075313305e-01
-4.827893164443465834e-01 6.683436575665859802e-01 -1.043256886772803566e-01 -1.643911210903930276e-01 4.581988876304985414e-01 5.147027958600102204e-01 2.668267920604433519e-01 4.610987386265302246e-01 -4.655471267803892865e-01 -3.976799497920293081e-01
-6.875477844319666243e-02 -4.276905806299567958e-01 5.979769277418965634e-02 -5.515381459258583002e-02 1.674879877468245792e-01 1.712867409345900649e-01 1.167694928832890694e-01 4.186453155887254196e-01 -2.862745347535913809e-01 3.356593183663227897e-01
-6.777583287811692614e-01 3.951293677058158038e-01 4.484449774408726386e-01 7.206868737457728935e-01 1.308152688895714844e-01 5.895880800544255340e-01 -1.914475399364129193e-01 -8.681039296448521403e-02 7.059089406835471481e-01 9.203264429047869344e-02
-1.492345486617286388e-01 6.247141750368092605e-01 -5.618149394451612544e-01 1.918522441323409766e-01 3.068419067602725092e-01 4.215175525253646582e-01 4.005045534929546625e-01 1.156952773413278124e-01 -4.276826518065371396e-02 -1.580778697737707239e-01
1.091878550019098268e-02 -8.648764666413906455e-03 1.459680577480457035e-02 4.706936960645181217e-02 6.569451363778970598e-02 3.514028624150641877e-02 7.249250169233153584e-04 6.480983855778284231e-02 2.454810867606711453e-02 3.813368543385545900e-02
-4.907456685758149750e-01 5.982902096980587947e-01 -4.899487054384432660e-01 -5.527864104409484051e-03 5.721488811536472596e-01 -7.475898509800189551e-01 -7.993002533148049205e-01 2.623860810913181685e-01 -3.388782604757200612e-01 -7.029634830936157819e-01
-2.172280353118507534e-01 -1.757969479678142266e-01 8.327687575810513443e-02 1.393719259434611502e-01 1.462774696017929699e-01 -4.226068214277464152e-01 1.133947948417177998e-01 5.767899523365687120e-01 2.112663402806270740e-01 -8.347439276680351794e-02
-5.441383880553977148e-01 1.975898027221037190e-01 -8.117078512061461915e-01 -3.335893508969111076e-01 -6.752802322163645732e-01 7.842520720519714772e-02 -8.327178780170049199e-01 -5.073727045558111826e-01 7.994077768569561870e-01 6.882005967322506468e-01
4.709293480664242942e-02 3.702713754296360626e-02 7.934575781253568050e-02 -7.970506478912456338e-02 2.185319204983882102e-02 -1.353290632240906899e-02 4.284026935210732447e-03 6.118392361463349978e-03 -2.028957870452730364e-03 4.865370120975884630e-03
7.661218322323004593e-02 -2.084470199752860298e-01 2.926327710778763858e-01 4.341693797384741926e-01 -4.846602367362405905e-01 1.819191326872574010e-01 2.302205310726790077e-01 3.647630124270549723e-02 -4.980807174163736084e-01 -5.602784624281865744e-01
2.655106577135176171e-01 -1.331220037860056105e-01 2.614006230870062897e-01 -3.665398154773112649e-02 -2.214895875968577732e-01 -2.635336925991823009e-01 2.294197901708546206e-01 -3.012612085368195913e-01 -1.418010922129366302e-01 3.318592623264149388e-01
6.966210640077176164e-01 -4.806672914905041338e-01 4.769239701133702325e-01 8.245825107334883164e-01 6.135168349423982814e-01 -3.284061142665960914e-02 5.270980778862587313e-01 6.937056276817360478e-01 5.924988195247198330e-01 1.054299753093556058e-01
9.362470320509695687e-02 1.161151606519885277e-01 4.675781645251606000e-01 -1.442744191543123000e-01 1.884348391641336995e-01 -1.977357596449103583e-01 8.899983179150608437e-02 2.665118396692329750e-01 -3.731548046575771660e-01 -3.569980880494215691e-01
-3.575485149750648461e-01 1.338071339999606091e-01 3.854732334824456652e-01 -5.820065716870393979e-01 5.707988632603422374e-01 -1.236932660339105788e-01 7.215979105391526760e-01 -5.611802832869440261e-01 7.493464560305113098e-02 -4.130187383673942364e-02
1.607687940672505311e-01 -2.238114614779141420e-01 -4.261851142966554540e-01 1.421264568170147596e-02 5.039798122294940341e-02 -8.711244244048079854e-04 3.902443225596325393e-01 4.030623421039952747e-01 -3.044720957247236751e-02 -5.199281611697119665e-01
3.058354906887727487e-01 -6.164976680535254605e-01 -4.757419823473267306e-01 3.019341698675571256e-02 1.555869276971759418e-01 2.928151318342813725e-01 -2.639678054652356831e-01 2.011699618744401397e-01 -2.694484176070833792e-01 -4.039515109203749565e-01
-3.735701123313148186e-02 3.729415741734050105e-01 3.212328022122147853e-01 1.845747816794924001e-01 -5.856814982797931696e-02 2.224258720255158639e-01 -3.255741361669486911e-01 1.858600559178186229e-01 -3.131988182492829922e-04 -4.207911064691242098e-01
2.509014165226663429e-01 -1.879467796112666289e-01 -1.573992064718200690e-01 4.526549844903944297e-01 3.881131510700377429e-01 4.653205862937310200e-01 6.943402258143555050e-01 -9.286809904287814110e-02 -2.947275297865681876e-01 3.397054210197288926e-01
-5.134148487010111728e-01 -2.188300365702103845e-01 -5.333564184326638341e-02 -1.185236359511328622e-02 2.635708220790923817e-01 -2.515129539925506363e-01 6.514796026699617992e-03 -1.842003262247418616e-01 -2.875136928198819275e-01 2.403520869620026923e-01
-1.824092097716317751e-01 -8.542473650432239052e-02 -2.777668450092558028e-01 2.860918723532571706e-01 1.908121222699316055e-01 3.392194596887500024e-01 -1.366653739011424173e-01 5.176632332008723053e-02 -2.527437967759494503e-03 -3.907334800982552314e-02
2.164946151333002611e-01 2.400120143385119365e-01 1.751082793288085138e-01 -2.168166362261263747e-01 -3.670305158988744765e-01 -2.442016206124276168e-01 2.284656296169003398e-01 -3.205295179185866372e-01 3.560764974966507124e-01 6.605015164387383064e-02
-3.766114574281203550e-05 5.338499721792826502e-01 -4.411254180991270868e-01 4.750994237068420500e-01 6.464470714834695819e-01 1.770006478453449161e-01 3.232961686461388040e-01 2.758199327349271091e-01 -4.689661305700922322e-01 -6.462440058489457018e-01
2.865083429179015040e-01 -3.775458277693378162e-01 -4.054963654436321563e-01 -2.362552255970901682e-01 4.788223397980265750e-01 -5.732839005008636551e-02 2.109359433896597705e-02 5.258744151498920827e-01 2.658604796466462750e-01 -2.490540643255566289e-01
-7.139499200334818718e-02 2.982528293490699922e-01 -2.516272918478821841e-01 1.813880016812833562e-01 -5.126324213289673581e-01 -1.679149632397839709e-01 3.094469847291771436e-01 -2.773923736756520042e-01 6.697721962478111468e-01 4.525667143446966967e-01
-2.551528304849695269e-02 9.889664426022057309e-02 2.300169012579097449e-01 2.122395851226442642e-01 7.842740122014066340e-02 3.760434315263056493e-01 1.739782170719340326e-01 -1.016554730832181508e-01 9.139724539800127279e-02 2.680547550633060605e-01
