6.282544329526327243e-01 -7.918263690065228122e-01 -1.144889026333162779e-01 -6.187780051340479037e-01 3.212305987842797861e-01 -4.557234088279198403e-01 3.526508327018653688e-01 5.919359687830373362e-01 8.052339904241215818e-01 7.071062176707448854e-01
1.490476751717195181e-01 1.206182386403230195e-01 -3.861256738567456770e-01 4.046155123964870204e-01 3.949860203821051186e-01 -1.071801427290995368e-01 -2.524004251591387415e-01 -4.302130653915715031e-01 5.159258899516019348e-01 -2.688407840556605866e-01
2.780802490402761729e-01 4.413477933715156398e-01 -2.001013619261720472e-02 6.554573207040477190e-01 -5.667878007682592978e-01 -2.937259707576720946e-01 5.541131849405374066e-01 2.530002674025690346e-01 6.819856349945637719e-01 -2.660702090588695778e-01
1.734911331585689553e-01 -1.604398464776179145e-01 -3.310254824829834963e-02 -3.552492371359990825e-02 -1.314144141955701228e-01 -1.120373606714245435e-01 1.656343067763329235e-01 -1.344165486210167626e-01 1.206733179632497738e-01 -7.278015827995495957e-02
-6.142509730318835778e-03 -1.770411920346050402e-03 7.526289918855318117e-02 -7.988211649786334384e-03 8.068567255737500721e-02 2.979032158203187911e-02 1.350210937748342992e-02 6.337470766908549769e-02 1.366192118874612164e-02 4.128105951420028147e-02
-4.455971124910053649e-01 -7.467636480983961267e-01 -4.071931055022138396e-02 -7.939052038910344722e-01 7.015262285413773613e-01 -6.938822631758519988e-01 5.530642291614074058e-01 7.121400032885948361e-01 6.743275483458462949e-01 2.297103339972970393e-01
-4.784148685101878226e-03 1.684939362643821659e-01 7.909445925168225033e-02 8.885353032306687188e-03 -1.427153213961389333e-02 6.519215032745982220e-03 3.869197346120761827e-02 1.460235437064588346e-02 7.071897549293325314e-02 5.585337942803946139e-03
-5.348094387649496850e-01 6.800913752513367827e-01 8.252736289891740573e-02 6.852228013686166852e-01 2.255655450821487107e-01 -3.245039003607540495e-01 -3.837722751414835987e-01 3.201096862630001816e-01 -6.045825088959159155e-01 5.596276550129440919e-01
-6.979859551939371354e-02 5.905886624548416508e-01 5.496828626227708847e-01 -5.611111307061604769e-01 -2.796012809806419086e-01 3.687454798612969653e-01 -4.152805960153942988e-01 7.204445628042648320e-01 5.172948181672009094e-01 -1.895560866787061316e-01
7.937228576389421600e-03 -6.432539880494077961e-03 -8.417667931872827372e-03 2.736248488202831092e-02 9.679877723533336642e-02 5.550804705444553622e-02 1.937120477089141965e-02 4.414828202478186803e-02 2.739199116618378643e-02 1.313183488290045088e-02
-1.007220671520800588e-02 1.075958955406835921e-01 5.214156567662724118e-02 -5.187100641728763228e-02 2.039133556191940755e-01 2.463120489250819611e-02 -2.672942791559740350e-02 4.417140989673313742e-03 2.781194517063901792e-02 4.468916126000017225e-02
3.422654514465420239e-01 -3.188776749874574490e-01 5.953910464158507221e-01 1.864062194686103568e-01 -3.493791910715025872e-02 -2.090148575621152693e-01 5.402660978015106918e-01 5.067667783038671825e-01 -4.532640863974612411e-01 4.087011058016182252e-01
-4.215039097411215629e-01 -4.412122200391851989e-02 4.407546002877448243e-01 5.792652333770864637e-01 4.672800419851612097e-01 -4.558869039999428607e-01 2.075099388930259636e-01 -1.356815697625851913e-01 3.157352963668211276e-01 -1.274224850696769606e-01
4.146980441055233002e-01 2.021330370493304718e-01 -4.651784697519798506e-01 6.350969207551223628e-01 1.744669517173172979e-01 5.317288697342435755e-02 7.440330724832073805e-01 -1.599177112847450788e-01 4.119728133213192978e-01 2.889163274252521396e-01
3.105969985781041887e-01 -5.499100471127480461e-01 3.628536589622468611e-01 -2.359817381796432134e-01 2.917326847280825031e-01 -1.800868629304600288e-01 -4.541427106082094878e-01 -1.669669722860725736e-01 -2.013503532298270560e-01 -6.818420202762841553e-01
-2.649265126438438318e-03 1.210832202466638474e-02 4.863496904912304603e-02 2.243054592448598741e-02 8.001971646434187513e-03 4.987251729613110390e-02 3.909742026002726786e-03 5.689041826617512003e-03 2.103352496735231766e-02 4.639407240826396578e-02
-3.884418507746794647e-01 9.520539116451015582e-02 -5.272594678497193321e-01 -4.505462582869225185e-01 -1.328504017001887194e-02 1.888747838325283146e-01 -4.373177086357887128e-02 3.523016128439442340e-01 9.223476554824275309e-02 2.419643273995564503e-01
8.297674766016119863e-01 -5.337672743675418996e-01 -7.693720632456644282e-01 4.700892785089772485e-01 5.960015304549997062e-01 3.149311568940063588e-01 1.115673330735731661e-01 6.657051898542950541e-01 8.042207143058055507e-01 -4.411909281403747496e-01
1.330070252564060198e-03 4.155070818415695921e-02 -5.880882857026731303e-01 -4.764016003505610608e-01 -5.775362579624968573e-01 2.849064096570024796e-01 -3.635784376808073315e-01 6.716214714941511899e-01 6.695298856562843792e-02 1.281948476858477820e-02
-3.368875437419717456e-02 2.276334121336646421e-01 -1.292897972975094734e-01 6.100140835878184453e-02 1.872292584154784389e-01 -8.449983001057413678e-02 -1.869371407481212055e-01 1.245953835833906731e-01 1.341029023630605777e-01 5.553523844711758667e-02
-5.091879448703236569e-03 -5.360944193932300206e-02 -2.300529977461747422e-01 3.569476146617845957e-01 -3.998558955269660986e-01 -2.600139604646303781e-02 1.716964774739119515e-01 2.039645217452602799e-01 -2.981998170888055522e-01 1.674135722353411182e-01
2.722711636287947212e-01 -9.086595690690320304e-02 -2.102811757905421186e-01 3.976821973306571834e-01 2.610989031868843346e-01 1.623632785523212441e-01 2.043159077924118494e-01 -8.992840546512712030e-02 -1.235113986352281285e-01 -2.124819971097307303e-01
5.627267877502780541e-02 4.074354393985601397e-01 -1.902145281940209043e-01 1.674282302194725902e-01 2.482386376676187223e-01 1.270055220347820757e-01 9.952899115019632481e-02 -4.231414858002981866e-02 2.389234152352186502e-01 -6.868004771533262054e-02
5.222591934170024430e-01 1.115854700489644219e-01 8.166454783534684569e-01 -8.842753322986839359e-01 -3.956871234756219602e-01 8.720304046124295605e-02 7.579997512432924411e-01 -7.725762059564056372e-01 -2.091989219699826874e-01 -8.074834986486713051e-01
-6.267344818922774285e-01 1.824156478297613293e-01 1.309314581369222692e-02 -6.643421798565549152e-02 3.360556442375139397e-01 -1.324958868244633936e-01 -6.819731106924327158e-01 4.607878919852889665e-01 -6.512268206189905095e-01 -5.966460002049166489e-01
1.080756904874869903e-02 -2.479229228606472102e-02 -1.656188300159753407e-02 2.421299551907245551e-01 -4.815131186677915620e-01 4.110315310782747256e-01 -2.026193791949786049e-01 -2.454609158883085812e-02 2.149120101628768653e-01 -1.158154416236092665e-01
1.707837171624912997e-01 -6.254502706283067148e-01 -8.079137785756065337e-01 -8.181073798091484384e-02 -3.100809808516957200e-01 -7.991437923208718486e-01 -6.671845352827934228e-01 -7.253214976320633278e-01 8.636556890250099983e-01 -5.173520422774989802e-01
3.678133059138794514e-01 4.725819028471015537e-01 -4.058670629631597887e-02 -2.680466086268435411e-01 4.402088897999210104e-01 -2.742527173090009707e-01 5.122500947818044992e-01 3.509576682841956674e-01 1.542197598595683172e-01 1.383750330325660693e-01
-3.189236825853619672e-01 2.916481208816355530e-01 -3.595932157041238642e-02 3.174370279064885059e-02 -6.893697407638399444e-01 -2.353092384972900741e-01 3.321582468423963097e-01 -6.516386504142630542e-01 3.847430865875581807e-01 1.144560807049964271e-04
-1.709440673339295558e-01 4.737419586434195029e-01 6.115963826769248435e-01 -7.280029401730930827e-02 -2.082755486870479233e-01 -5.378510314450708485e-01 -2.580785604047257653e-01 -4.047853895000655400e-01 5.170466390474307561e-01 3.556425693195124360e-01
-3.801132282465733980e-01 -5.378633855849764833e-01 8.693482664257343728e-01 6.502911173048199212e-01 5.094084159314264948e-01 -1.410062579763969592e-01 -6.750222772002348881e-01 -8.357362246411223494e-02 -5.766252494585604182e-01 -6.630323867461778153e-01
-6.676669404912975725e-02 -1.097080858383511631e-01 -6.906003310721485766e-01 3.333352825992383361e-01 -3.807236919615122894e-01 -5.769913997528314242e-01 7.960734969910808756e-01 -1.527486925760105085e-01 -1.317485554361681188e-01 3.557605817543875171e-01
-1.491989358058626036e-01 6.060178619615690376e-01 -4.882248879342689363e-01 -6.684485942751785537e-01 2.554701498961245987e-01 1.323167257504081207e-01 -4.385753998723007641e-02 2.578511746054273357e-01 3.157424398869627113e-01 2.471296796016838881e-01
3.089434470108410880e-01 6.332964628047760280e-01 -2.221512616397220419e-01 3.523127435607706914e-01 -6.094283057922090796e-01 -5.777294239701638023e-01 1.097428057673733581e-01 1.920767667822161351e-01 -1.169906023165177555e-01 -4.400065428034526382e-01
-3.431819456310119393e-02 3.186729431757469588e-01 3.508610821705527849e-01 3.131523992817685786e-01 5.173562197750313230e-01 -2.780291272417799719e-01 -3.698504929460733615e-01 -5.292953601617619852e-02 -5.640508530600405468e-01 -6.196039966326359616e-02
-3.534609064683519875e-01 5.879608272045145911e-01 2.762004814155533117e-01 4.284074846294064209e-01 3.992662889417136207e-01 -4.529062743092968080e-01 3.552872530336976253e-01 -2.588883214133255728e-01 7.154927107301857214e-01 -4.225026651293897761e-01
1.057632857759296663e-01 4.432613967273470873e-02 3.506676607603655127e-02 9.943459317955503918e-03 -4.360421931206889118e-03 -1.401420418857287145e-02 5.163600931470186317e-04 1.884901322617426600e-01 -1.322301116342789254e-02 -4.017104254904190277e-03
1.264201825651638800e-01 -2.784434168671523838e-02 -9.011397704985735571e-03 -1.560490030933792127e-01 -1.984838446227379372e-01 -1.346956191371042472e-02 -5.114809748322481087e-02 8.329919552930230287e-02 -1.084285096965209028e-01 -2.625281313057048482e-01
3.825449898493758494e-01 -5.487043451019466556e-01 -2.850804482160442244e-01 -7.031467592982825199e-01 -6.882406734605124587e-02 -6.935440794356613203e-01 -2.038542677975644368e-01 -6.342715267393546075e-01 -2.093919241231761985e-02 3.140763058774038163e-01
3.121571017390573424e-02 -7.086427953035165372e-02 -7.443696842551250636e-03 -1.084573101463995760e-03 1.758798294628953762e-01 -5.871033211294915052e-03 6.711772499014975746e-02 5.431262396194260628e-02 -1.599508060275607255e-02 5.718262444659934218e-02
1.120465266478984090e-01 2.473530257576776470e-01 -3.138776703867995205e-02 1.215811229678876448e-01 -4.071647343554829490e-02 1.561898910743185487e-01 -2.682902173410942614e-01 1.757009199217099416e-01 -5.203614893370667877e-03 7.275383446157622502e-02
-3.811770269793828270e-01 -4.012125590767309791e-02 5.792492821934374092e-01 -5.085564915284049997e-02 -2.526983359851335820e-01 7.105331276102153648e-01 -3.183292075166766488e-01 -5.162482296859213227e-01 -4.078286910578688973e-01 5.444297328188887342e-01
5.803737623389846334e-01 -7.555126589886815291e-02 -2.596653577589275730e-01 6.618596514556510657e-01 -2.619449968934748352e-01 2.617188091096638372e-02 -7.756102777708838714e-01 1.503453614903067781e-01 -5.354976101845546621e-01 7.418690085274203261e-01
2.429663085639513775e-01 1.635727684283758421e-01 1.213103123562914339e-02 1.130977924489533909e-01 -6.996918661178376520e-02 8.477284376459016946e-02 4.779287866477905516e-02 4.786302908184170840e-02 1.117820364877922523e-01 1.334498914059146502e-01
-5.198299855612268372e-01 -8.462603593591149220e-01 1.553136647163082529e-01 6.036179229644605959e-01 -2.753274810844286713e-01 5.896659793538476801e-01 -8.403399554449026976e-01 -6.969424144957005185e-02 -6.876834082107250445e-01 6.391919200209535967e-01
5.893089061433451001e-03 4.662465550512027643e-03 2.678323773251554962e-02 -2.285670610672465783e-02 4.568213748385124839e-02 4.675193986242821148e-02 -2.790294156395186145e-02 3.445406718108041944e-02 -5.283511421361364313e-02 -2.412177419965472192e-02
1.988859711882977332e-01 -2.349460781566338474e-01 -4.370022302807036185e-01 -2.994281083926502163e-01 4.347890426722170742e-01 3.654863530877344169e-01 -2.088764797805041928e-01 -5.301584673872529185e-01 -5.156509110521364514e-01 4.898992874076931181e-01
2.767685340164585117e-01 -5.055820566971387375e-01 -2.063217483633794300e-02 -3.365336444050217590e-01 9.781187415062796153e-02 -2.902286870992154544e-01 -3.869924487818658387e-01 -6.234575900299031692e-02 9.157917279929190732e-03 1.767812369616661994e-01
-1.075855029206086999e-01 -2.767043507560206228e-01 -7.565729645178000118e-02 6.655804686102823053e-02 1.813066843075341328e-01 2.074680619024230344e-01 2.271770902125212210e-01 1.878966159997456364e-01 1.173444260206569778e-01 8.592148491057646775e-02
-8.559934604268164549e-01 4.488636826456144924e-01 8.840779192093697891e-02 7.400981919989119140e-01 -2.688842478492371457e-01 -3.179360603041945788e-01 -1.515044702610743588e-01 7.619944196834650407e-01 -5.127182201786303212e-02 1.401163832632024986e-01
-2.413514658680881164e-01 8.391013254217742634e-02 5.651109917314132147e-01 -4.027777122386827502e-01 1.992289160292105843e-01 8.061789797784252309e-01 1.950672883435471683e-01 -7.679228509014449262e-03 3.365450919337609204e-01 -4.146378067408353352e-01
3.590813569988184246e-03 1.116076850591832953e-01 -3.742489278528586538e-02 -9.694899668791427672e-02 1.183162018100062524e-01 -1.547172949072939951e-01 8.398158240587536016e-02 1.222879373438993077e-02 -5.446673167890754216e-03 -9.978292599174198862e-02
6.471079837357057718e-02 1.500891117502992089e-02 1.956826359703591756e-01 -1.726309233298790186e-02 -2.510706746092055547e-02 -4.113024230064493691e-02 1.870368503926118139e-03 3.070033154600430511e-02 -1.120381861086158365e-01 2.295432520925814665e-02
-2.852747631593979261e-01 7.632411720083384088e-01 9.144298723453876399e-01 -6.205372943450417900e-01 -1.044884893333255654e-01 -2.497381793396708238e-01 -3.176174577362823048e-01 -2.264411388242417444e-01 6.799288040337589933e-01 -3.981031400992177116e-01
-3.379129887016806277e-01 -4.366952373538863230e-01 -4.449455365072670920e-01 2.741120714685812421e-01 -2.328921384291062768e-01 7.282779270383017423e-01 -2.084131264203773204e-01 -5.145706833366402444e-01 7.494252864284452198e-02 4.380406993298725515e-01
-5.075767136547535419e-01 4.419390104364328553e-01 5.393814005305229697e-01 -3.210226175024046835e-01 -1.557057691119604348e-01 3.177603422253699739e-01 -3.198811243285234474e-01 2.311736976540582078e-01 -5.809865734317566366e-01 -7.118825786100867470e-01
-2.341746047640960449e-01 -4.524753383214475955e-01 -6.237204787119368099e-01 -3.843101997655775648e-01 3.784521968193797492e-01 -5.359467542539797513e-01 4.725763195410398465e-02 -3.166687081876006227e-01 -3.661956273166891429e-01 1.460213440202374480e-01
9.313687194081725351e-02 -4.017201345230106413e-02 -2.335269251257610645e-01 1.630063806526624304e-01 3.124264614706159793e-02 -9.297324813845231350e-02 6.498756643157027613e-02 7.572898620303802029e-03 9.354660263123144859e-02 -2.118737643066142540e-01
-2.548760039354117657e-01 1.629845524665102796e-01 1.975454393784971951e-01 -1.456116363919596757e-01 -5.749609122424829133e-01 5.614056795362415420e-01 -1.230334709533569548e-01 4.368841808756430134e-01 -1.762732493488669561e-01 -5.475010009396444888e-01
7.955634172969787421e-02 2.646118294162724469e-02 1.897706626884019740e-02 6.419951214528729633e-02 1.090891289394441827e-01 -5.150566926782003223e-03 8.295667729193803921e-03 1.624391171352384047e-02 -5.289243650626316608e-03 1.938685265867313079e-03
-5.656585238433358143e-01 -2.822112881677871776e-01 -4.564150371872127687e-01 6.322819973793468717e-01 -4.834401242088824380e-01 6.918068995636924567e-01 -3.441262991451725095e-01 -4.573586946820947796e-01 4.820876658131100778e-01 5.607219340332145752e-01
-5.398710884483347572e-01 -7.969979229276798194e-02 3.621455310672410666e-01 -4.034498156758327750e-03 8.202649887925490546e-01 -2.675088669704252520e-01 -2.276850659035016544e-01 5.788806095056562295e-01 -2.556424388382238511e-01 4.227860084003051688e-01
-5.013857765725317911e-02 -3.107892131479918912e-02 3.816942123642663720e-02 5.501344957601528307e-02 1.035766877932544835e-02 5.003702544866257124e-02 2.852841002979996168e-02 -1.256944760564508538e-02 4.621173412180283949e-03 1.183452189011533345e-01
-9.520312586594942283e-02 2.368353959193139346e-01 -1.824472745536053278e-02 7.197796720810999138e-02 1.660057472808915968e-01 4.585542863167452882e-02 -1.415265989819058379e-01 -1.374460989262061283e-01 -4.657631010570504465e-02 -6.733700982462838269e-02
1.074904975702671746e-02 -7.027911400057011704e-02 1.672141788854970487e-02 -1.681194227984325607e-01 9.408446357117496162e-02 6.911222597406074808e-02 -8.395167341405899986e-02 -2.349148361477401414e-01 -2.737507426238714459e-01 -5.373572057347951736e-01
5.187850138481122642e-01 -1.053903179047997185e-01 -5.270954360429174201e-01 -5.608046980800903691e-01 1.233594638133053839e-01 8.653048285317595234e-02 -5.135519274314858107e-01 -6.791924981267138950e-02 -6.203030723499245447e-01 5.113380919168566408e-01
4.612466025282980220e-01 -6.363535160082546271e-01 3.783305316911851346e-01 5.747403348737900597e-01 6.293954991851105074e-01 -3.054118614364920159e-01 4.009380818033602134e-01 1.716935479681984678e-01 -1.269313936368557556e-02 4.825749772470008248e-01
4.199269817550240202e-01 -4.466573361506958606e-01 -3.798340649283543646e-01 1.662859073886664985e-01 -1.395414240550184870e-01 -4.137095092278832986e-01 5.035492806006846012e-01 4.229499750454044360e-01 -1.275482284686171586e-01 1.121246259421166680e-01
2.125820415414404752e-01 7.906207600467018981e-01 5.095673300195071587e-01 6.025118618485811872e-01 7.222737893186251812e-01 -8.031504300759133574e-01 1.674390876923820826e-01 7.928688551108132865e-01 3.089495359496274851e-01 -8.702827180595354983e-01
2.728230511856654661e-01 -1.141676114514908469e-01 5.318979508942292544e-02 1.347092869039785701e-01 -2.031749736376027848e-01 3.542142611281100528e-01 -3.172471640202194354e-02 2.402499732509707220e-01 1.385219012681590256e-01 3.452304486689171670e-01
4.324807901890816986e-01 -5.395929588831857027e-01 5.568217391778854664e-01 -3.537965115491062407e-01 -1.771298582574497571e-01 -1.600535458052391169e-01 5.558924840853551874e-01 -4.461051228686059300e-01 3.265315413784541376e-01 -2.323059684514371670e-01
6.766387347234890104e-01 -2.550036001543870556e-01 -7.074584532560286299e-01 8.932583712407800025e-01 8.626010642852723065e-02 9.341072077569158028e-01 6.929450204352914922e-01 -2.708447988666320971e-01 -9.290677505436950590e-02 7.890342439403916774e-01
-2.185647229686205339e-01 6.997154291651367340e-03 6.326993185997560609e-02 -5.221780727088439766e-01 -4.270204981556831036e-01 -2.362400559247167242e-01 2.175168193595088117e-01 -4.060706089555362053e-01 -2.963197999352509271e-01 1.429766202040594347e-01
4.210560220871596530e-03 4.540019064211043426e-02 1.258538633665499604e-02 8.279596949649674353e-02 1.599952136099480832e-03 7.222953358584903449e-02 -1.875396058563025400e-03 4.773205388444048264e-02 1.131322614960534462e-02 1.789883381587479075e-02
-1.263690881366870966e-01 -6.033428703456558129e-01 2.758625817220848320e-01 3.305163767251933365e-02 4.912991337877430365e-01 -4.560551508378427044e-01 2.468476451478492650e-01 -3.980955875344460160e-01 7.145861607531193149e-01 4.417302526820097164e-01
-4.829172056264428026e-01 6.743106357398569450e-01 -1.037933451304100252e-01 -1.630155064509373197e-01 4.557705397727054297e-01 5.137840500427385271e-01 2.683893725222492588e-01 4.596582347261550239e-01 -4.630671756092054614e-01 -3.978408678507263652e-01
-6.530161187377256371e-02 -4.141794133005557432e-01 5.503523010473797966e-02 -5.763787723732471946e-02 1.545572420660530355e-01 1.774950564954609344e-01 1.129732669721710686e-01 4.090985593950943189e-01 -2.722188445628824782e-01 3.254540591772620006e-01
-6.774073088010724719e-01 3.952187224649920672e-01 4.481590827274546385e-01 7.199331071680985517e-01 1.306635261523256819e-01 5.890255905583359208e-01 -1.913512726767979955e-01 -8.460772214137615710e-02 7.054225387530884683e-01 9.196894128597514484e-02
-1.490477443813065794e-01 6.238927943301023626e-01 -5.614585958968016932e-01 1.914988254931313250e-01 3.063085697090609516e-01 4.258206394977051557e-01 4.000012947975642996e-01 1.154989643312155922e-01 -4.286998986985113280e-02 -1.581373345310989609e-01
1.125533272151667090e-02 -6.006896085171715451e-03 2.826505834754899568e-02 5.553274413182937574e-02 7.019670604935140945e-02 2.388116960554080917e-02 6.271856663104154184e-03 9.350948678229453748e-02 4.053223441539043070e-02 4.537463384389615190e-02
-4.907745872959856648e-01 5.992975767180811486e-01 -4.900934803954464236e-01 -5.607758346926296732e-03 5.723004206011714778e-01 -7.475755570291027219e-01 -7.993189104707297821e-01 2.622262198774505393e-01 -3.389336660214536390e-01 -7.029616313088624668e-01
-2.122772103339596594e-01 -1.585501605631449151e-01 8.042338189789872971e-02 1.388807055161402626e-01 1.414100529079591884e-01 -4.137560079344289043e-01 1.107850151653099746e-01 5.752630779595320210e-01 2.056165720520184426e-01 -8.245164875218365108e-02
-5.440253872689875259e-01 1.967742121556896040e-01 -8.097437781563187054e-01 -3.330835975735289001e-01 -6.752590148256647495e-01 7.873230803552878909e-02 -8.324195942817986804e-01 -5.071841482258911959e-01 8.002012600002471610e-01 6.870993786759219679e-01
5.004275610661103324e-02 2.881911094318191299e-02 7.685784670572089194e-02 -4.463600519989056187e-02 1.804822140130642183e-02 2.776044866025142652e-02 3.565658485126185079e-02 3.435551739320714948e-02 -1.754224180389665419e-03 1.307492834614653286e-02
7.473650223937304549e-02 -2.045707562402171442e-01 2.925883690033085904e-01 4.335829745818203795e-01 -4.832679312911275504e-01 1.856663385617396134e-01 2.247159663263387785e-01 3.717357172277787475e-02 -4.942910835818621895e-01 -5.557080872270696581e-01
2.139712905155592426e-01 -1.155647030750303061e-01 2.155023706888294366e-01 -2.676286156144519479e-02 -1.929943212324114754e-01 -2.253373085008080756e-01 2.267864110620754214e-01 -2.451572723428371570e-01 -1.122830604630765117e-01 2.826748219188138789e-01
6.965883060528628157e-01 -4.800309701971113840e-01 4.768131344378270797e-01 8.245664755045499783e-01 6.134350946612547872e-01 -3.286006700711317091e-02 5.271073702532469429e-01 6.936994200851136494e-01 5.925099950804117999e-01 1.054218233065900290e-01
9.675488532224553462e-02 1.150658243515397944e-01 4.730601806537985121e-01 -1.432682114865228562e-01 1.861333506840964769e-01 -1.967803017762959072e-01 8.841739438867927958e-02 2.648001496382977882e-01 -3.721365905163108168e-01 -3.559379499105099764e-01
-3.568859393170907834e-01 1.337314902937730976e-01 3.852064689619312254e-01 -5.816074376078987918e-01 5.703622926540408145e-01 -1.209032175875061205e-01 7.210859858478007034e-01 -5.607904750337135980e-01 7.488341313480006978e-02 -4.131657649213491684e-02
1.557402146265435272e-01 -2.153575962794211374e-01 -4.109669775790060209e-01 1.323384692850766362e-02 5.163465842736756489e-02 2.644610845126406373e-02 3.746429128799053654e-01 3.804249488659403600e-01 -2.813591156266600363e-02 -4.852810608219768618e-01
3.044719509855179362e-01 -6.140420904266209456e-01 -4.692109647676042661e-01 3.028932752488884203e-02 1.541876090766033935e-01 2.916126059705046458e-01 -2.633898250924229800e-01 1.999321040511868597e-01 -2.638596746055650866e-01 -4.027972096909178679e-01
-3.664442005515364947e-02 3.771753367853761252e-01 3.172548146749210041e-01 1.813478518735658351e-01 -5.180144309342046144e-02 2.234391818439788735e-01 -3.224793100273207203e-01 1.835081714259334806e-01 -6.033295842610602103e-04 -4.147088708794942069e-01
2.501546432433510714e-01 -1.879459415169724701e-01 -1.563450676367824921e-01 4.514920617795759594e-01 3.866983311706067017e-01 4.684398412967623049e-01 6.908214393708933532e-01 -9.462885239288701400e-02 -2.891590470893355969e-01 3.423263936238978844e-01
-5.097244236627239689e-01 -2.120608824378802659e-01 -5.554928396385876849e-02 -7.240447257557157575e-03 2.649035974000489291e-01 -2.318965610123300825e-01 4.192543468919023367e-03 -1.832022639865092117e-01 -2.861163949522310679e-01 2.377374393439998790e-01
-1.443410272905154279e-01 -6.335207153326380403e-02 -2.167179778323682915e-01 2.043883995174620716e-01 1.629332256308226312e-01 2.481628749538280221e-01 -6.612522576483474690e-02 5.307762457898659858e-02 -1.563710443753736938e-03 -3.130222531671292274e-02
2.109031992189888127e-01 2.420699558561545395e-01 1.713667694525014829e-01 -2.138809283786541338e-01 -3.637580844852157935e-01 -2.426067694019814758e-01 2.368052617293431583e-01 -3.104614044579785959e-01 3.494673370809631141e-01 6.445813470226172126e-02
-1.975675401254936008e-05 5.349906054292722368e-01 -4.410896662918668554e-01 4.749682872683901880e-01 6.461868256831446722e-01 1.768923197933170155e-01 3.234158671546559227e-01 2.757463577187512782e-01 -4.688957212300655653e-01 -6.461561183030440914e-01
2.805584242972027353e-01 -3.694496695283272514e-01 -3.884728693696440360e-01 -2.315283148660959855e-01 4.686962592286409990e-01 -4.394579290941626887e-02 2.083683677936539955e-02 5.149384198780001531e-01 2.607064654541292326e-01 -2.428637208768523459e-01
-6.656357635982367016e-02 2.962872751524078807e-01 -2.509054885703824178e-01 1.818205094780602493e-01 -5.116328367879255934e-01 -1.680076595853934318e-01 3.094637576028524961e-01 -2.793935160084937142e-01 6.669589690796801085e-01 4.497214506575288318e-01
-1.190298885966711503e-02 9.425103664084989730e-02 2.121430480570294097e-01 2.056964765730220634e-01 8.888460934795693047e-02 3.553274283426109403e-01 1.687949649660871743e-01 -1.086283160460827374e-01 8.696674831199693867e-02 2.543108341356946633e-01
