6.287404637941100827e-01 -7.940676426269056565e-01 -1.146496635199333591e-01 -6.193514190687705590e-01 3.219144031387101701e-01 -4.556664562998022361e-01 3.519312984871801886e-01 5.922471015742489797e-01 8.047235416333732294e-01 7.074270160658492346e-01
1.492951317182779070e-01 1.205552228752587440e-01 -3.875846902106271918e-01 4.043371011631194945e-01 3.953880054928125554e-01 -1.075109024401527252e-01 -2.522817176063438249e-01 -4.310761330655161205e-01 5.161344600280395323e-01 -2.685279103684892754e-01
2.785581223218994151e-01 4.415282568859644208e-01 -2.006603407434627215e-02 6.558819870846767097e-01 -5.671316237579571151e-01 -2.936275734633991830e-01 5.547858643178623650e-01 2.517389136143664552e-01 6.815381089036017803e-01 -2.657527613688876467e-01
1.626421542788391295e-01 -1.845325869501755756e-01 -4.912938020820941526e-02 -5.249140682916419998e-02 -1.482167466748135487e-01 -1.524359395184574917e-01 1.996986825187108128e-01 -1.631613081195428250e-01 1.450841240035362911e-01 -8.767880865197542894e-02
-5.310173445812821184e-03 4.656437495852425775e-04 7.421472638405460232e-02 -8.394294316833840475e-03 8.617486958995136670e-02 5.887563997857964831e-03 1.523765588319439361e-02 5.920391394814265851e-02 8.699155017544894439e-03 3.524602580156389886e-02
-4.455889797964139309e-01 -7.469067636094556262e-01 -4.071304739799146838e-02 -7.938350411466529311e-01 7.015946149046331515e-01 -6.938069806278944762e-01 5.530901936260463891e-01 7.119039701129611375e-01 6.743750332327705932e-01 2.297363567164321663e-01
-5.622122287851212714e-03 1.624918834895501540e-01 6.056697649714776893e-02 4.988855840282453366e-03 -1.220332674178755197e-02 1.191252477181408559e-02 3.829222431020126022e-02 6.916351139033289491e-03 5.499411453674481198e-02 5.040525425632366718e-03
-5.348481517235124105e-01 6.801705995785326531e-01 8.178860393518645744e-02 6.853243805424874546e-01 2.256571638080274167e-01 -3.245137722414286330e-01 -3.838042292451476212e-01 3.201659899795609165e-01 -6.046332622193277828e-01 5.597002841880461821e-01
-6.996438378357698606e-02 5.908678469226696928e-01 5.496967408052012560e-01 -5.607361388793163925e-01 -2.789584081533396098e-01 3.699977230884721191e-01 -4.177622680558075730e-01 7.204566375478426155e-01 5.173452184874192117e-01 -1.900904636420255311e-01
8.029220997717165936e-03 -3.542342145013491640e-03 -9.085928514307679837e-03 2.223157571805320712e-02 8.861911266292908651e-02 3.958507409517623976e-02 1.153411472773556087e-02 3.892531743610348760e-02 2.589316163806254165e-02 1.669005418506292610e-02
-1.734877153063823368e-02 9.384933475671879133e-02 6.631482541150840460e-02 -7.243091986319354081e-02 2.213896902293955860e-01 9.017002073469761181e-03 -2.961340309655416392e-02 -5.724380818658198790e-03 2.705861183160951713e-02 5.033791244707232215e-02
3.422758191418902585e-01 -3.188873342346108530e-01 5.949347312202157845e-01 1.864118659715988946e-01 -3.493897742518928262e-02 -2.090211889121166289e-01 5.402824632111228320e-01 5.067821289726179845e-01 -4.532778163954502282e-01 4.087134859251028152e-01
-4.221346791835091650e-01 -4.389852247153065712e-02 4.416803199995714135e-01 5.803373505502001928e-01 4.667858233400990486e-01 -4.593303584124004968e-01 2.075204684940639699e-01 -1.354991884857845164e-01 3.159748358246439182e-01 -1.278493853839890171e-01
4.151566697087018531e-01 2.013482535967676124e-01 -4.654293193700551057e-01 6.360787359179027600e-01 1.753079284576654628e-01 5.417940033943395572e-02 7.427913767871561213e-01 -1.601277650189326940e-01 4.120932469088812167e-01 2.870262610306956175e-01
3.105315620879074978e-01 -5.497206016583071619e-01 3.597104667898781694e-01 -2.362402280976876323e-01 2.911962539167349817e-01 -1.804513775174815815e-01 -4.546153953562188654e-01 -1.669062440355342514e-01 -2.011025745531731801e-01 -6.829679983610053018e-01
-1.501555789028920446e-03 9.455668612602823042e-03 5.232872583305479830e-02 2.274797164401468411e-02 1.258601150058736434e-02 4.425494105709811693e-02 1.002914659416837516e-02 6.018799352966315054e-03 1.936036991792742384e-02 3.306006190384536136e-02
-4.096268168299349588e-01 1.000884842543170450e-01 -5.458335711041066851e-01 -4.685870010172932809e-01 -1.238898234877115756e-02 2.004075448100096912e-01 -4.094611943201632159e-02 3.617068382467265031e-01 9.770084853471996955e-02 2.452540800580546576e-01
8.297675979291061488e-01 -5.337673524142813042e-01 -7.693721757422219421e-01 4.700893472448047783e-01 5.959690468887467452e-01 3.149312029428201765e-01 1.115673493867998245e-01 6.657052871928205162e-01 8.042208318978862902e-01 -4.411909926507240343e-01
1.412119055578224406e-03 4.171071398887526288e-02 -5.889158613593010738e-01 -4.766890432848960857e-01 -5.778833613781148015e-01 2.851325825561344951e-01 -3.638077939878581746e-01 6.698833888845859841e-01 6.704777172592889245e-02 1.281360147274122202e-02
-4.502792678021871886e-02 2.431391910778232524e-01 -1.344427121663429869e-01 6.337776771731246095e-02 1.918852211421882281e-01 -8.726405200511405669e-02 -2.022003822988696908e-01 1.393090840571124256e-01 1.466337436174199871e-01 4.499259803186016204e-02
-1.452100651637428267e-03 -5.364109753408168729e-02 -2.370536697203096121e-01 3.656302873804905818e-01 -4.089613496663003778e-01 -2.569534153393056644e-02 1.785603139641969150e-01 1.911814208783593205e-01 -3.076796623246224605e-01 1.767767906831963221e-01
2.765793070304615742e-01 -9.256441162717808646e-02 -2.290900472378306629e-01 4.027844377645420360e-01 2.652791695351970347e-01 1.643967884950433000e-01 2.095227034524173582e-01 -8.929071729682937220e-02 -1.257542936305812153e-01 -2.132221296257140741e-01
5.862574180390179440e-02 4.190438447705153169e-01 -2.054862781197272503e-01 1.723516999904690650e-01 2.554438943360743952e-01 1.309516935152029160e-01 1.022588189394342678e-01 -5.565106368497687445e-02 2.455032877373135303e-01 -7.036093458094951070e-02
5.222859438512279517e-01 1.115503794002428994e-01 8.166470403331563821e-01 -8.842797228240892871e-01 -3.956412157045255951e-01 8.721850074208477299e-02 7.580190187037841865e-01 -7.725547727836102885e-01 -2.095714696952360179e-01 -8.076435672795606591e-01
-6.268768999614631188e-01 1.826927554035510104e-01 1.280999868086744875e-02 -6.590610513990681485e-02 3.363532923288404808e-01 -1.342953114391361169e-01 -6.824933120679330667e-01 4.619616164829206117e-01 -6.516124936841152238e-01 -5.984530544419248699e-01
1.120233186348384112e-02 -3.691837815369594655e-02 -1.620066985529339601e-02 2.463487910555278437e-01 -4.866765370676927605e-01 4.192333796843900062e-01 -2.054696958540193352e-01 -2.445730371418565474e-02 2.186524515508856681e-01 -1.160854253045758150e-01
1.708746525992220489e-01 -6.254906823192453169e-01 -8.089526621125853190e-01 -8.175246818699043183e-02 -3.101086572783643969e-01 -7.991506990614819506e-01 -6.672946735581490874e-01 -7.253789859630451753e-01 8.638641553147494712e-01 -5.173038306502854011e-01
3.682373933155927981e-01 4.731286369064388042e-01 -4.054932712287209751e-02 -2.682364578522338228e-01 4.398069040541390806e-01 -2.772683445893797671e-01 5.128877552956245811e-01 3.514245950047252265e-01 1.544917784009288142e-01 1.384895880729516693e-01
-3.188110162000019066e-01 2.902384778249802455e-01 -3.572854827041809650e-02 3.128855597538512251e-02 -6.897555427184459687e-01 -2.378428587071285960e-01 3.301987338228883906e-01 -6.524542009193222691e-01 3.853478563619357478e-01 5.948223892805038328e-04
-1.721458921478585535e-01 4.757574439695410606e-01 6.127162110864055045e-01 -7.034682224024813024e-02 -2.154281089365649438e-01 -5.387031999871597643e-01 -2.586766297207946375e-01 -4.090646750113435814e-01 5.185813801605729800e-01 3.589827703595895869e-01
-3.799361311312505207e-01 -5.405375179283583575e-01 8.694162703316823393e-01 6.499950629334740881e-01 5.102319711793527057e-01 -1.409139001078151821e-01 -6.758341692722280580e-01 -8.332533572654975129e-02 -5.776703731684670329e-01 -6.630139055635672074e-01
-6.650023261301990507e-02 -1.096398610100656340e-01 -6.913126579560692209e-01 3.337658314649697422e-01 -3.807309086136907994e-01 -5.797202435055883729e-01 7.975489225494796219e-01 -1.519490645755990355e-01 -1.317809381266453750e-01 3.544702390936349534e-01
-1.488271843475145739e-01 6.066682926332369608e-01 -4.886276104495880235e-01 -6.684411006853993031e-01 2.550986883040542996e-01 1.320722494437588657e-01 -4.303209573099332774e-02 2.546335965153860292e-01 3.152586591209867728e-01 2.484268722371976434e-01
3.095467562796820893e-01 6.346062628014522700e-01 -2.220737659533820185e-01 3.531754950647321145e-01 -6.140445819477343692e-01 -5.788586427137520918e-01 1.084712553761874310e-01 1.928370404015228856e-01 -1.165840933956825698e-01 -4.406544854979609349e-01
-3.418712175870185915e-02 3.171040437050774430e-01 3.513159133742367324e-01 3.133382739530327088e-01 5.175897999993522847e-01 -2.785720434744194396e-01 -3.702543561720029186e-01 -5.310145585342374713e-02 -5.642298215735629396e-01 -6.177449256798479837e-02
-3.525683358926978150e-01 5.893748412529301595e-01 2.752522101260773124e-01 4.290880454807791677e-01 4.016465470963127560e-01 -4.510812271983185573e-01 3.563260736726626687e-01 -2.616132926444839080e-01 7.174063058788426872e-01 -4.217273009320431365e-01
9.509694687809554237e-02 2.949919201186263634e-02 3.375579758992452301e-02 4.045845871171532653e-03 -5.038811756911971279e-03 -2.600086094743514400e-03 3.851237705322614960e-03 1.561906022474420508e-01 -9.122621691195213073e-03 5.606600773585245986e-03
1.520075267051072543e-01 -2.718881759439205001e-02 -6.445985382232591711e-04 -1.816582579488389693e-01 -2.521794214128247891e-01 -7.700394189884482432e-03 -5.981750277211244499e-02 1.084624583938182535e-01 -1.194868139471400165e-01 -2.973552982565228486e-01
3.829267089024944171e-01 -5.490662910246074668e-01 -2.858354936714149752e-01 -7.031813275388871798e-01 -6.883259990376806858e-02 -6.953697649729301267e-01 -2.029527354573571474e-01 -6.338563814035856891e-01 -2.109160192168718292e-02 3.114561937966990324e-01
2.877032464127011330e-02 -8.638870502904530402e-02 1.726693721601142185e-03 -9.993191747563441932e-03 1.681643461717739207e-01 9.063794339481330217e-03 7.403687732197998528e-02 6.861401220112484101e-02 -2.518988441773926945e-02 7.186068789791823230e-02
1.116434106534595766e-01 2.499527578229753244e-01 -3.570528866711842469e-02 1.107355558205986856e-01 -4.310406483112481230e-02 1.707431640766115810e-01 -2.878750751469567604e-01 1.831712719094011066e-01 -3.190165328174264688e-03 7.177636188146091500e-02
-3.845419309579568012e-01 -4.000758148902135852e-02 5.798203167486836174e-01 -5.043594387979666305e-02 -2.528637886022492287e-01 7.123679053797334904e-01 -3.191835801255197835e-01 -5.180371709394027135e-01 -4.081764592090019184e-01 5.430649685342818778e-01
5.803883837922712008e-01 -7.597581026262169301e-02 -2.596685787387861821e-01 6.618785597504396323e-01 -2.619555231974667886e-01 2.617166842765165577e-02 -7.756293472146312817e-01 1.503497549107533082e-01 -5.355065086136716612e-01 7.418875199266743437e-01
2.505618269408316223e-01 1.718018857855298787e-01 8.693052796467129820e-03 1.158983283054523389e-01 -7.317936425565760294e-02 6.444193461283756474e-02 4.343755096617139128e-02 5.406271537874893923e-02 1.178863310254076591e-01 1.408815295748173935e-01
-5.197755899333263985e-01 -8.463714776873855206e-01 1.547496399534427358e-01 6.035672820052780940e-01 -2.752484926088579753e-01 5.896987029830610405e-01 -8.403612148332614273e-01 -6.959657276609190757e-02 -6.876901940894826204e-01 6.391971179348640009e-01
-4.645770409154807712e-03 1.652366052803558999e-02 3.672106207845653864e-02 -2.490470744570334044e-02 1.171911162850395281e-02 2.142598995947356949e-02 -6.299046622197650158e-02 4.674843704918653364e-02 -6.305750626792880342e-02 -4.601634337186599755e-02
2.004833977860615291e-01 -2.358819422371192520e-01 -4.381717678715180697e-01 -2.981601388436925237e-01 4.333944182855514193e-01 3.656793472402197209e-01 -2.071460263046803196e-01 -5.355755271566229325e-01 -5.180201593310593822e-01 4.929945677688711836e-01
2.802085219550621287e-01 -5.122367846500679445e-01 -2.090551779481344269e-02 -3.411440856859537796e-01 9.730180750749863050e-02 -2.946853852186888667e-01 -4.034742250263040897e-01 -6.426162798837248280e-02 9.850239821871253562e-03 1.793171824722966934e-01
-1.136709411091838401e-01 -2.908183066299752095e-01 -7.874991433552655518e-02 7.177790441855885772e-02 1.687550994400172089e-01 2.193297287084747804e-01 2.402461020490982979e-01 1.995037749988084752e-01 1.253277099866955957e-01 7.062311614754816780e-02
-8.561071905975570218e-01 4.485757036570430789e-01 8.852001980553485250e-02 7.394308439017767132e-01 -2.688921354559422050e-01 -3.178832789374650414e-01 -1.515146237814779251e-01 7.620940606104077419e-01 -5.123821231681391364e-02 1.402140624236341004e-01
-2.434780778790519573e-01 8.401122554865352032e-02 5.654466993010573983e-01 -4.030189701592106211e-01 1.994346759549916470e-01 8.066047740534015853e-01 1.951533135550752307e-01 -7.684061297039623643e-03 3.367345879311333667e-01 -4.147929489278349147e-01
-5.710231274163824096e-03 1.327816432659311430e-01 -5.462242252372975782e-02 -1.297567524740999290e-01 1.567334014112570229e-01 -1.788523478114047160e-01 3.846949952212681129e-02 2.631040697640550305e-02 -3.533002793939945402e-03 -1.299913805083672824e-01
7.328221963857761700e-02 -1.857983153067021631e-03 1.754306098362473920e-01 -1.824827094621862822e-02 -3.420382389736258133e-02 -4.495456548181925305e-02 -1.300914862973326022e-02 2.636806841299166662e-02 -1.287483731731239589e-01 3.366455521744111251e-02
-2.856270814020834825e-01 7.658223267758557107e-01 9.158329818609215467e-01 -6.208364084605475508e-01 -1.042580735092967920e-01 -2.555995284392914568e-01 -3.159152036208484615e-01 -2.246234037860741495e-01 6.816277463025554040e-01 -4.021956964353186614e-01
-3.389390710364894588e-01 -4.367519965327552045e-01 -4.449282970291255634e-01 2.746807082587052751e-01 -2.323341159370643227e-01 7.263955522977904034e-01 -2.092359636681934421e-01 -5.143979920780258341e-01 7.523781881721110232e-02 4.391075425206085181e-01
-5.075840572857946986e-01 4.419516719174383379e-01 5.394090261569424172e-01 -3.209969656981738750e-01 -1.560388524937479093e-01 3.177853222576165759e-01 -3.198797470956100675e-01 2.312283088328630776e-01 -5.809708899536433213e-01 -7.120356414475003115e-01
-2.347009761820742224e-01 -4.529559679311893072e-01 -6.247677918756598947e-01 -3.896736735720912614e-01 3.795998346620165220e-01 -5.365712324878427752e-01 4.779124830656367173e-02 -3.171142293175079341e-01 -3.665728356716959069e-01 1.471760429082469568e-01
7.301839508572612047e-02 -4.136067181455013730e-02 -2.418610182287333765e-01 1.725075949751489757e-01 2.762611189459654795e-02 -9.177196437632087478e-02 6.480455533719522987e-02 -1.270940901160910134e-03 9.766910820879319555e-02 -2.236414447069219880e-01
-2.601421091634883997e-01 1.643657806818433764e-01 1.960926865089450688e-01 -1.471176640499755883e-01 -5.756233078737706954e-01 5.646875069611054787e-01 -1.277665695727323580e-01 4.406138219941258538e-01 -1.769946151219895791e-01 -5.503078686702924660e-01
7.886662507424012369e-02 3.699520015573682513e-02 1.290822042788259717e-02 7.563282398605213064e-02 1.094493386302908544e-01 6.316116999888015358e-03 2.498804782057839277e-02 5.189397004004010772e-03 -1.557119876985434831e-02 7.042056349601473302e-03
-5.659571527620665954e-01 -2.822593693193768960e-01 -4.568845388646227690e-01 6.320343139986839276e-01 -4.826018675893514187e-01 6.937943160094569572e-01 -3.441843409176167379e-01 -4.597271340957411745e-01 4.821630361210267335e-01 5.603969220791954475e-01
-5.398081568250976403e-01 -7.966868143784448797e-02 3.621755011549473435e-01 -3.990136947514103666e-03 8.202307052801880438e-01 -2.675112448297455869e-01 -2.275999788637087518e-01 5.786775370069210389e-01 -2.557033249467002278e-01 4.229188867926926276e-01
-7.212824347515403578e-02 -4.128722251773080804e-02 4.724302046490089918e-02 4.703484350634486166e-02 -6.194886236097889645e-03 2.517279480427806956e-02 3.914291347001442462e-02 -1.048735740054564623e-02 8.523788045791102705e-03 1.087205645300059198e-01
-1.042390311761294680e-01 2.425920064091654782e-01 -1.663469939932972833e-02 8.060959333847272923e-02 1.812148574867648854e-01 4.424576304916243846e-02 -1.649182457349638031e-01 -1.421170467178916597e-01 -5.322084715788589354e-02 -8.630833574767991789e-02
1.142378306186605380e-02 -7.428172750482499309e-02 1.425898772527265691e-02 -1.761402483768766680e-01 1.023690574400178688e-01 8.110757354891179327e-02 -8.633218619244072134e-02 -2.578704835949913732e-01 -2.812873098280500028e-01 -5.569155373242032914e-01
5.212670668307843869e-01 -1.130870273541145499e-01 -5.292208784293115365e-01 -5.637355260321981199e-01 1.252129888714592354e-01 8.696412891513524701e-02 -5.164733547577248229e-01 -6.749810880283246828e-02 -6.239299029299929522e-01 5.136548127745972359e-01
4.617574551227533464e-01 -6.366316058373985287e-01 3.783959631036675764e-01 5.747755900258174622e-01 6.301847900519411683e-01 -3.049414938033795375e-01 4.012971745512999844e-01 1.706016476727617304e-01 -1.259867704598241836e-02 4.826259810060488098e-01
4.226253368031007152e-01 -4.482738916137289364e-01 -3.871771787108551077e-01 1.682264779853721581e-01 -1.393532957897519187e-01 -4.149465032001561360e-01 5.065327693489588556e-01 4.249451318579540726e-01 -1.280734613753449491e-01 1.126017267409299416e-01
2.121483196242897051e-01 7.907840603891650444e-01 5.093771740295183204e-01 6.022733651185621095e-01 7.223224278014704902e-01 -8.030892691915877402e-01 1.672880808194567581e-01 7.931663310467309547e-01 3.090043485581608906e-01 -8.704368771286731254e-01
2.840969607885520110e-01 -1.173065801249676687e-01 5.354878955587962647e-02 1.359628706187361591e-01 -2.049162048225931232e-01 3.744317452190316642e-01 -3.589623171515537309e-02 2.352082985537227444e-01 1.437518401710827509e-01 3.461548943619918162e-01
4.330486645526611111e-01 -5.437674842740418679e-01 5.572222191857827411e-01 -3.536320076532241119e-01 -1.760800087705059747e-01 -1.583701164144980800e-01 5.537864401467247344e-01 -4.469750879722093062e-01 3.273467601359849599e-01 -2.340514808857670492e-01
6.766387347234890104e-01 -2.550036001543870556e-01 -7.074584532560286299e-01 8.932583712407800025e-01 8.626010642852723065e-02 9.341072077569158028e-01 6.929450204352914922e-01 -2.708447988666320971e-01 -9.290677505436950590e-02 7.890342439403916774e-01
-2.177539619374742885e-01 6.296365638903485620e-03 5.955360624074331616e-02 -5.251150193683478129e-01 -4.297311471056195487e-01 -2.349086306840588168e-01 2.205731391118085916e-01 -4.091084664498013113e-01 -2.980222356722871946e-01 1.438827743664516656e-01
4.298743011684131796e-03 4.261896187618008369e-02 8.424146915106168337e-03 8.265302565769197529e-02 3.578103035625273577e-03 6.528813480140423231e-02 4.440761211346714969e-03 3.458517137109394513e-02 1.228461739357289764e-02 1.501223130130424112e-02
-1.259160974665620991e-01 -6.033840836804310603e-01 2.770593858781159602e-01 3.300243819191163441e-02 4.901334557306819550e-01 -4.554580323859993007e-01 2.457520491740942670e-01 -3.975114253261788910e-01 7.155292926613550097e-01 4.422790103704523079e-01
-4.829228732254735590e-01 6.713207687636112420e-01 -1.039793608391738761e-01 -1.635735938734177997e-01 4.567119445014515833e-01 5.141586378647516886e-01 2.680681874445055568e-01 4.602763189332340077e-01 -4.640000711352406104e-01 -3.978484369630859163e-01
-6.690920911562635298e-02 -4.216632387746724331e-01 5.752983494091755412e-02 -5.661607341754645167e-02 1.608848504992580197e-01 1.723516309046035921e-01 1.148779193811794025e-01 4.137212169035449638e-01 -2.791961250942722184e-01 3.303955322370050740e-01
-6.774863917345501640e-01 3.952660674108364747e-01 4.482060513170984528e-01 7.202363795999752183e-01 1.306994867854527065e-01 5.892241917602539791e-01 -1.913622605336564308e-01 -8.566302744979863160e-02 7.055714477412028396e-01 9.196806983387342815e-02
-1.490838309091669089e-01 6.240551516878951599e-01 -5.614921935680459164e-01 1.915717233725114654e-01 3.064011787188630209e-01 4.242779652652198807e-01 4.000943987677680891e-01 1.155297189191739765e-01 -4.284272791588020907e-02 -1.581009304631710299e-01
1.297744629204810284e-02 -6.455939193844969538e-03 2.139728519837068299e-02 4.963080777684664852e-02 6.570165569191108168e-02 3.062049658960638854e-02 5.528906689591375420e-03 7.392184882663040135e-02 3.556817467511504821e-02 3.758303154235395627e-02
-4.907602757025549822e-01 5.988422103889211590e-01 -4.900527789869351669e-01 -5.578482552799256082e-03 5.722856435819818621e-01 -7.475723516006161917e-01 -7.993104405053780281e-01 2.622810781985547290e-01 -3.389147494737779209e-01 -7.029569027860950170e-01
-2.140139098845493804e-01 -1.656782959031086189e-01 8.137464530350385639e-02 1.391647748108422733e-01 1.431374000399697477e-01 -4.169109953141527103e-01 1.117391679148232453e-01 5.746331587067998736e-01 2.076125160515560064e-01 -8.282077740748586270e-02
-5.440781224487674095e-01 1.971620543360064759e-01 -8.110525961610050016e-01 -3.334631131441526675e-01 -6.753221335030161754e-01 7.859749124434571577e-02 -8.326318059738143651e-01 -5.072282819609427174e-01 7.998484638095919586e-01 6.876769919404208675e-01
4.623402465287205360e-02 3.379120913951663696e-02 7.942162701638516564e-02 -5.804874267329220711e-02 1.622475406275912524e-02 6.923911395439094271e-03 2.213855615232971502e-02 2.126253479448000916e-02 -5.106226151923513867e-03 8.909158547592475191e-03
7.557177295346403922e-02 -2.066557549665773152e-01 2.924884637136173637e-01 4.351660527554399027e-01 -4.839408406079114267e-01 1.838414390400192333e-01 2.273574592567301489e-01 3.686532970910313262e-02 -4.961123014135292997e-01 -5.571625700955800120e-01
2.318489382962211909e-01 -1.232998644859678167e-01 2.345778236646066661e-01 -3.127062262918473695e-02 -2.059713283420536445e-01 -2.377765967993721308e-01 2.253666408623140049e-01 -2.650967697135007684e-01 -1.232990382911933885e-01 3.047523025013645914e-01
6.966024598602009732e-01 -4.803654679460762633e-01 4.768636038649868847e-01 8.245754540365026752e-01 6.134710511406586964e-01 -3.284804306735356061e-02 5.271048353962073385e-01 6.937008214593028965e-01 5.925053281436371000e-01 1.054250520059231977e-01
9.536130607350694344e-02 1.156140765698526335e-01 4.702585215486808634e-01 -1.436923221045733334e-01 1.873036425510831438e-01 -1.971140000130096881e-01 8.861844864202080008e-02 2.657465296971542879e-01 -3.726313285305527523e-01 -3.562485552778558162e-01
-3.569349740244873170e-01 1.337429944546205396e-01 3.852411093218447435e-01 -5.816591796601461306e-01 5.704134460217060720e-01 -1.217864651408716997e-01 7.211506936046733207e-01 -5.608409513014083192e-01 7.488994271681992387e-02 -4.131912021827699455e-02
1.581327701057526625e-01 -2.184054217239175533e-01 -4.172346259867155682e-01 1.426459009844785464e-02 5.123722195517194794e-02 1.561925483280420662e-02 3.805377770858852093e-01 3.886921524304675080e-01 -2.883619982291440315e-02 -4.975530695383196811e-01
3.048648417252647347e-01 -6.146915094247679123e-01 -4.716352418000598901e-01 3.028129163056622261e-02 1.546167046450458993e-01 2.919247612313137230e-01 -2.634835859848536077e-01 2.002768491569466569e-01 -2.657354104360208913e-01 -4.030752896728245771e-01
-3.685590394891317956e-02 3.748650137147095940e-01 3.186997751601248763e-01 1.824444009350318641e-01 -5.511680240663514863e-02 2.230661371716654295e-01 -3.237183026314592871e-01 1.844130472774137552e-01 -4.744311630360318710e-04 -4.170121221974865677e-01
2.504793051038253227e-01 -1.877636292801217188e-01 -1.566739597832010333e-01 4.523102013918263165e-01 3.873168393323817016e-01 4.666615218006008314e-01 6.924555352910607420e-01 -9.371870260287605559e-02 -2.921079036491810998e-01 3.411268543048289192e-01
-5.116796125976169618e-01 -2.158937197730625424e-01 -5.440191100056815388e-02 -8.111195692758900455e-03 2.656428127315156873e-01 -2.418506318214004025e-01 5.871078152366964592e-03 -1.841680833112732951e-01 -2.863561436729286647e-01 2.402051580283049992e-01
-1.739911859829162410e-01 -6.996819185454596079e-02 -2.533442413656846748e-01 2.470804800114688449e-01 1.769307551315935367e-01 3.067843201151977950e-01 -1.097480990853991201e-01 6.347881175968755896e-02 6.054227587004416562e-04 -4.436712943645020751e-02
2.132469376578402520e-01 2.409857677451097135e-01 1.728193576144227694e-01 -2.154442849627978829e-01 -3.646535560984494606e-01 -2.428426753511008507e-01 2.324936774823384567e-01 -3.150907174294706459e-01 3.518033156979067377e-01 6.476449968793442091e-02
-1.952850004383785591e-05 5.345850735696010547e-01 -4.410979429251816741e-01 4.750046856404532281e-01 6.462332309778512363e-01 1.769210007932194295e-01 3.234265598320461010e-01 2.757706737766146832e-01 -4.689078730621776270e-01 -6.461702987756582361e-01
2.827504455674212380e-01 -3.723374309361217049e-01 -3.955704608020049196e-01 -2.332831365628102449e-01 4.723050566857564525e-01 -5.026559318266719811e-02 2.097572958697935253e-02 5.189292649091961085e-01 2.626108601512336382e-01 -2.449409447734924306e-01
-6.802611019412103943e-02 2.969957716111938373e-01 -2.510721845828579046e-01 1.814336407804933438e-01 -5.122743691393649712e-01 -1.678601242581104491e-01 3.093875620686750705e-01 -2.786191802583808941e-01 6.678321411871973590e-01 4.506045617157236061e-01
-1.995341099804713234e-02 9.681538333801047169e-02 2.211943478508712202e-01 2.099599542865468460e-01 8.323495172029581057e-02 3.670766336461608881e-01 1.714682822453898192e-01 -1.056418379008800812e-01 9.012546916133530595e-02 2.626475426466223784e-01
