6.280370810860745889e-01 -7.900708452511880919e-01 -1.142929964744012900e-01 -6.186190098636619172e-01 3.207755456805296834e-01 -4.559754029269369457e-01 3.531237775738267914e-01 5.918427305828450891e-01 8.055897682052297615e-01 7.068476472542749578e-01
1.488465759470893324e-01 1.206513522372464758e-01 -3.852909890838535079e-01 4.050977145257741441e-01 3.946964130486643185e-01 -1.066607186799556489e-01 -2.524436609414235089e-01 -4.291142287786701148e-01 5.157989877290989345e-01 -2.689594012745061824e-01
2.778155177457650726e-01 4.412632545253831196e-01 -2.006772128243265382e-02 6.552716733046786146e-01 -5.665959592575922077e-01 -2.938043326098821462e-01 5.537735101442691210e-01 2.539817562780528615e-01 6.822020894545458569e-01 -2.665066506562127069e-01
1.853280073762991198e-01 -1.359185125786560866e-01 -1.651809766714796082e-02 -2.533831616967120032e-02 -1.117122860287440567e-01 -6.719587757495144864e-02 1.302189976343803846e-01 -1.036930185847714098e-01 9.352728981684987897e-02 -5.798810447593905071e-02
-7.474767430195582499e-03 -1.430646398634512597e-03 9.289613428969627218e-02 -6.527051609461717065e-03 6.639759046838913936e-02 2.848654294509729221e-02 7.200501812581636303e-03 5.390584391919379936e-02 1.471017822999631970e-02 4.265647276656656800e-02
-4.455942014160415021e-01 -7.466932329887117081e-01 -4.072429741863078240e-02 -7.939508828562382714e-01 7.014793417358963223e-01 -6.939325853074845840e-01 5.530528826842256995e-01 7.124249490015709396e-01 6.743018463651485606e-01 2.296945121876712570e-01
-4.716726247963876073e-03 1.686510484012485045e-01 1.048471968402280713e-01 1.619780285092874139e-02 -1.442921815717040056e-02 5.796549524449324912e-03 3.345576745996806101e-02 1.815852854945031875e-02 8.290450143396356497e-02 7.417043507670927766e-03
-5.348065859851224291e-01 6.800683444201368610e-01 8.299238361642036210e-02 6.851872997616560435e-01 2.255213522852391461e-01 -3.245036675127364600e-01 -3.837646427509557312e-01 3.200879788730779385e-01 -6.045719373950999564e-01 5.596083418658400754e-01
-6.937103534957130002e-02 5.905471374487890612e-01 5.496532808682753624e-01 -5.616418872627310099e-01 -2.803988113138083937e-01 3.666519441849536154e-01 -4.120939610839266520e-01 7.198578331462348601e-01 5.175047270320897175e-01 -1.893332712530081396e-01
8.100982564498222099e-03 -9.031167676537656726e-04 -1.084066205787026504e-02 3.426040234102338544e-02 1.207915694601111450e-01 7.533731624254380588e-02 1.375374209415630537e-02 3.774936097613561248e-02 3.783899327976898014e-02 6.604912397248420032e-03
9.807700818297527753e-04 1.246786262224657688e-01 4.158342076130909504e-02 -2.772297538560884386e-02 1.814068434767501237e-01 3.403431224903023106e-02 -2.143123200834138806e-02 1.238025314353249397e-02 2.554707158456486979e-02 3.852559813461613886e-02
3.422647180832877334e-01 -3.188769917365815720e-01 5.955235130156829593e-01 1.864058200608665616e-01 -3.493784424658238907e-02 -2.090144097114324251e-01 5.402649401874363155e-01 5.067656924679111441e-01 -4.532631152003273600e-01 4.087002300884204908e-01
-4.213201811156761512e-01 -4.423059438952269690e-02 4.404337956689875488e-01 5.789115696799488342e-01 4.678246401607212279e-01 -4.541012123000698342e-01 2.075103277343367525e-01 -1.358069581268842863e-01 3.156903738067489695e-01 -1.272588353136998585e-01
4.146729028150892282e-01 2.026218048214727951e-01 -4.651064505146813577e-01 6.348479868780819713e-01 1.741575137137432727e-01 5.275448118747710219e-02 7.445712043873801145e-01 -1.599228772887624217e-01 4.120426540144189742e-01 2.897613370458497206e-01
3.111676962106262878e-01 -5.498846221221510566e-01 3.648309991964292509e-01 -2.360042054167245107e-01 2.927059217674701785e-01 -1.800769612428922695e-01 -4.542385435273268435e-01 -1.672503756176201561e-01 -2.017737236512099352e-01 -6.815326258350251631e-01
-3.271212187921183727e-03 1.449677933893680007e-02 5.510909724243315960e-02 1.770186932414623965e-02 2.020573027263817753e-02 4.733132643121670119e-02 3.810413465126883531e-03 7.495185999459487956e-03 2.400738798170668972e-02 5.251930324785997889e-02
-3.725985810710251145e-01 9.290775603308475128e-02 -5.152089026372229652e-01 -4.384740390431628998e-01 -1.528870406687625125e-02 1.827522849808214944e-01 -4.669023109055645687e-02 3.492007889108811880e-01 8.883929026301824738e-02 2.419728305576449023e-01
8.297674728204089689e-01 -5.337672719351949091e-01 -7.693720597396798144e-01 4.700892763668072516e-01 5.960076854730534945e-01 3.149311554588830053e-01 1.115673325651671960e-01 6.657051868207143341e-01 8.042207106410176332e-01 -4.411909261298930240e-01
1.311145922120556234e-03 4.142682331439408172e-02 -5.874123952734914278e-01 -4.763299438696140808e-01 -5.774616875481011213e-01 2.848030119812556271e-01 -3.635167499359355792e-01 6.728671828928253218e-01 6.687494936780016830e-02 1.283448801942445143e-02
-2.653202170328647358e-02 2.141696153315353346e-01 -1.239497099537116842e-01 5.953026503826747140e-02 1.859085948854150849e-01 -8.192413731779019104e-02 -1.722057817397706636e-01 1.100297168781424195e-01 1.246365780863211703e-01 6.357982440903676979e-02
-8.069004585848943423e-03 -5.485517801589445686e-02 -2.280652707461995887e-01 3.515019645759540068e-01 -3.935071006083404876e-01 -2.690109329533573942e-02 1.659304549824784647e-01 2.149973853024675086e-01 -2.923794594489860788e-01 1.597129786307612265e-01
2.696442233865162796e-01 -8.987763900903690539e-02 -1.940734160927629903e-01 3.942398492433203949e-01 2.566359391412946223e-01 1.601345758226788707e-01 2.006626428480740854e-01 -9.085136677614451262e-02 -1.222227641765758627e-01 -2.125379381840844795e-01
5.418216482284069629e-02 3.958953584029555328e-01 -1.719493511554829046e-01 1.628363137769393565e-01 2.414179598615811828e-01 1.234409540229456925e-01 9.685450845255544339e-02 -2.849526905540155156e-02 2.324425270635666063e-01 -6.682592187415740959e-02
5.222513062225864200e-01 1.115932158244261063e-01 8.166424704043291349e-01 -8.842731818697499024e-01 -3.957027531654261354e-01 8.720078738653394557e-02 7.579915645030034232e-01 -7.725807554614594341e-01 -2.090371548610247543e-01 -8.073368367209498020e-01
-6.267081714534238346e-01 1.823452298635303559e-01 1.325309914922342784e-02 -6.646375688489944422e-02 3.358414284020060925e-01 -1.310261760603389503e-01 -6.814493000423247349e-01 4.604669301420805105e-01 -6.511153950697026183e-01 -5.960772761688434285e-01
1.066028308391384245e-02 -1.367257432603346222e-02 -1.690435883675643278e-02 2.392515575228472413e-01 -4.778793732511585901e-01 4.057455066691015855e-01 -2.007547030522183751e-01 -2.471146580083059818e-02 2.122609778737847563e-01 -1.152151405776826593e-01
1.707608412717583624e-01 -6.254307043288817036e-01 -8.068041418546586518e-01 -8.185678407514535015e-02 -3.100927905204041157e-01 -7.992084950924376319e-01 -6.671241011177057034e-01 -7.252649452565954613e-01 8.635104242009125075e-01 -5.174313729267544515e-01
3.677388163123413434e-01 4.725299312387560291e-01 -4.058035721340800400e-02 -2.679973855380144987e-01 4.402783979770247824e-01 -2.728533972043007960e-01 5.120619473448253522e-01 3.508167239301576146e-01 1.541406339160142080e-01 1.383244536941381220e-01
-3.188105928833782077e-01 2.929926485505802702e-01 -3.620454858269107901e-02 3.165399565304701651e-02 -6.890454530360337060e-01 -2.330657542211968802e-01 3.332113301861341914e-01 -6.512418929754846264e-01 3.843061430293893133e-01 -1.054319772379261609e-04
-1.695547447235846439e-01 4.719409031486125339e-01 6.101869561161974431e-01 -7.461047909246470988e-02 -2.002814201879380418e-01 -5.376122907567445486e-01 -2.575471751851200475e-01 -4.003872586376533982e-01 5.150910182544707894e-01 3.527951377259643806e-01
-3.802534675145666787e-01 -5.358319905248749571e-01 8.693409414284039016e-01 6.504880439522692237e-01 5.089455858168243640e-01 -1.410581026983547259e-01 -6.744922905277765945e-01 -8.368106295708989395e-02 -5.759590439899867631e-01 -6.630707521252618974e-01
-6.691447893375208900e-02 -1.096803326521041400e-01 -6.900789016017291333e-01 3.332076730250687624e-01 -3.808041284082544498e-01 -5.745455953139366745e-01 7.952633788552297966e-01 -1.531608772692341636e-01 -1.317255128503620198e-01 3.564950976595455123e-01
-1.495171738975969722e-01 6.054361195537695250e-01 -4.883732301905246431e-01 -6.681397052503397216e-01 2.551754247280436094e-01 1.321560407990046149e-01 -4.451086795780798133e-02 2.614438142744316407e-01 3.158524163174730726e-01 2.459430571316283676e-01
3.088221767017055863e-01 6.332330863048659664e-01 -2.220176225324494435e-01 3.518475146970336254e-01 -6.068519059850971953e-01 -5.775324249090548756e-01 1.102914165932722818e-01 1.914837210174422377e-01 -1.172444290489400853e-01 -4.397597175302089267e-01
-3.443368578840934335e-02 3.204197833280963414e-01 3.503651455830371075e-01 3.130316188615366868e-01 5.172157154067998919e-01 -2.777508235625595900e-01 -3.695139285226726744e-01 -5.278310725618041988e-02 -5.640617845126222329e-01 -6.220937711267757880e-02
-3.549038401690476352e-01 5.870120993945477927e-01 2.764251929654897300e-01 4.278160512238082247e-01 3.972736528919594834e-01 -4.546653938256849381e-01 3.547136518003746186e-01 -2.547963979137125579e-01 7.145038364049707269e-01 -4.213139629479702442e-01
9.811460632708320084e-02 5.421066120356959894e-02 2.578482613403199064e-02 1.290052055779897580e-02 -9.182100675598894868e-03 -1.982891867926250135e-02 -2.284625917713442762e-03 2.400277163265834846e-01 -1.243102995152257917e-02 -1.595222795294805578e-03
1.027880687556572137e-01 -3.008756714826172490e-02 -9.940343571145489332e-03 -1.313817429173039508e-01 -1.501938569832090287e-01 -1.202015949025292754e-02 -3.814134121900281810e-02 5.648855994724724661e-02 -9.537345397728144714e-02 -2.271598631899780230e-01
3.822617930492079319e-01 -5.487899382421952410e-01 -2.849289844873423849e-01 -7.028532298274742240e-01 -6.905725924921886361e-02 -6.907435243356806476e-01 -2.042225134235103323e-01 -6.345058263910100527e-01 -2.117781060175059557e-02 3.155912396021035016e-01
3.748484265977138075e-02 -5.996418704205454947e-02 -9.165842743333754358e-03 7.410970735481568240e-03 1.917920637508211956e-01 -1.466629022244875756e-02 6.553885521888096199e-02 4.347049591528973078e-02 -5.031151667637501906e-03 5.016373975457540102e-02
1.157761394969335500e-01 2.445537686962806490e-01 -2.843631515999083675e-02 1.324057014048606873e-01 -3.891911089641051508e-02 1.436542380409391584e-01 -2.516159013289703816e-01 1.683938717835429255e-01 -7.173517434365530437e-03 7.104966670909487747e-02
-3.776644321791042258e-01 -4.040273925899618562e-02 5.790342217658169810e-01 -5.144908517498947287e-02 -2.523717422516331133e-01 7.091669200787537042e-01 -3.176082532876796649e-01 -5.150543916116395726e-01 -4.078712951878543658e-01 5.453220824224905838e-01
5.803685336065221856e-01 -7.526471969207389201e-02 -2.596630875604281630e-01 6.618536752373248566e-01 -2.619426222423254513e-01 2.617163946770130825e-02 -7.756033190317488391e-01 1.503439910656644007e-01 -5.354928470889052106e-01 7.418623139926541210e-01
2.330243989486788236e-01 1.573484818748689396e-01 1.412259692401929626e-02 1.089532375102351403e-01 -6.613784122349745942e-02 1.102513069907517518e-01 5.008352450218196694e-02 4.506332472963232860e-02 1.058284926616563787e-01 1.271844361502524889e-01
-5.198750232899856938e-01 -8.461723426725591413e-01 1.561439656455483604e-01 6.036490156790463857e-01 -2.754005745058011323e-01 5.896214641682439028e-01 -8.403223624679736492e-01 -6.979842239320444008e-02 -6.876893844606561945e-01 6.391871264385913243e-01
9.819692704766506963e-03 -5.329493767713630332e-04 1.224730084432057962e-02 -1.675041676427851955e-02 8.048675146151415549e-02 8.285301123767842280e-02 5.355141397365731793e-04 4.024494677150124156e-02 -3.474447106052219042e-02 -1.389381915256395449e-02
1.977315116830669905e-01 -2.349687819210509176e-01 -4.369881400734342836e-01 -2.994556958174959815e-01 4.347944197101621944e-01 3.663247988375396003e-01 -2.100096984159762759e-01 -5.256176993367004391e-01 -5.145300840238060669e-01 4.880881686097052197e-01
2.754950649146001296e-01 -5.031937523116534194e-01 -2.064791667734189665e-02 -3.349178346881903079e-01 9.807216954958612731e-02 -2.887442260399179506e-01 -3.781371424743540932e-01 -6.179676804927140138e-02 8.987269792570938554e-03 1.758177262569336763e-01
-1.037144070843718652e-01 -2.666507459722223250e-01 -7.376394884501290272e-02 6.304604591644369371e-02 1.968624002312056587e-01 1.999384284220202257e-01 2.176917926772545253e-01 1.797849392289186110e-01 1.118393081474472889e-01 9.772217342374985016e-02
-8.559807545227943182e-01 4.488702534094575758e-01 8.836776533207883755e-02 7.403839279999203660e-01 -2.688924615857854472e-01 -3.179622373995997786e-01 -1.515054041728703116e-01 7.619810472296726367e-01 -5.128182625461432526e-02 1.400893006736207425e-01
-2.409989997517950622e-01 8.390286459644996642e-02 5.650971701749489817e-01 -4.027683297126570805e-01 1.992164178815121756e-01 8.061629282599143131e-01 1.950642951540944858e-01 -7.680554256834398394e-03 3.365380046173384043e-01 -4.146346640869374989e-01
1.154698905742295757e-02 1.044860849438347672e-01 -1.582643559521343044e-02 -7.316643957076117422e-02 8.640692222737640649e-02 -1.389952586332147411e-01 1.160432798657951431e-01 8.522257914570202653e-03 -1.776950412742835583e-03 -8.598528396165312782e-02
5.346038138768810510e-02 2.882168632191805038e-02 2.114477216134399429e-01 -1.650478398982083150e-02 -1.922884551147746937e-02 -3.869488997728857960e-02 1.338060102641847396e-02 3.095291023283889761e-02 -9.437955359498946539e-02 1.520087008900912126e-02
-2.851615253754596901e-01 7.615178867004467334e-01 9.132181368659788578e-01 -6.193025362638796549e-01 -1.048776242713641421e-01 -2.428926309974325792e-01 -3.181975744653826044e-01 -2.271102761600026776e-01 6.782815260422191406e-01 -3.953792287001861028e-01
-3.370193633533592470e-01 -4.367509573586850768e-01 -4.451750481937575277e-01 2.738078474876809998e-01 -2.332651012367205623e-01 7.296018311706394810e-01 -2.078232461969927725e-01 -5.147969437928809899e-01 7.477506820137848342e-02 4.374634284995983502e-01
-5.075717179002638968e-01 4.419307667747253143e-01 5.393620527764829697e-01 -3.210499423502694016e-01 -1.553613854080298229e-01 3.177036981572160523e-01 -3.198859496096822519e-01 2.311222157704153068e-01 -5.810060960805418784e-01 -7.117181844931314005e-01
-2.340422219774397350e-01 -4.525144828972483824e-01 -6.236791289392494830e-01 -3.818161958895355812e-01 3.781327280563097637e-01 -5.358328188606926723e-01 4.709342035038995705e-02 -3.165542778130708834e-01 -3.662184429584594003e-01 1.456949157978300324e-01
1.106875005940736040e-01 -3.897994248061453088e-02 -2.257507809253159192e-01 1.545679267105848353e-01 3.522175400648943494e-02 -9.316903925657993302e-02 6.538861295664341600e-02 1.906159112362214650e-02 8.717785961905198666e-02 -2.025822948624230180e-01
-2.520565060830021742e-01 1.636378952796491981e-01 1.983005373973618923e-01 -1.455673069818525511e-01 -5.748841910790338794e-01 5.599613342696064811e-01 -1.202008982519795488e-01 4.357136760018950894e-01 -1.757324208685509814e-01 -5.461438193373479022e-01
6.771145163490656371e-02 2.889696681726073441e-02 1.401256208393822540e-02 5.104971534027655938e-02 1.117661982494647932e-01 -2.220509526611523163e-02 -1.729929407272270004e-03 3.251833712361566764e-02 6.572935911268969374e-03 1.668605239800516555e-03
-5.652010616342308946e-01 -2.820756046832241237e-01 -4.559474784867446617e-01 6.325265712848132660e-01 -4.842764610437824691e-01 6.897959362410833739e-01 -3.439171195919700219e-01 -4.534314060393708767e-01 4.821244006281644734e-01 5.617593902714038689e-01
-5.399113955105805385e-01 -7.971692774821328986e-02 3.621228316886828114e-01 -4.025682940111146094e-03 8.202561573791317118e-01 -2.675281765311454119e-01 -2.277250603224660885e-01 5.789975284789027343e-01 -2.556253811750043847e-01 4.227247053156690249e-01
-3.146769495171916620e-02 -2.144712443170430916e-02 2.985436623651981439e-02 6.172539637553654118e-02 1.856474230194039496e-02 8.280712475063192746e-02 1.824508647405309603e-02 -1.518318381241970903e-02 6.865640635027731031e-04 1.223919780840956179e-01
-8.339057073198577474e-02 2.279418167613191104e-01 -1.922289162678113283e-02 6.146334852509128394e-02 1.435551431100172137e-01 5.756324813565227849e-02 -1.128449395902633851e-01 -1.310911469615063940e-01 -3.691821030063964504e-02 -4.647837554598124865e-02
5.784893213175552884e-03 -6.792439758099101665e-02 1.615420957686556497e-02 -1.611426646346770519e-01 8.105872802186370185e-02 5.650723600861096152e-02 -8.121638219341818787e-02 -1.996844821175882689e-01 -2.638894591507502385e-01 -5.109129177984598202e-01
5.172913101590609353e-01 -9.864278057454203830e-02 -5.256680319732870421e-01 -5.588505635561360485e-01 1.220994938122041129e-01 8.612108751679820040e-02 -5.116481045312507581e-01 -6.823253166919941715e-02 -6.177235737569519713e-01 5.099568782400706324e-01
4.609869923850618001e-01 -6.361628464206816602e-01 3.782364408224035968e-01 5.747104130150675338e-01 6.291708126418051883e-01 -3.057045924969911121e-01 4.008788055640065684e-01 1.720140706702104061e-01 -1.277739893807769249e-02 4.826278391569654436e-01
4.183789776424828855e-01 -4.459330852320511629e-01 -3.743787505271859439e-01 1.649166358631432017e-01 -1.397274936589601169e-01 -4.132773267762583913e-01 5.016734456788193297e-01 4.215991116882008560e-01 -1.273052165881001785e-01 1.116206150234825972e-01
2.125820415414404752e-01 7.906207600467018981e-01 5.095673300195071587e-01 6.025118618485811872e-01 7.222737893186251812e-01 -8.031504300759133574e-01 1.674390876923820826e-01 7.928688551108132865e-01 3.089495359496274851e-01 -8.702827180595354983e-01
2.573385163801978348e-01 -1.123148798639724000e-01 4.969207928818428904e-02 1.302191253628103562e-01 -2.079595587396042833e-01 3.363690193611649781e-01 -2.957819682852496149e-02 2.510817763819013781e-01 1.346027537032935539e-01 3.496608570719027531e-01
4.322977520387167316e-01 -5.364131148737891763e-01 5.568203917972546213e-01 -3.546267520188886579e-01 -1.780238307191502056e-01 -1.615318685717929137e-01 5.572517660647392512e-01 -4.449232099787056582e-01 3.266868487164245050e-01 -2.320260224341454958e-01
6.766387347234890104e-01 -2.550036001543870556e-01 -7.074584532560286299e-01 8.932583712407800025e-01 8.626010642852723065e-02 9.341072077569158028e-01 6.929450204352914922e-01 -2.708447988666320971e-01 -9.290677505436950590e-02 7.890342439403916774e-01
-2.195406434041068666e-01 7.496698129998560951e-03 6.590231089258379027e-02 -5.200870022362406031e-01 -4.258279924671912187e-01 -2.386757847330195359e-01 2.150012489668552407e-01 -4.008250944476903221e-01 -2.947739141005215058e-01 1.425992528015221639e-01
4.966510810766217878e-05 5.198291193766793605e-02 1.336780463579868329e-02 9.516490793059725894e-02 6.041706614316795336e-03 9.024382867302339906e-02 -1.361050270716258372e-03 6.077144444556171338e-02 9.048419733398038733e-03 1.257556454370951926e-02
-1.265118427610446294e-01 -6.033643499455428882e-01 2.758342365240081806e-01 3.310161167231799595e-02 4.916758245229639335e-01 -4.561638108753200971e-01 2.474761410269245010e-01 -3.984973106683671884e-01 7.145843660294515232e-01 4.417147085572874499e-01
-4.830545312427573790e-01 6.766958235403606192e-01 -1.035065601066777474e-01 -1.625065682967421765e-01 4.552014758246019643e-01 5.135259748327427598e-01 2.686975497244716293e-01 4.593152356925324642e-01 -4.623381243639330118e-01 -3.979758555597631697e-01
-6.286970804986309613e-02 -4.100578412312756438e-01 5.315982962458593031e-02 -5.887474848097195429e-02 1.481954429387923045e-01 1.845315188784747151e-01 1.125763646146338282e-01 4.056897130589789402e-01 -2.662283340703431866e-01 3.235080724735987512e-01
-6.774086798605100102e-01 3.952154602687478757e-01 4.481628712030876205e-01 7.199214380439752370e-01 1.306621114822169860e-01 5.890212759565870426e-01 -1.913523184005083699e-01 -8.453247227855667512e-02 7.054182270544337996e-01 9.197277200002330899e-02
-1.490399690119269815e-01 6.238563412428979049e-01 -5.614752714461862526e-01 1.914780749446548525e-01 3.062839441563817711e-01 4.266329042602486910e-01 3.999815873285767487e-01 1.154901891032030919e-01 -4.288007495294783589e-02 -1.581598307089132072e-01
9.387189796934713309e-03 -5.357460632745998479e-03 3.419754263118596899e-02 5.449858039571681134e-02 8.546145454455428281e-02 1.493829243999233482e-02 1.187949583709151276e-02 1.029610641829539763e-01 4.492539554753017389e-02 4.514621565939139214e-02
-4.907775761980386342e-01 5.995592935610801755e-01 -4.901310425412121474e-01 -5.624368022461702019e-03 5.723067478726854285e-01 -7.475814812049819125e-01 -7.993307466097838709e-01 2.622029030112622561e-01 -3.389604376262733143e-01 -7.029660124319959680e-01
-2.110762313414145108e-01 -1.520371466819275541e-01 8.014622021779159444e-02 1.384112212591669111e-01 1.401558756124391680e-01 -4.115150408979724173e-01 1.101807319792276196e-01 5.763564740321321933e-01 2.043143485254956537e-01 -8.208870347563587688e-02
-5.440121747694991461e-01 1.965429129182259260e-01 -8.090247071297900217e-01 -3.327111685204314218e-01 -6.751324502352751278e-01 7.883676098228614704e-02 -8.322699317355741755e-01 -5.071700861436925223e-01 8.005880857813952867e-01 6.867848292558228485e-01
4.516368862119208433e-02 2.362865191443179816e-02 7.597233169100789385e-02 -3.662327533846338606e-02 2.058063704610467101e-02 4.072359643253721517e-02 4.675714628299346837e-02 5.268217462255723321e-02 5.168429442163537547e-04 2.593676677558350019e-02
7.415003709472178794e-02 -2.016094063808840930e-01 2.923733941599191422e-01 4.331441917332635172e-01 -4.828673161652344281e-01 1.873010735228274326e-01 2.234372320419169000e-01 3.817887961406774694e-02 -4.934248148854246674e-01 -5.548753555602267129e-01
1.966453572016980400e-01 -1.031742883668023553e-01 1.985128561565683014e-01 -2.577057991314313234e-02 -1.869236709113067108e-01 -2.156205131946231646e-01 2.256476427661087969e-01 -2.220282111174360085e-01 -9.821628121319787852e-02 2.594702844732371116e-01
6.965857690880703501e-01 -4.799346055988760740e-01 4.768035375297891010e-01 8.245667797293645407e-01 6.134293615336430250e-01 -3.286319465656548089e-02 5.271073892665062433e-01 6.936986852319100283e-01 5.925122118543871830e-01 1.054212797716817251e-01
9.731130366995084657e-02 1.149225602799145568e-01 4.748192401907658233e-01 -1.430921274803272636e-01 1.857334298898211111e-01 -1.967341394726264403e-01 8.822540721666793928e-02 2.644469531822783437e-01 -3.719764084301269702e-01 -3.558776479889840250e-01
-3.568841894529740655e-01 1.337308345886573657e-01 3.852045802381031669e-01 -5.816045859013085906e-01 5.703594960840462358e-01 -1.206910239239100263e-01 7.210824502574268990e-01 -5.607877253957448405e-01 7.488304597043989042e-02 -4.131637391089910960e-02
1.532792850012641150e-01 -2.123272755831047132e-01 -4.055211512606841096e-01 1.218851033641886981e-02 5.048906195930039781e-02 3.757089071350661058e-02 3.710158336781633759e-01 3.732016751968164070e-01 -2.862734570548793739e-02 -4.754292715360043942e-01
3.043467317990197762e-01 -6.138367710419406764e-01 -4.675466389792341526e-01 3.029511907664773560e-02 1.540570944774235229e-01 2.915144173717776344e-01 -2.633548542709757134e-01 1.998352295544349178e-01 -2.631077369092724716e-01 -4.027014896459764626e-01
-3.644652187464722526e-02 3.808305886996316003e-01 3.160509189987956158e-01 1.803010556517007368e-01 -4.792177071770128971e-02 2.226680674791660652e-01 -3.214300287962642555e-01 1.827243650232871774e-01 -6.928936616012368842e-04 -4.133309311036554301e-01
2.500387913259455863e-01 -1.879660270888789675e-01 -1.561552745847784029e-01 4.514075423374410700e-01 3.864647373449348056e-01 4.698600868677160758e-01 6.904108284864252099e-01 -9.489641074372537344e-02 -2.883948682617632486e-01 3.427500045941802020e-01
-5.087851718610232332e-01 -2.082458844913199492e-01 -5.613842983580727419e-02 -6.951920682488209498e-03 2.663841471113755910e-01 -2.204558570954949503e-01 2.650635139929321312e-03 -1.822664716784836991e-01 -2.858360507334123390e-01 2.354617364309810890e-01
-1.168980996704549746e-01 -5.025828812324621003e-02 -1.815303457703638934e-01 1.602273494941108267e-01 1.432313292168428953e-01 1.909096067184687384e-01 -2.186276097704308377e-02 5.044126427681210056e-02 8.758897217043490899e-05 -2.603308876138001743e-02
2.087872606216122084e-01 2.439385775891031172e-01 1.700113514344243348e-01 -2.126034200646858552e-01 -3.640669489859589825e-01 -2.435530986337099135e-01 2.405401403570233687e-01 -3.052662469494771824e-01 3.480354513142596140e-01 6.477161944638511193e-02
-1.975468079426018347e-05 5.353143613948765367e-01 -4.410905244431362893e-01 4.749474827627560014e-01 6.461654493726108894e-01 1.768730714004298210e-01 3.234138870552780709e-01 2.757323373518006937e-01 -4.688936374792927464e-01 -6.461544889974766281e-01
2.794578327219878755e-01 -3.680450016060265450e-01 -3.835899529898934568e-01 -2.306311637721731311e-01 4.669490821796480340e-01 -3.925132587895052705e-02 2.076534715831346647e-02 5.129144470558387736e-01 2.598590890652266450e-01 -2.421355968049644092e-01
-6.477736219812635365e-02 2.960427407395459509e-01 -2.507543093674747259e-01 1.818131091789019771e-01 -5.112889324659446455e-01 -1.680069578417957288e-01 3.094176148067409038e-01 -2.797907158477319078e-01 6.664517534598327630e-01 4.491937242681203757e-01
3.526125477416725690e-03 9.107748611259910976e-02 2.063528882125996999e-01 1.998595573187487984e-01 9.092234582648781038e-02 3.449881690162896475e-01 1.656337408218338803e-01 -1.095520115838474334e-01 8.401213235692588099e-02 2.454231402697866216e-01
