6.353655757392216996e-01 -8.131014136030235706e-01 -1.152774560376576413e-01 -6.256085233685098057e-01 3.281161630314785582e-01 -4.577388660975286183e-01 3.468514823634352151e-01 5.959073372579891670e-01 8.044639478334513205e-01 7.149971921755416959e-01
1.506236852779872237e-01 1.210580066258372806e-01 -4.083188514605571307e-01 4.142441977521132412e-01 4.061425652371249417e-01 -1.155805387459591660e-01 -2.513458943494009667e-01 -4.377586840531244028e-01 5.247130556987998906e-01 -2.723274470908625400e-01
2.964977653962412307e-01 4.529475371938094796e-01 -1.872753612794353720e-02 6.815343580056849593e-01 -5.992541170220976321e-01 -3.051405576843825296e-01 5.841100613859183666e-01 2.485838080919338111e-01 7.005567210372387610e-01 -2.765085158074889193e-01
1.565537739846895871e-01 -3.365684299312101113e-01 -1.138566478246468283e-01 -1.232682506797010552e-01 -2.728670520266882060e-01 -3.288569343281083635e-01 3.854652950462479355e-01 -3.566109491744202664e-01 2.448006567201499450e-01 -1.879708205667131038e-01
1.825486672864255495e-03 -5.086668521946424368e-03 4.464653521663341368e-02 -1.240193679913625079e-02 4.490618489682780823e-02 -2.249335201883253046e-03 2.577958790820665883e-02 5.308530123040869353e-02 -5.007973050777380329e-03 1.947495903027076508e-02
-4.465241607089130982e-01 -7.506965485217169665e-01 -4.068802367636449591e-02 -7.947344704656252867e-01 7.043652750493376580e-01 -6.943185300420882111e-01 5.546743724291067767e-01 7.123598814612844832e-01 6.769748592229208883e-01 2.289243817252118451e-01
-7.034539424261159433e-03 1.043266310659778789e-01 2.820341486421599347e-02 -3.474097036515949328e-03 -8.269098109805602878e-03 2.031527656471222507e-02 5.593287878275600422e-02 -3.323632113031415800e-03 2.069825039151416621e-02 -2.644897452421863734e-02
-5.428479214646968476e-01 6.916189264234048339e-01 6.857322370946743184e-02 6.964449221428742343e-01 2.293850009289931935e-01 -3.281181122707395592e-01 -3.887268762677732470e-01 3.242759147203456149e-01 -6.117768965261831671e-01 5.709782331659926102e-01
-6.956124411450340106e-02 5.970353623742141735e-01 5.576406019855014717e-01 -5.660297839326314806e-01 -2.817449926977418362e-01 3.733753056106759449e-01 -4.338863755182543192e-01 7.223727687204042347e-01 5.226286674175913971e-01 -1.907328706147714548e-01
1.110285056058520937e-02 -8.624123688891573158e-03 -5.375264395640487643e-03 1.186690611957446316e-02 4.626442865965461892e-02 2.376676956070254004e-02 6.878267639801638293e-03 2.253030155304948726e-02 1.150763850515203190e-02 1.953326152682303279e-02
-6.268167336672622603e-02 3.684468065900779049e-02 1.530469153450451925e-01 -2.079785854963377978e-01 3.256385920913297261e-01 -1.900208998259438412e-02 -4.325961127312456106e-02 -6.143829214181993625e-02 3.290596282860724919e-02 7.458616385341361454e-02
3.474077896006790844e-01 -3.229851648934035646e-01 5.931527702916656875e-01 1.889211415834456675e-01 -3.502054887858638277e-02 -2.118042834029590649e-01 5.475987435034885831e-01 5.108696176049895010e-01 -4.593637367608753852e-01 4.121084803961761467e-01
-4.466918616462859926e-01 -3.868250069021969550e-02 4.745149310560541900e-01 6.182233878063247978e-01 4.793864943105491383e-01 -5.179955278576080513e-01 2.118625264364517591e-01 -1.404444930359122212e-01 3.324612042139200030e-01 -1.369296688424178621e-01
4.368592516315748520e-01 1.889856618282362011e-01 -4.694126777540957862e-01 6.627661684467093250e-01 1.801159475616064543e-01 4.905898343351128982e-02 7.531721440814053148e-01 -1.766754960444206213e-01 4.208124100895205832e-01 2.867618616272656351e-01
3.175032845101993240e-01 -5.578376588574271988e-01 3.496894971889052406e-01 -2.408444085949209279e-01 2.952723096597720809e-01 -1.869920854894656370e-01 -4.639591454571858065e-01 -1.718792110413726593e-01 -2.011422238323758716e-01 -6.994398586752028635e-01
2.597375180288576677e-04 2.170275601252282319e-02 4.437061958398080125e-02 9.357754611809350823e-03 2.942871516359957512e-03 4.099114667671525242e-02 9.687007331540190350e-03 -7.972014548024904460e-03 2.206598672419697940e-02 2.473831129897743550e-02
-5.210502214859018544e-01 1.247427835455980211e-01 -6.570890947744959520e-01 -5.668604941619778126e-01 -1.448953349566349871e-02 2.779419937721975820e-01 -5.056670428877693690e-02 4.333105172530428151e-01 1.005576813947251513e-01 2.374685933298947282e-01
8.319147172993807127e-01 -5.345028587983579049e-01 -7.699383975126958823e-01 4.713851500208570133e-01 5.936634973102506985e-01 3.144182083830021623e-01 1.124530292069885473e-01 6.656219783905389376e-01 8.053655327553185250e-01 -4.413800175021286853e-01
3.000897549334771014e-03 4.412910740221576839e-02 -6.083132316826566077e-01 -4.850908603061735991e-01 -5.901010700973496892e-01 2.918380128720961530e-01 -3.710118871739269686e-01 6.690084605424280184e-01 7.037365205063647600e-02 1.279970764011364656e-02
-7.518056347616550172e-02 3.657773402197821988e-01 -1.756128965295992994e-01 5.252197193796104974e-02 1.722876733096753987e-01 -1.097593197702309009e-01 -3.149381989069530707e-01 2.612412442521802602e-01 2.460702430309265054e-01 -3.415261669843367136e-03
2.138991940611186665e-02 -5.931403177994799131e-02 -2.928140361958145865e-01 4.262741508742504681e-01 -4.849060500197924228e-01 -3.153031093927888967e-02 2.304932942363232540e-01 1.694127270019694931e-01 -3.590877758911129036e-01 2.051635455928527974e-01
3.127729245927345914e-01 -1.029437566395968173e-01 -3.239390674762726574e-01 4.580852923780810992e-01 3.030910247091895271e-01 1.758017318330861445e-01 2.556356205186260389e-01 -9.122505275788396484e-02 -1.449101230245553318e-01 -2.338031151786386652e-01
7.792077893114469911e-02 5.188604291605254382e-01 -2.964606986280116097e-01 2.190322813521134449e-01 3.209648104054532158e-01 1.650829556876502180e-01 1.226048935282485763e-01 -1.387339471572197336e-01 3.031058685707631595e-01 -8.424040705247264060e-02
5.241671017183148207e-01 1.094866130823195643e-01 8.190748801189721151e-01 -8.865548123277029458e-01 -3.972784642549789802e-01 8.803150718123695095e-02 7.606129854099092924e-01 -7.764891048828744813e-01 -2.103749369572199268e-01 -8.133932871918476692e-01
-6.455266749573993490e-01 1.865547966845693961e-01 3.164048924706885750e-03 -6.464352667426719046e-02 3.458200274818342690e-01 -1.468020507130445573e-01 -7.035912287272012566e-01 4.912756817984312852e-01 -6.756643586963005932e-01 -6.476979178329492770e-01
1.857881681696841453e-02 -1.181140956212206605e-01 -2.290979154491050440e-02 2.959635583753048582e-01 -5.571253818073441666e-01 4.956858672243331099e-01 -2.427195528772725930e-01 -2.680908460194605936e-02 2.542707480449730162e-01 -1.196707228349427610e-01
1.720180277145593739e-01 -6.268651646801729482e-01 -8.155105923382020006e-01 -8.147448342365565255e-02 -3.110257819172033700e-01 -8.010292195639330259e-01 -6.693394940156796036e-01 -7.263909910283238291e-01 8.660707182293683193e-01 -5.177399086688098118e-01
3.871737978936147795e-01 4.930280257221838491e-01 -4.487552669771691788e-02 -2.747428183355017373e-01 4.534252884987990950e-01 -3.174633415609561249e-01 5.386011010920360720e-01 3.695879541516624012e-01 1.623873017791996887e-01 1.459686623581048781e-01
-3.287999136529056732e-01 2.857310204586086533e-01 -3.211634531249916297e-02 2.542542612797649496e-02 -7.047365465119918015e-01 -2.609738566444272378e-01 3.369301078748013212e-01 -6.746398111727833768e-01 3.967310273656411423e-01 1.872579410095017585e-05
-1.853304542406592204e-01 4.925222495078392382e-01 6.234028762317189720e-01 -5.568225343671963368e-02 -2.583051462909570217e-01 -5.639454114976027999e-01 -2.621457820834507957e-01 -4.286391720629794677e-01 5.432468253780872169e-01 3.833866768209527320e-01
-3.806943268050218543e-01 -5.557850726800014352e-01 8.725848259893057568e-01 6.511978917264107380e-01 5.176351629656384956e-01 -1.412433126522484872e-01 -6.824743756621129975e-01 -8.043982328393271819e-02 -5.862399751272606707e-01 -6.613756452332506530e-01
-6.804927697082381599e-02 -1.103280872541728824e-01 -7.063891015413144014e-01 3.417498273321787905e-01 -3.886177685703800511e-01 -6.131189258648231943e-01 8.174688904861584504e-01 -1.483710110067255339e-01 -1.365478402334078245e-01 3.500656712274525795e-01
-1.554652580879155865e-01 6.259843566334305498e-01 -5.078128800000871745e-01 -6.861480817003655641e-01 2.479638800808486587e-01 1.310942968592153368e-01 -4.354821328176639722e-02 2.458021637373475898e-01 3.225837885125251714e-01 2.695951628563397762e-01
3.230449632068808641e-01 6.597974500025352018e-01 -2.251047131988681282e-01 3.729606126168495961e-01 -6.621944622917624867e-01 -6.082426618970274701e-01 1.109158850722734985e-01 2.103664730887983281e-01 -1.095311803255864941e-01 -4.566313197798518853e-01
-2.633992042752932375e-02 3.117263748711154858e-01 3.582380750305758088e-01 3.157833494020490517e-01 5.287914387553237505e-01 -2.976447900205724251e-01 -3.847056800601778570e-01 -6.424032836483360709e-02 -5.755942734891618118e-01 -5.897604771776577409e-02
-3.604598008168959367e-01 6.080792524847326019e-01 2.629867331904641725e-01 4.513822356287967574e-01 4.287387237985701427e-01 -4.535706687866452036e-01 3.773597611926409745e-01 -2.842572206477751995e-01 7.362375809743307853e-01 -4.310718962135558496e-01
5.298429674106264198e-02 -6.649005512451053963e-04 2.759999420041879883e-02 -7.364699002193404037e-03 -9.732720704158885757e-04 2.311061298063498033e-03 1.651456441007331452e-02 8.604061682932645505e-02 -9.916758253404156509e-03 1.158405919139968328e-02
2.756006751795745391e-01 -1.306658525320959774e-02 4.296291016830310061e-02 -3.391180868174373253e-01 -5.133507398858215831e-01 -8.227305405921047504e-03 -1.289143611779780818e-01 2.508103464740273902e-01 -1.497663429570466331e-01 -4.991376564308682151e-01
3.929557574204299297e-01 -5.630573464325990818e-01 -2.952418851017083457e-01 -7.192060218912518232e-01 -7.042393455247010492e-02 -7.181124871279569444e-01 -2.045301395436224801e-01 -6.468777210174104786e-01 -2.530540403313103273e-02 2.889380890723414197e-01
-9.590972969498677211e-03 -2.082822195820299982e-01 8.865886793419420348e-03 -9.696404351932770560e-02 1.448414945617693683e-01 1.171119289545585612e-01 8.850855879631623624e-02 2.135787915860918040e-01 -5.469662982774024795e-02 1.549928180308848824e-01
1.379873057919840384e-01 2.821829821134964056e-01 -6.095715138232255664e-02 7.832447780829612793e-02 -8.239124724376040154e-02 2.843267040271065249e-01 -4.289194925171692652e-01 2.395779369971865191e-01 1.629970740415853311e-02 9.387305545135984919e-02
-4.115388000464811347e-01 -4.915192114804387002e-02 5.946422126035657563e-01 -5.445106080902667456e-02 -2.594421438666476565e-01 7.395354660269363167e-01 -3.271539977538277522e-01 -5.528213057685478216e-01 -4.180182669152894270e-01 5.320480786411919683e-01
5.860364750790310051e-01 -8.178259278678830235e-02 -2.618110859779732569e-01 6.699286316509147632e-01 -2.637535713941005500e-01 2.311443817847084678e-02 -7.815957247301634769e-01 1.492416729716856127e-01 -5.380668976235848389e-01 7.480305084102939484e-01
2.768150392567788054e-01 2.214536902825629816e-01 -2.231491311418439157e-03 1.501832187631368942e-01 -1.087581111036979437e-01 -2.534490175621265454e-02 4.857664539667944786e-02 8.428419355572527860e-02 1.375806222123434897e-01 1.853881113360456578e-01
-5.186318198276841374e-01 -8.561567191922427877e-01 1.495172491091688316e-01 6.035562934645520849e-01 -2.717240780256147126e-01 5.959203136505667464e-01 -8.444893259800495544e-01 -6.931951987916849800e-02 -6.918704299592450813e-01 6.399590500176156604e-01
-3.123281672352560406e-02 5.872879078217580623e-02 1.612464754686300517e-01 -8.372638320619873271e-04 -2.154652721651868774e-01 -2.100536620140446564e-01 -2.578936905728657636e-01 5.328064431634597226e-02 -1.808963590761444862e-01 -1.427755875870980462e-01
2.133490299576463467e-01 -2.487035404383372283e-01 -4.503558779934461742e-01 -3.007392323449447069e-01 4.264628603863729328e-01 3.740089145631785295e-01 -2.018527893165744380e-01 -5.698429819225828696e-01 -5.371384206315003018e-01 5.127348630443048227e-01
3.150241385650747183e-01 -5.629925930793792110e-01 -3.216515219754704363e-02 -3.767208633316205812e-01 1.059341287628291356e-01 -3.293624373615688938e-01 -4.872610277736807993e-01 -7.214104103298502046e-02 -1.801155358434395042e-03 2.035238968354795841e-01
-1.537942255143545378e-01 -3.670934273925797187e-01 -1.027820643506813236e-01 1.257408347792689229e-01 1.367665732240626042e-01 2.787674491334071747e-01 3.232728282337267722e-01 2.874967612478758205e-01 1.948469372942406852e-01 4.440568715339829678e-03
-8.736103563286784501e-01 4.497939580270052251e-01 9.329287659292972990e-02 7.432195664754992492e-01 -2.741588804431682180e-01 -3.227737893499795230e-01 -1.548054805540054202e-01 7.783208795525555779e-01 -5.173164595321089881e-02 1.437089860121475715e-01
-2.699882400220119383e-01 8.695520879003351689e-02 5.830763017679735372e-01 -4.153764477871854099e-01 2.072387620327810487e-01 8.291983283346772149e-01 1.997286330964574141e-01 -8.870358944161733233e-03 3.464125195349426201e-01 -4.240607362188454910e-01
2.651740679107763080e-02 2.052172486512026106e-01 -1.223492178898797494e-01 -2.643298927498213824e-01 3.033718348660718878e-01 -3.661879043788082710e-01 -1.447317117019674138e-01 2.094009759956035402e-02 -3.962694059767826044e-02 -2.382279962506457238e-01
3.352445207039484593e-02 -1.457795167537249692e-01 1.418124528917284466e-01 -4.868369326414234179e-03 -5.773238123567157182e-02 -1.054404992553149567e-01 -6.588266836623894729e-02 3.420913820981680981e-02 -2.514123230367926176e-01 9.793701130304210967e-02
-2.899245367847107513e-01 7.763794201015172813e-01 9.212251525530669172e-01 -6.257206916049480316e-01 -1.039045743594442933e-01 -2.795798354458176593e-01 -3.099113184658043307e-01 -2.126362957025646760e-01 6.848697978740583281e-01 -4.309806024932929525e-01
-3.491879915398722334e-01 -4.374663809706811901e-01 -4.525844880055520103e-01 2.784437423931420685e-01 -2.346627941214025348e-01 7.225617200761166314e-01 -2.197645812488789319e-01 -5.210941752240321190e-01 7.799690434065829903e-02 4.521556498050117168e-01
-5.092262307485101447e-01 4.437297290488890766e-01 5.413381294492051188e-01 -3.213856186470649967e-01 -1.589659402435550095e-01 3.154344352869764001e-01 -3.201966542630004797e-01 2.326683525765190219e-01 -5.821867036428314268e-01 -7.168389744129268770e-01
-2.555533131333559971e-01 -4.729813360602022065e-01 -6.597248125322152656e-01 -4.349394143753895769e-01 3.968460998489349301e-01 -5.651751315109028173e-01 5.097910498710980093e-02 -3.361444407481336549e-01 -3.820229000268185460e-01 1.669195177442514555e-01
-3.913274927058308511e-02 -7.268411388793970251e-02 -2.967485376725917945e-01 2.209758418302588678e-01 1.338798597472390210e-02 -9.794457602233062887e-02 7.393498075050650153e-02 -7.176629162237239956e-02 1.309950673204780536e-01 -3.009603043936247002e-01
-2.808570760688408052e-01 1.704475007797191244e-01 2.004629788506228638e-01 -1.669821683228104869e-01 -6.086258332571212737e-01 5.681926896185007791e-01 -1.382635958130827292e-01 4.578989811597872772e-01 -1.865357165897952862e-01 -5.759208053368068958e-01
1.472743779412337695e-01 1.105728202596525517e-01 -3.640160343801342874e-02 2.281121738777863728e-01 1.520590287936016971e-01 1.681632667239451873e-01 7.550761298305706803e-02 1.024003884031699950e-03 -7.666282228340297322e-02 1.948622839015466679e-02
-5.714209015289976046e-01 -2.887810202796962100e-01 -4.607113383646756488e-01 6.350725341537573065e-01 -4.793024347741950963e-01 7.132708255827169275e-01 -3.473819404504948083e-01 -4.722931739518165251e-01 4.828609323663065056e-01 5.619135698835145964e-01
-5.422220761632817743e-01 -7.996242666687483625e-02 3.666104720620680935e-01 -3.116785391512290424e-03 8.249266999627696828e-01 -2.687920223838807243e-01 -2.350547814658852652e-01 5.857234065996784755e-01 -2.584340329852666263e-01 4.265223250359209128e-01
-2.332388463866626183e-01 -1.112083932353074150e-01 1.238039747063520851e-01 1.701139584094522178e-02 -1.174756452341656765e-01 -8.880168791302804621e-02 1.347778848989159284e-01 1.892838203319474263e-02 5.063987662822355684e-02 2.016494170725940949e-02
-1.581428501436221712e-01 2.682278962042599635e-01 -3.632073680875673102e-03 1.497529111016195624e-01 2.897036376420021320e-01 6.152671207116831853e-02 -2.805236519255805971e-01 -1.863884611568637495e-01 -9.023118393767907974e-02 -1.680833759248807069e-01
-7.096931123087558274e-03 -1.226070914121496075e-01 -1.372905284382325633e-03 -2.108488790562644266e-01 1.346937249233332023e-01 1.690821695802743052e-01 -1.111601668670494092e-01 -3.689258735059107175e-01 -3.345535901203050555e-01 -6.461676230757000816e-01
5.404040356801610434e-01 -1.541741629567443261e-01 -5.460621092899807794e-01 -5.875227602328257914e-01 1.419612076989172356e-01 8.726519734665770522e-02 -5.521894860905266489e-01 -6.463105156953109776e-02 -6.495228196814745170e-01 5.381470559463159553e-01
4.681736457433892107e-01 -6.461387970659450142e-01 3.793766108085216970e-01 5.830686250107525170e-01 6.340957892818592789e-01 -2.942985515336489222e-01 4.038557640942154192e-01 1.647916430549899725e-01 -1.345653938774383704e-02 4.856134177707283617e-01
4.444845753096257068e-01 -4.613108338956659060e-01 -4.274826005662574202e-01 1.822770098762829805e-01 -1.432907261317827585e-01 -4.275394255793961706e-01 5.338917707226965570e-01 4.429538444691088483e-01 -1.369605038316851764e-01 1.178977748172264639e-01
2.039792134022413161e-01 7.960131492618558458e-01 5.075377391640893965e-01 6.024450747316376642e-01 7.211798666871630514e-01 -8.060540419602404416e-01 1.671039830737088006e-01 8.030819517456280199e-01 3.090007209515945319e-01 -8.800754993006020266e-01
3.462294954990687845e-01 -1.634884737895014872e-01 5.865883132786400833e-02 1.597912836908661205e-01 -2.201085384606800699e-01 5.077981881508694117e-01 -6.715776395471939608e-02 2.387967523201502684e-01 1.544712974523323734e-01 3.432464258143751445e-01
4.619638137076551021e-01 -5.846248132837282840e-01 5.883924474763680967e-01 -3.623658064752920960e-01 -1.955032814390517681e-01 -1.660546447131690528e-01 5.610630831219582948e-01 -4.692030489156716055e-01 3.430260114294301221e-01 -2.549079395648933821e-01
6.770487935373745714e-01 -2.551983801187672762e-01 -7.075803594096680138e-01 8.940478982085070525e-01 8.668649774881680148e-02 9.334152489364517802e-01 6.935951030687202978e-01 -2.712617884106032218e-01 -9.316443442366106886e-02 7.894232370824502132e-01
-2.264312683119146796e-01 6.487467593930635809e-03 3.576885243869511871e-02 -5.554603046010681000e-01 -4.552700518069155988e-01 -2.422371480832040680e-01 2.453329832540254163e-01 -4.246223846219472908e-01 -3.133296318690089732e-01 1.478992364901821621e-01
7.245124270273822775e-03 3.759760774135859768e-02 7.725861625026747039e-03 5.640676063423444297e-02 -6.890352859555911452e-03 4.662330631969999889e-02 3.169335309869021622e-03 2.679158020051182129e-02 9.719764211910798465e-03 4.816410924716220399e-03
-1.241664148746843138e-01 -6.105750064450794490e-01 2.899292688969778986e-01 3.275888107418228890e-02 4.864612317374447659e-01 -4.564359088293656330e-01 2.367580596361520962e-01 -4.004381456773131176e-01 7.242387713348040768e-01 4.459933882631840762e-01
-4.908255920152748697e-01 6.680950966245682299e-01 -1.065312521944599966e-01 -1.709535288257003072e-01 4.744552307925642975e-01 5.225626130039894290e-01 2.614130957706293223e-01 4.689580318647796342e-01 -4.779894298178576917e-01 -4.044958428869145362e-01
-7.469673092937854919e-02 -4.827835970471277549e-01 7.036631235377316385e-02 -3.770345898469963652e-02 1.981528994517220976e-01 1.846740150259432445e-01 1.482402724929556825e-01 4.552292527976034009e-01 -3.355469398712509488e-01 3.798722178476664491e-01
-6.856303752751990999e-01 3.946557447586437339e-01 4.547274566285017805e-01 7.319732975311564749e-01 1.341952529080198964e-01 5.979544697818961474e-01 -1.945036196804523498e-01 -9.697379889293358812e-02 7.146744740398373041e-01 9.266304908073882962e-02
-1.525022566227565712e-01 6.379235863445112953e-01 -5.734304572175801251e-01 1.968606207513198814e-01 3.105244506640012503e-01 4.112027413775936058e-01 4.088960086862685750e-01 1.194780419983827308e-01 -4.324146288845388819e-02 -1.612859787770284381e-01
2.251582720826579218e-02 -1.087376544725893873e-02 2.439579628244564063e-02 3.470245988170594931e-02 2.540044411327259388e-02 4.748065457877751611e-02 1.050397916684505349e-02 4.286331532686916274e-02 2.428830515776689292e-02 2.223792976674523851e-03
-4.936368122245224366e-01 5.952891170835410417e-01 -4.904542554478401595e-01 -4.370063667953789054e-03 5.726905133832255190e-01 -7.513442062597465165e-01 -8.023031891587463216e-01 2.643766069281942022e-01 -3.402226890261301762e-01 -7.063133149446935155e-01
-2.450240376223180028e-01 -2.256076171809038577e-01 9.483498376988969136e-02 1.508629638388700178e-01 1.761632980965867346e-01 -4.750516870635552169e-01 1.269464555397211425e-01 6.296520200246821242e-01 2.488856730312647425e-01 -9.074290497564563296e-02
-5.477111600770516731e-01 2.006546529012495639e-01 -8.167752644350004809e-01 -3.367099715097805479e-01 -6.768994550231809404e-01 7.695769907254511322e-02 -8.356715463224387852e-01 -5.097406216793993750e-01 7.989990690536288298e-01 6.911576472371073754e-01
7.534024310066281260e-02 8.527848969331947027e-02 8.251681256104810569e-02 -2.491177248352264562e-01 5.311061743701937093e-02 -1.193878018435842459e-01 -7.722578220833443974e-02 -1.078257683049847759e-01 1.622506681245705629e-02 -5.299213518719537476e-03
9.069584029073973763e-02 -2.264596828171083764e-01 2.989235990947125554e-01 4.487343393049746942e-01 -5.085250763914013206e-01 1.773897696127627321e-01 2.535267899122667923e-01 3.727956128242539136e-02 -5.252801408011248396e-01 -5.912162444042061704e-01
3.627086709760530825e-01 -1.845349042610938683e-01 3.370700789252585317e-01 -3.746869388851588323e-02 -2.754093065511553640e-01 -3.502565648811016286e-01 2.300683903750118664e-01 -4.275933160404481459e-01 -2.035365921097896658e-01 4.309465523749289595e-01
6.960495356335441031e-01 -4.812582680507649924e-01 4.793580460838988144e-01 8.244270317634748713e-01 6.168436981419322951e-01 -3.189031867010689442e-02 5.266848177247674956e-01 6.950010213277584281e-01 5.943839672952423436e-01 1.047727469918846716e-01
8.851737392931778581e-02 1.243687067203956276e-01 4.538671803324538234e-01 -1.517453428596627629e-01 2.012836810347918004e-01 -2.078832672590455177e-01 9.251412717197443625e-02 2.811612552896333161e-01 -3.887795345066345498e-01 -3.731218894410573972e-01
-3.702105749233492449e-01 1.336772376187348177e-01 3.956436127260830049e-01 -5.917331452496930044e-01 5.834054972262053829e-01 -1.356369934442845371e-01 7.372970556722210356e-01 -5.710690209758665370e-01 7.689496575536405865e-02 -4.323168829224991599e-02
1.680799414435398265e-01 -2.555293264976394307e-01 -4.691333619543200384e-01 2.070292490620010556e-02 4.567600235961069566e-02 -3.857101271142060472e-02 4.285913439747449094e-01 4.684454984970597979e-01 -5.720067052039219668e-02 -6.208143067587107433e-01
3.153003310426065187e-01 -6.294551743341637584e-01 -4.937036544431711027e-01 2.889772722263758697e-02 1.638782984991170588e-01 2.993601647154833234e-01 -2.658584001501913541e-01 2.079911673366472424e-01 -2.878312270725075228e-01 -4.154271371742693231e-01
-4.807823561531031353e-02 3.978692546507320849e-01 3.559657932623710441e-01 2.043804636541507458e-01 -8.139641889033824573e-02 2.319435580688657683e-01 -3.573317950657323161e-01 2.046018309741731711e-01 -5.754739643886421646e-03 -4.795308887427332523e-01
2.611894637829531574e-01 -1.941303419429423471e-01 -1.693555749773851815e-01 4.683727727841912603e-01 4.052861693817931821e-01 4.658128197056153885e-01 7.230537647557657710e-01 -9.074511499591390862e-02 -3.191848187052516717e-01 3.403366374436743169e-01
-5.317308800572650984e-01 -2.431716537529901023e-01 -5.583232025181378289e-02 -3.940344991911792771e-02 2.716145452245031788e-01 -2.925575130562446668e-01 1.295817785534212306e-02 -1.931526394231865562e-01 -2.995968625324070267e-01 2.498221891397076344e-01
-2.318662942736158805e-01 -1.313017943050553971e-01 -3.712613569405364689e-01 4.327383304006736653e-01 2.271091823719841862e-01 4.313829330707320553e-01 -2.612617990177357741e-01 1.730351627384318913e-02 -1.655568504656092232e-02 -2.957006263216661879e-02
2.376742661987543415e-01 2.356643945115001193e-01 1.872966375342104972e-01 -2.313508146864095838e-01 -3.905797810572090856e-01 -2.543085943632820145e-01 2.277003075466230431e-01 -3.458739280633735258e-01 3.817214864299283139e-01 6.857176793594933761e-02
-2.147158032598520377e-03 5.383151206247710485e-01 -4.455743024050228263e-01 4.811725133951913480e-01 6.571805099828263996e-01 1.812384099031079387e-01 3.135571315772771039e-01 2.764621144435022715e-01 -4.748117552883650561e-01 -6.540938869010088919e-01
3.121824467144036497e-01 -4.120356099423859719e-01 -4.648278681888297625e-01 -2.558576604718932335e-01 5.214813039210027812e-01 -7.637627291385748474e-02 2.204134151249852874e-02 5.714457614741399460e-01 2.888558837424147208e-01 -2.745428763922668214e-01
-8.579538914301394759e-02 3.243439367426580455e-01 -2.719294249668082752e-01 1.860504897767033816e-01 -5.284427913663903853e-01 -1.672019693359673154e-01 3.043811815723242442e-01 -2.724798401992730712e-01 6.977338276848130683e-01 4.797404479764836305e-01
-9.545412358958536847e-02 1.189068749582833789e-01 3.190820876551604401e-01 2.708801145935189614e-01 9.660842634034748355e-02 4.828796574954441478e-01 2.134581906670640350e-01 -9.035554367067316628e-02 1.257542746957829305e-01 3.511558859411570976e-01
