6.294078137236623904e-01 -7.954273535606932732e-01 -1.147775752256585541e-01 -6.199814694405760829e-01 3.222191259442904188e-01 -4.557662337320206869e-01 3.513320134821021345e-01 5.922773966029204473e-01 8.040733635308626726e-01 7.079208506060989947e-01
1.493714467786586286e-01 1.205601283482752306e-01 -3.877959482289369264e-01 4.041454832358334359e-01 3.955621426552528574e-01 -1.077168210271678972e-01 -2.522075533406146763e-01 -4.313906718405310925e-01 5.162931081196749927e-01 -2.684322556192685338e-01
2.786896124538124075e-01 4.416159386240096629e-01 -2.017579369797935923e-02 6.560017095060425296e-01 -5.672097527397500505e-01 -2.936342127726663809e-01 5.549215321251494970e-01 2.510623495985455644e-01 6.815162295475556409e-01 -2.658341974914260608e-01
1.571315609001326108e-01 -2.018201780680948243e-01 -5.398665243474712327e-02 -5.674664010785875068e-02 -1.619431208140532930e-01 -1.682473605368573211e-01 2.175242255085822474e-01 -1.848830984326315929e-01 1.546683509482719154e-01 -9.952985278729757634e-02
-3.008304075014697418e-03 -3.279846863222485569e-03 6.303848489767989449e-02 -7.218260976075132826e-03 8.812378870658583996e-02 1.070526659932109249e-02 1.896808183987002544e-02 6.329042805258240645e-02 2.606819914066846756e-03 3.075046892255366496e-02
-4.455873194180711705e-01 -7.470326037862768942e-01 -4.071201210417119826e-02 -7.938219850457138849e-01 7.016241806597683928e-01 -6.937922562634382118e-01 5.531034053110762683e-01 7.118342064773036659e-01 6.743993037984425953e-01 2.297443441818399767e-01
-6.613319865402018591e-03 1.547503603473570633e-01 5.976004176323374689e-02 1.029477793831899517e-02 -1.321461034602670892e-02 9.183081592463135032e-03 3.875699376596707796e-02 4.332471912879473468e-03 5.145768683385458508e-02 1.576579750789509167e-03
-5.348684535807690654e-01 6.802217820480086496e-01 8.148021250183676290e-02 6.853907505402655476e-01 2.257214445835491468e-01 -3.245180508066844993e-01 -3.838226169555752909e-01 3.202010469434921625e-01 -6.046677761387694305e-01 5.597496928742601296e-01
-6.968749335932794553e-02 5.907339617789852948e-01 5.500705102504787058e-01 -5.607344284666001544e-01 -2.790912373298484739e-01 3.699806503654819445e-01 -4.181106309567255153e-01 7.199992305801851122e-01 5.171444283632580241e-01 -1.898462770570509273e-01
9.456677206967347912e-03 -5.042288957687223599e-03 -9.364053626650938392e-03 1.423408207907816622e-02 8.103143657342695705e-02 3.827530530006848647e-02 7.227732790401755932e-03 4.198545777595245887e-02 2.728903196322604585e-02 2.103166544884632963e-02
-1.815739492953759998e-02 8.923926066744573837e-02 7.181332168000412186e-02 -8.185371243598588142e-02 2.266086508089698026e-01 5.266912116956731088e-03 -3.104372087735928973e-02 -6.304272957613870666e-03 2.533283201979999802e-02 5.037218914264907782e-02
3.422825388168111993e-01 -3.188935947388668590e-01 5.947751568641482800e-01 1.864155256725496534e-01 -3.493966335903922471e-02 -2.090252924869604734e-01 5.402930702196089285e-01 5.067920782911851107e-01 -4.532867152992134940e-01 4.087215099268219909e-01
-4.225598282908696324e-01 -4.384076226151433636e-02 4.422377502976611585e-01 5.809792699455186282e-01 4.666401052607032085e-01 -4.611275433886011244e-01 2.075660758250035820e-01 -1.354467654707206259e-01 3.161583831321980731e-01 -1.280507215335615900e-01
4.165589594547651209e-01 2.011009216399332056e-01 -4.639997285944483241e-01 6.356146791818807484e-01 1.742182157351945260e-01 5.315540890709662819e-02 7.430156751836373141e-01 -1.610270794190634125e-01 4.115631648278092469e-01 2.867852121560033329e-01
3.104051187089953423e-01 -5.499717738294805924e-01 3.587833968945285945e-01 -2.363845305407641095e-01 2.908484671214718875e-01 -1.807882877554801981e-01 -4.549107130572516700e-01 -1.669827591886759444e-01 -2.010607293516026295e-01 -6.835184429457669131e-01
-2.447885757269970593e-03 1.420019903164879312e-02 5.157662941089248554e-02 1.473695851653965792e-02 8.597018506795813322e-03 4.045127262078224845e-02 6.118631674080589333e-03 -1.815699134285444951e-04 2.441100408335978092e-02 4.426198214894584704e-02
-4.173863512394403452e-01 1.024416213706005468e-01 -5.516324316543341766e-01 -4.745390478169445037e-01 -1.195568644972220054e-02 2.034902677640476887e-01 -4.098246371760463913e-02 3.638005113458506745e-01 9.823971174373569148e-02 2.445965228761249333e-01
8.297678025378690814e-01 -5.337674840336382731e-01 -7.693723654583417559e-01 4.700894631620808339e-01 5.959445938742736759e-01 3.149312806003280452e-01 1.115673768977045316e-01 6.657054513461755363e-01 8.042210302071838290e-01 -4.411911014420812349e-01
1.436783998865096175e-03 4.180810935824195995e-02 -5.893665531002919566e-01 -4.768689661797043677e-01 -5.780955987871121415e-01 2.852872440079302074e-01 -3.639512791989952811e-01 6.691554718419983061e-01 6.712056639851804452e-02 1.281270802832296281e-02
-4.642745472625033759e-02 2.479248715131700254e-01 -1.361499266758545990e-01 6.146039306107352329e-02 1.896125234430625639e-01 -8.937160277974191824e-02 -2.087312004648265717e-01 1.458462031396314529e-01 1.497506659909824123e-01 4.048957270746030707e-02
-1.563068730596464868e-05 -5.530913092813169452e-02 -2.415480315006384715e-01 3.681702075675852281e-01 -4.120410358977600884e-01 -2.483054944242726533e-02 1.807581473370084846e-01 1.872101518604186721e-01 -3.122065175600861053e-01 1.791795028356668873e-01
2.782600158951161751e-01 -9.352982866011491647e-02 -2.349142361859050676e-01 4.043923046913487918e-01 2.683652910254560875e-01 1.651673227683457534e-01 2.122763074631288105e-01 -8.832879321240594273e-02 -1.270135678965905179e-01 -2.131100832869327333e-01
5.991032969588833135e-02 4.246884915373018154e-01 -2.121463481569615950e-01 1.746411995953858765e-01 2.589676062196283324e-01 1.328758109261446163e-01 1.035944858071597280e-01 -6.130547113912624552e-02 2.487275524641079372e-01 -7.110896438805884567e-02
5.222924816853951047e-01 1.115453569082010959e-01 8.166495930052393160e-01 -8.842805774031887722e-01 -3.956372265671661559e-01 8.722457661286329988e-02 7.580216388209511935e-01 -7.725521550527927328e-01 -2.096015493735212953e-01 -8.077710867178096166e-01
-6.271312412226131006e-01 1.828893935430906392e-01 1.273543721852265533e-02 -6.601009452851540338e-02 3.364786822860712512e-01 -1.354567994107201689e-01 -6.830514232317935752e-01 4.625693484524783239e-01 -6.517310973755132686e-01 -5.998395519291097600e-01
1.145374645054092651e-02 -4.356096286330140427e-02 -1.617532328284015247e-02 2.489587176143976677e-01 -4.904031796342719907e-01 4.242650226139454972e-01 -2.074946666329063605e-01 -2.468597415677677848e-02 2.209194024617795182e-01 -1.164320971453372544e-01
1.709132308471463524e-01 -6.254901017022663767e-01 -8.092857042882461993e-01 -8.170776280565120175e-02 -3.101067118005446099e-01 -7.991060596212720135e-01 -6.673372278511650046e-01 -7.253995951325949987e-01 8.639437154437282773e-01 -5.172368602283986538e-01
3.685688266217513887e-01 4.735987102189475606e-01 -4.055092706068125219e-02 -2.683618061242290520e-01 4.394782185103140448e-01 -2.787190810681665076e-01 5.132223847666279593e-01 3.516728576117989502e-01 1.546001785541779305e-01 1.384758175770655353e-01
-3.188624417497373797e-01 2.895775099209965120e-01 -3.568587914484504936e-02 3.122247695054233482e-02 -6.900660279261442431e-01 -2.386288765123252831e-01 3.293711094135791662e-01 -6.528497660229580779e-01 3.856430880747241940e-01 7.439378043033609625e-04
-1.725237324241363501e-01 4.769046523626926382e-01 6.136524722673456500e-01 -7.015641671931645285e-02 -2.189165066952473149e-01 -5.397352496174823155e-01 -2.590450671435898244e-01 -4.111288440985966242e-01 5.198223389160238073e-01 3.603021967649710500e-01
-3.794668435627301384e-01 -5.419993156025552095e-01 8.691693310128864036e-01 6.494896590521282986e-01 5.107382923280926468e-01 -1.408995998922038251e-01 -6.765312227006365919e-01 -8.319728430909863193e-02 -5.784433887540273433e-01 -6.626169189475998866e-01
-6.653978527100506968e-02 -1.096048549980493669e-01 -6.915386178654900906e-01 3.337217395103990181e-01 -3.806624014317511739e-01 -5.807716927252406514e-01 7.978490240815624412e-01 -1.517113623464339256e-01 -1.317967012008368355e-01 3.540343688038453118e-01
-1.487562346583793937e-01 6.070216885651955607e-01 -4.888149620914693516e-01 -6.687119870873773353e-01 2.549640631598186213e-01 1.318820703811300066e-01 -4.286459332456983573e-02 2.529589458573545113e-01 3.150808600264334292e-01 2.490973190055262021e-01
3.099701624080393736e-01 6.354658027303600187e-01 -2.220866781997968553e-01 3.535845199130759897e-01 -6.164108146307765157e-01 -5.797792215139198069e-01 1.083198855949003697e-01 1.931359895750311140e-01 -1.164436046751553544e-01 -4.411632435321657386e-01
-3.408619166958826163e-02 3.163991972095910876e-01 3.516423774351669085e-01 3.135004200187364032e-01 5.177080466705711315e-01 -2.788659279159005355e-01 -3.703608223346148143e-01 -5.338137052101215446e-02 -5.643428902664767710e-01 -6.163612550977488197e-02
-3.527068267495515608e-01 5.902227617394444348e-01 2.750155265150739381e-01 4.293868775421567641e-01 4.021194633334558843e-01 -4.511690785181682317e-01 3.567216213136185643e-01 -2.631763063117140700e-01 7.180645475369793473e-01 -4.216927265812836501e-01
9.260822084771461182e-02 2.914917131762130922e-02 3.010671075689727236e-02 1.528393420325076246e-03 -5.134758931379418585e-03 -3.046478322375703856e-03 5.425784253671097485e-03 1.444809287763716421e-01 -8.204216756198806984e-03 5.317552819759429304e-03
1.656412353414794536e-01 -2.689737889731421902e-02 5.111793434623357162e-03 -1.986704495295537054e-01 -2.817231566002556531e-01 -6.384036465909789099e-03 -6.632954636977436702e-02 1.237965248444603955e-01 -1.257771852749329233e-01 -3.182235731407595525e-01
3.830492233767064936e-01 -5.491991761931107607e-01 -2.860830819910297196e-01 -7.035157886050044107e-01 -6.877391373178846912e-02 -6.964023818829133683e-01 -2.027418398427462409e-01 -6.336377544803204476e-01 -2.107111211794405331e-02 3.097152194260633928e-01
2.781497827929724220e-02 -9.212492758395626757e-02 4.134554865566641285e-03 -1.447461109250404096e-02 1.618051568622430048e-01 1.307528102441065168e-02 7.171602642599837762e-02 8.056714156034520957e-02 -2.640651160565732000e-02 7.712370808276890199e-02
1.140170688208483052e-01 2.516346953586728885e-01 -3.715908701496281608e-02 1.060167163612915769e-01 -4.465596112315253080e-02 1.775908977136291256e-01 -2.972687069182395336e-01 1.886500670705343330e-01 -2.631557320674913786e-03 7.335943280415106738e-02
-3.859048165557671384e-01 -4.151606229027370032e-02 5.802117915490657696e-01 -5.068628357903680326e-02 -2.541596586257461876e-01 7.126579869057795280e-01 -3.183020723835204846e-01 -5.204757767711301053e-01 -4.079303335726263136e-01 5.418519259286923573e-01
5.803964918256739880e-01 -7.613568942850272581e-02 -2.596703322143361636e-01 6.618899152523781693e-01 -2.619581994176808371e-01 2.615631613306677872e-02 -7.756390994563915342e-01 1.503536678312924202e-01 -5.355097238661695735e-01 7.418981886925131164e-01
2.526703507753051969e-01 1.747511573946018137e-01 8.092482092137621985e-03 1.175170624643943756e-01 -7.496992388487973280e-02 5.672963120436559648e-02 4.375888063435783709e-02 5.629210978512293184e-02 1.198886179139804914e-01 1.430162798352498377e-01
-5.197409896657586570e-01 -8.464923182208379249e-01 1.543936953192434069e-01 6.035300924094251229e-01 -2.751853886051672804e-01 5.897206637520129302e-01 -8.404069572708965374e-01 -6.953242593438578589e-02 -6.877200936636121975e-01 6.392109986381409037e-01
-8.942103024642168371e-03 2.241434945136555612e-02 4.929633827715771549e-02 -2.734137130927302706e-02 -1.340018518436546062e-02 5.890810584748725799e-03 -7.641894722647839255e-02 4.730342373765464986e-02 -7.238205234617152428e-02 -5.302301996015550134e-02
2.010814208106484480e-01 -2.364955671692414996e-01 -4.393667965252233132e-01 -2.976037504593442296e-01 4.323627241235405427e-01 3.661382704673191713e-01 -2.066085874577077430e-01 -5.387838307045466069e-01 -5.195877727467234086e-01 4.945283036236289287e-01
2.812325894271797688e-01 -5.141626457832859654e-01 -2.104740972489291262e-02 -3.424397139460518824e-01 9.689663764645133071e-02 -2.959302117256229492e-01 -4.073930216228088264e-01 -6.485435514297036019e-02 1.008302786572581357e-02 1.800645769948228114e-01
-1.152308931404308345e-01 -2.936525651628725253e-01 -7.937108772007739343e-02 7.323759639438580382e-02 1.658684677150992215e-01 2.216014211104356535e-01 2.422868600732909772e-01 2.018665845342105802e-01 1.273693670282013135e-01 6.716608674444168869e-02
-8.562249851633917386e-01 4.483593488959790041e-01 8.853219956224663012e-02 7.390734622660831699e-01 -2.689291331972301080e-01 -3.179270175291271650e-01 -1.515354711701250578e-01 7.621989196046795589e-01 -5.124526234867942537e-02 1.402333549313814209e-01
-2.445096420628348199e-01 8.407637699189894620e-02 5.657428665617482144e-01 -4.032362173269976036e-01 1.995630409814907469e-01 8.069680202466268382e-01 1.952430062159684898e-01 -7.681024809143127338e-03 3.368874609633724648e-01 -4.149646585348329975e-01
6.696039971666287345e-04 1.370423685919348877e-01 -5.126039539463900230e-02 -1.446564356967036391e-01 1.594716240741076430e-01 -1.946650552196109718e-01 3.088964428385654326e-02 2.442246822214167237e-02 -7.129645958344091143e-03 -1.349339125117448857e-01
7.640695500562592890e-02 -9.184103300233637315e-03 1.691959830204118054e-01 -1.660668063422009871e-02 -3.681359828914101961e-02 -4.800780269508714976e-02 -1.973582902422527444e-02 2.854819941315384427e-02 -1.370551897771899452e-01 3.740419411062199245e-02
-2.858188368527473378e-01 7.668046291459600372e-01 9.165945088927479611e-01 -6.218614838093078356e-01 -1.042890310020135741e-01 -2.592354788389702458e-01 -3.149405270263226919e-01 -2.233609704253406714e-01 6.823444900786758138e-01 -4.059919993096136603e-01
-3.392967895892400332e-01 -4.366562618134245399e-01 -4.447783656039142053e-01 2.749506535304214738e-01 -2.321647579359958913e-01 7.260934948620121343e-01 -2.099212112915371797e-01 -5.144019220862049435e-01 7.537417721891409572e-02 4.396937045398701116e-01
-5.075862692039121438e-01 4.419565970978192038e-01 5.394178262624726994e-01 -3.209860409619007537e-01 -1.561224449858296115e-01 3.177932843879816005e-01 -3.198789142322994161e-01 2.312615447436977001e-01 -5.809606875440698204e-01 -7.121622648874306183e-01
-2.352069960735959919e-01 -4.533931638464018810e-01 -6.255321175298583780e-01 -3.918691730317681587e-01 3.801908908101747087e-01 -5.369574689203596707e-01 4.795132455766539653e-02 -3.175502902984976838e-01 -3.668744662746105667e-01 1.478826040698731914e-01
6.722003764883167920e-02 -4.550229748294420257e-02 -2.452265297057288906e-01 1.745837710781162344e-01 2.545900821869355457e-02 -9.401640112848763664e-02 6.856694556408048091e-02 -7.947213004273184084e-03 1.009430605166800055e-01 -2.298951383693646211e-01
-2.602053980755300588e-01 1.653826069631207651e-01 1.993260797060198430e-01 -1.497331190910919652e-01 -5.796904088189523963e-01 5.629620632472674968e-01 -1.281141540699614612e-01 4.407319271447558973e-01 -1.788765830689437175e-01 -5.507510374964299515e-01
7.719760179890081120e-02 4.057765174254095164e-02 8.933280511783877470e-03 8.857536418347626561e-02 1.123005238617647145e-01 1.458645397486923491e-02 2.774365863286938280e-02 5.050308224698104188e-04 -1.953394850176902106e-02 1.177085224717798126e-02
-5.662577068749382603e-01 -2.820797873525942023e-01 -4.570087359824177575e-01 6.323252423317663462e-01 -4.822764935518360496e-01 6.939454756935773405e-01 -3.439904182018857504e-01 -4.607084909708250575e-01 4.825763320751350061e-01 5.608399183621833872e-01
-5.397910303012805056e-01 -7.967931545337030019e-02 3.621587913775950462e-01 -3.980372797716374110e-03 8.202133095345641722e-01 -2.675085840214988520e-01 -2.275769742234917126e-01 5.785861730946343373e-01 -2.557332405956977417e-01 4.229499987057481203e-01
-8.297812580913152547e-02 -4.635826607005274352e-02 5.184086708836847801e-02 4.196736292015458558e-02 -1.300561499470097651e-02 1.558277259030197218e-02 4.495880726802300997e-02 -8.754641935346070200e-03 1.081557513257034447e-02 1.040348035687702899e-01
-1.045388011154662067e-01 2.413016010691592939e-01 -1.373187021908297938e-02 8.191275158098403064e-02 1.828875035786162173e-01 4.158765518104893394e-02 -1.681772977401651825e-01 -1.437146389477162167e-01 -5.566085223269062049e-02 -8.794034767656133678e-02
9.411396536392339224e-03 -7.510572489560016218e-02 1.319322256409934113e-02 -1.787566761252490644e-01 1.047288231928154983e-01 8.024547890360551883e-02 -8.592131235042319015e-02 -2.636971360753886384e-01 -2.829129107577837976e-01 -5.636837880182059557e-01
5.230454797851210591e-01 -1.180069030979162131e-01 -5.304061218080998730e-01 -5.657616475454340099e-01 1.268264073851719242e-01 8.706341424059717282e-02 -5.185966713827143693e-01 -6.697325548864482836e-02 -6.263611981803823836e-01 5.152801139602637415e-01
4.621847598029469317e-01 -6.366788648583557864e-01 3.785698396855509129e-01 5.752989308565206183e-01 6.307064169204672499e-01 -3.047513240890708519e-01 4.015479830205108680e-01 1.698306355511234600e-01 -1.236071616012937927e-02 4.827967451834822565e-01
4.243327269980257666e-01 -4.494086630041072006e-01 -3.915289433256753382e-01 1.692899197036152048e-01 -1.394458977238717257e-01 -4.160045725167987318e-01 5.085798902473220862e-01 4.264435480395299960e-01 -1.283428520553075991e-01 1.131706120988772296e-01
2.119767302618112137e-01 7.908501283212540089e-01 5.095129065092280918e-01 6.022199257503484393e-01 7.221637128502189640e-01 -8.031325504109033675e-01 1.673094720013709735e-01 7.932851253445888373e-01 3.089401209306388285e-01 -8.705448784931614226e-01
2.867295793738336429e-01 -1.174216810366374847e-01 5.467422977378425669e-02 1.377816992864321910e-01 -2.051494471537598230e-01 3.764647161944532638e-01 -3.699666563172072237e-02 2.353576713554851318e-01 1.455372168019659074e-01 3.461144636179827594e-01
4.344193917483434308e-01 -5.451280544786299975e-01 5.586825155284435018e-01 -3.544905414276667277e-01 -1.770697887042488039e-01 -1.591488209683526445e-01 5.539833992478720992e-01 -4.482255185910369866e-01 3.271663362206367331e-01 -2.342371489063718726e-01
6.766387347234890104e-01 -2.550036001543870556e-01 -7.074584532560286299e-01 8.932583712407800025e-01 8.626010642852723065e-02 9.341072077569158028e-01 6.929450204352914922e-01 -2.708447988666320971e-01 -9.290677505436950590e-02 7.890342439403916774e-01
-2.180142286889184822e-01 6.116698706483933261e-03 5.811944478756514432e-02 -5.264981301330430297e-01 -4.294647476408840481e-01 -2.344903322106363097e-01 2.222777079229486252e-01 -4.089541613758840288e-01 -2.986902671933636677e-01 1.450842931697924887e-01
4.181991335737412184e-03 3.576504845319124215e-02 1.295622384313958007e-02 6.645304399792252570e-02 -5.283025240148233985e-03 6.370464777986016569e-02 3.484673055064948025e-03 4.233056478848137155e-02 1.034055689955379852e-02 2.098851032091452254e-02
-1.255120535887948863e-01 -6.034845898235772221e-01 2.774620190074379988e-01 3.236540273704324733e-02 4.893400304008211910e-01 -4.557282222088243628e-01 2.449146265820014157e-01 -3.971017625839633469e-01 7.155668589811043923e-01 4.418273923077532528e-01
-4.827791315105270376e-01 6.702953235223075845e-01 -1.042206199008539613e-01 -1.639552145711100639e-01 4.571720805147772015e-01 5.143583086159788653e-01 2.676714101748978725e-01 4.605155264780206870e-01 -4.645883276918525984e-01 -3.976835022890636284e-01
-6.752259453240874731e-02 -4.239137452149898122e-01 5.803749288278833157e-02 -5.611185289875005033e-02 1.630590197395171692e-01 1.717603989436684575e-01 1.155331745441373903e-01 4.155114924735144877e-01 -2.817934907804889866e-01 3.313974960411788517e-01
-6.775541501815279810e-01 3.952833090744020672e-01 4.482305057690769146e-01 7.204181700279624900e-01 1.307190229063573128e-01 5.893330375359819850e-01 -1.913712122841874641e-01 -8.607105670713979806e-02 7.056851248592768133e-01 9.195774163589583161e-02
-1.491270243754736213e-01 6.242437422675556347e-01 -5.615433966101972540e-01 1.916601461606403933e-01 3.065307536456065018e-01 4.232950792633908832e-01 4.002074486597188008e-01 1.155715123376211406e-01 -4.281471357544658352e-02 -1.580747202120463546e-01
1.297007580215138282e-02 -7.198520190999937139e-03 1.459200178222270876e-02 5.210607628302917765e-02 6.561341564595460363e-02 3.322019635620623162e-02 5.512494424151880013e-03 6.897416745788058356e-02 3.137328815809453664e-02 4.124286847083252078e-02
-4.907623003732543565e-01 5.986591172355006929e-01 -4.900182101469102713e-01 -5.558156996711732106e-03 5.722497950870168992e-01 -7.475665900134135233e-01 -7.993019693945031534e-01 2.623030151454663894e-01 -3.388956883341135984e-01 -7.029537511925226800e-01
-2.151347480139061130e-01 -1.693059577779471858e-01 8.211299520160784959e-02 1.390240721299586535e-01 1.442933869700265825e-01 -4.185545004279681569e-01 1.123202194977000745e-01 5.753281466614428297e-01 2.090021431586555067e-01 -8.278858002611325095e-02
-5.440544632701121985e-01 1.973097548134053469e-01 -8.112360418825250719e-01 -3.335259153857957903e-01 -6.753580705161789099e-01 7.849348580456479152e-02 -8.326805821815763675e-01 -5.072730887458223314e-01 7.996686783377816576e-01 6.878386304854868794e-01
4.581611101972071776e-02 3.342880947236158418e-02 7.703080695474880113e-02 -6.286943372006120745e-02 1.750653557554987527e-02 -4.225401975724385559e-04 1.678285371488309752e-02 1.504833141619027134e-02 -5.439692531461529611e-03 7.601928903399472401e-03
7.586993102163382130e-02 -2.066685529083685524e-01 2.927509497156337570e-01 4.345140301630032176e-01 -4.842780191011462065e-01 1.830522455308090379e-01 2.282537469493549076e-01 3.639877804516376131e-02 -4.967706227249706896e-01 -5.583145701193854560e-01
2.472803260730999930e-01 -1.264877915014297471e-01 2.522534811540914079e-01 -3.761864041383198437e-02 -2.193431667477735991e-01 -2.492357052279836338e-01 2.261267925338087403e-01 -2.791584278585954038e-01 -1.334410320901658342e-01 3.158897537260117461e-01
6.966136142607293191e-01 -4.804984622420855334e-01 4.768978534595498808e-01 8.245770876443808683e-01 6.134911888177171368e-01 -3.284560199863535007e-02 5.271036850939091467e-01 6.937032359682048233e-01 5.925004195818787123e-01 1.054276297475857799e-01
9.467149798392827942e-02 1.156682960242223362e-01 4.693009452944967852e-01 -1.438389962462748584e-01 1.875541277989476174e-01 -1.972867242249768949e-01 8.876773345098293300e-02 2.658996874929921428e-01 -3.728242506315190830e-01 -3.565195535235520796e-01
-3.570175552446107070e-01 1.337557155669197306e-01 3.852815736311507311e-01 -5.817198311863613913e-01 5.704738399350998135e-01 -1.223038604756162134e-01 7.212266519234644679e-01 -5.609009092037110511e-01 7.489698368219989411e-02 -4.132045213150626478e-02
1.587133958594016125e-01 -2.194659796366810189e-01 -4.178740525959398489e-01 1.310196137810228090e-02 5.124945350090674701e-02 9.583976301825782376e-03 3.842084023000147397e-01 3.926642012885921962e-01 -2.805631935905982324e-02 -5.052125911498923649e-01
3.051572879616444856e-01 -6.152379539261977337e-01 -4.731819406759144586e-01 3.028946183034427961e-02 1.548989291194352858e-01 2.921847357393418942e-01 -2.636249261520354770e-01 2.005343481542439243e-01 -2.669109924294157388e-01 -4.033418908856298279e-01
-3.689018922688928892e-02 3.740544894620224659e-01 3.193797428302756480e-01 1.830202488782971260e-01 -5.638891736843114344e-02 2.230462510630406847e-01 -3.243469032494351589e-01 1.849597311820378176e-01 -4.346583150889411968e-04 -4.180853838698202485e-01
2.505579225013043199e-01 -1.877336444100389523e-01 -1.567197904862534241e-01 4.522740839160034332e-01 3.875255447110484974e-01 4.662451339428718700e-01 6.929381113797923319e-01 -9.345231805437072270e-02 -2.927265631413187297e-01 3.405373214409795901e-01
-5.122622742448977862e-01 -2.168540256570598013e-01 -5.395664701618450160e-02 -9.735386374922657543e-03 2.642186408580428636e-01 -2.458550497201006380e-01 5.990232229071425739e-03 -1.841416241701293310e-01 -2.868323847851317887e-01 2.400110888450207314e-01
-1.765801501981184296e-01 -7.428162914659605653e-02 -2.559391897874244703e-01 2.540521702352402933e-01 1.743903562602756030e-01 3.141131979374718886e-01 -1.161386791320055123e-01 6.166284546880528711e-02 -2.225676132997011190e-03 -4.155367071760068115e-02
2.140892260756581955e-01 2.404876314704462725e-01 1.734961917545580490e-01 -2.154158903274047687e-01 -3.651375809996615929e-01 -2.432926061492373115e-01 2.317281560093329140e-01 -3.173948995312628751e-01 3.535874864429753295e-01 6.587816881345727460e-02
-1.974690801628357228e-05 5.344278549684485791e-01 -4.411040989025131753e-01 4.750186299839728732e-01 6.462541431572198514e-01 1.769303140149335318e-01 3.234324399645374104e-01 2.757788487289180024e-01 -4.689155368800234647e-01 -6.461804094062327808e-01
2.836501721328144043e-01 -3.736084867440871427e-01 -3.981061057239036471e-01 -2.340099555739770243e-01 4.738624993267363528e-01 -5.233032456936823756e-02 2.099173696108590226e-02 5.206282677283933236e-01 2.633960555919040436e-01 -2.459532093366677552e-01
-6.913855440998681323e-02 2.972909035558941038e-01 -2.511682566820399032e-01 1.813446606580168541e-01 -5.123582799510678631e-01 -1.677885894460328098e-01 3.093685912764393975e-01 -2.782292054434011841e-01 6.683349965460763098e-01 4.511633218834452674e-01
-2.179463829481709941e-02 9.659689671073037887e-02 2.246332041660394352e-01 2.102843131810482324e-01 8.131304588712942594e-02 3.709263676273159005e-01 1.729476309373647325e-01 -1.045286403342095133e-01 9.011798109164718962e-02 2.641772391767704398e-01
