6.281029305307147537e-01 -7.903073573247831884e-01 -1.143248799181916242e-01 -6.186312092119718997e-01 3.208501229821036915e-01 -4.559418985763818988e-01 3.530412051276053953e-01 5.918090881686424165e-01 8.055271569575442880e-01 7.069171654420651763e-01
1.488601376899915674e-01 1.206503532631603842e-01 -3.852910040281267157e-01 4.050687811243832703e-01 3.947295784756842951e-01 -1.067501399051956068e-01 -2.524413849996514081e-01 -4.292388066919874956e-01 5.158173440964064493e-01 -2.689436776282038144e-01
2.778208561597567128e-01 4.412655824091081258e-01 -2.006242839207262804e-02 6.552742789164212045e-01 -5.665984098381218192e-01 -2.938006730932024024e-01 5.537812870054074077e-01 2.539538909568100356e-01 6.821972128605670038e-01 -2.664944559422146586e-01
1.848385369667829847e-01 -1.380488504853939480e-01 -1.611842202478822386e-02 -2.545993750838019404e-02 -1.136728071380044003e-01 -6.970885025624656839e-02 1.326004130572508155e-01 -1.080956105775413706e-01 9.543013630618520093e-02 -5.875750296612147761e-02
-6.937129289465051099e-03 -1.918186113160628981e-03 8.830647955066713017e-02 -5.920867758378378122e-03 7.375431362562519244e-02 2.767386651518772764e-02 8.441004445554411290e-03 5.378339427457795585e-02 1.383882311071295799e-02 4.540421761413416385e-02
-4.455945754190069330e-01 -7.466971061514159347e-01 -4.072429707650398328e-02 -7.939515407216688470e-01 7.014799235600711613e-01 -6.939331634899199575e-01 5.530533560414095939e-01 7.124053758646078371e-01 6.743024373378627701e-01 2.296947066012934580e-01
-4.832458747876492919e-03 1.640113126729985937e-01 1.060260707462567092e-01 1.692299570516947807e-02 -1.381302604157382333e-02 5.998424680726005542e-03 3.407114109105064542e-02 1.697529758361267932e-02 8.170445327789771506e-02 7.041883151260811685e-03
-5.348070460808768134e-01 6.800689999808511299e-01 8.296129834078369569e-02 6.851882169588341398e-01 2.255225402160518644e-01 -3.245034215130665478e-01 -3.837648953639842819e-01 3.200886117311336210e-01 -6.045721993453813115e-01 5.596089387275530180e-01
-6.946018890617881858e-02 5.905382586091142416e-01 5.495374680926745636e-01 -5.615495615346629554e-01 -2.802402996003929836e-01 3.668579011561707848e-01 -4.122868298006239218e-01 7.199448565616632933e-01 5.175235083882333553e-01 -1.893604838127439793e-01
7.098174749868213160e-03 -1.529749665517627722e-03 -1.039368780589762335e-02 3.201475418115818511e-02 1.202832245671762862e-01 7.105844154742799179e-02 1.584367132475591675e-02 3.996305844359013953e-02 4.061486347639388372e-02 7.203032262221385068e-03
8.192694758260911673e-04 1.235220810048868884e-01 4.260977740967967359e-02 -2.967481821059674701e-02 1.829893059355075235e-01 3.221304158913161630e-02 -2.182883211750979296e-02 1.203228700252050205e-02 2.545024999049004186e-02 3.866390398096257452e-02
3.422647236881905530e-01 -3.188769969584886455e-01 5.955206613059349507e-01 1.864058231134350929e-01 -3.493784481872205805e-02 -2.090144131342376033e-01 5.402649490347767314e-01 5.067657007666702684e-01 -4.532631226229320576e-01 4.087002367812665460e-01
-4.213299549849522929e-01 -4.422702356064872609e-02 4.404544553200885337e-01 5.789293261537373780e-01 4.677858105439924308e-01 -4.542799565260809413e-01 2.075139114631536497e-01 -1.357940923420792589e-01 3.156885427558790980e-01 -1.272703339645965548e-01
4.146639953850143612e-01 2.025872864560928077e-01 -4.651208525893291146e-01 6.348568966498620014e-01 1.741781510196673266e-01 5.277597093997030836e-02 7.445574978029919633e-01 -1.599135788195122643e-01 4.120442206307514676e-01 2.897142048741074838e-01
3.110600698480425752e-01 -5.498746120984416841e-01 3.646125141644036005e-01 -2.359945355246193532e-01 2.926131819197048678e-01 -1.800775962981247813e-01 -4.542193308677622832e-01 -1.672054779268258018e-01 -2.017070707517843453e-01 -6.815430898496862566e-01
-2.431294431160883548e-03 1.497984409796073065e-02 6.359083413266004847e-02 1.595876361769360888e-02 1.759973759732961010e-02 5.112299970234084057e-02 4.928657150715267873e-03 6.520777120961264613e-03 1.957382196725175952e-02 4.414840201622616950e-02
-3.731892926774578179e-01 9.313208105807008197e-02 -5.155003559175922456e-01 -4.387135060240374140e-01 -1.504605657306603596e-02 1.830004733375558412e-01 -4.661089317864995640e-02 3.495363420279319344e-01 8.906418622240544480e-02 2.423326245450266592e-01
8.297674728553967594e-01 -5.337672719577016833e-01 -7.693720597721209753e-01 4.700892763866288959e-01 5.960074347867986289e-01 3.149311554721623274e-01 1.115673325698715163e-01 6.657051868487843249e-01 8.042207106749282852e-01 -4.411909261484961431e-01
1.312238338569972698e-03 4.143399648512612748e-02 -5.874826349544105542e-01 -4.763384595052913006e-01 -5.774713309194061672e-01 2.848113011390988603e-01 -3.635235644208163475e-01 6.727050193479571227e-01 6.687966837110170815e-02 1.283381977131918712e-02
-2.822479596790405595e-02 2.147721409754327626e-01 -1.245117651829083516e-01 6.018298326288409883e-02 1.878434043520207930e-01 -8.243010941571028705e-02 -1.730690827553618694e-01 1.108621949833028392e-01 1.256039878262357190e-01 6.303850777427584540e-02
-7.858723573679145605e-03 -5.484593173986104103e-02 -2.284436614887851991e-01 3.518021699348722886e-01 -3.938698975064791052e-01 -2.665128602328451987e-02 1.663878928667890111e-01 2.142538230095040741e-01 -2.928998050959768507e-01 1.602193203798701893e-01
2.698192317099029069e-01 -8.999142314237448814e-02 -1.950057429314965562e-01 3.944643246624096045e-01 2.572760223424973014e-01 1.603931151759374896e-01 2.009902371417442157e-01 -9.051993830650646722e-02 -1.222571294315707852e-01 -2.123040262424911728e-01
5.433799163076150768e-02 3.969914697065155540e-01 -1.737439591600445643e-01 1.632780618054819610e-01 2.420776801716001680e-01 1.237841504591759567e-01 9.711797993257521855e-02 -3.014430293534422350e-02 2.330757996764901141e-01 -6.700750483560687087e-02
5.222516481115506704e-01 1.115929211008918759e-01 8.166425158148891139e-01 -8.842734150046324126e-01 -3.957027362334634146e-01 8.720098399123353550e-02 7.579916824587629165e-01 -7.725808272068496185e-01 -2.090488557463433816e-01 -8.073485498381435255e-01
-6.267137976933445653e-01 1.823370282497017714e-01 1.323750436532907145e-02 -6.644814902997449313e-02 3.358447590145018924e-01 -1.311429074766027048e-01 -6.815198326026727926e-01 4.604720884040645612e-01 -6.511501909874146676e-01 -5.960888007681837131e-01
1.068722715637668991e-02 -1.562943410058211316e-02 -1.683916382543987345e-02 2.397285113124346112e-01 -4.783734435538580798e-01 4.066292965238956225e-01 -2.010394719169073530e-01 -2.465860339360347389e-02 2.127139105529329832e-01 -1.153074340638757800e-01
1.707634473539483555e-01 -6.254340309711690082e-01 -8.069789895990211459e-01 -8.184862071942319850e-02 -3.100891678859885592e-01 -7.991998387898434641e-01 -6.671344954126748883e-01 -7.252751733047164695e-01 8.635370364954882971e-01 -5.174153758013411153e-01
3.677413932664709284e-01 4.725332425235691525e-01 -4.058064158295090346e-02 -2.679992635474569007e-01 4.402814832570808856e-01 -2.729145022125357145e-01 5.120655356528616142e-01 3.508191823016031941e-01 1.541417140667230568e-01 1.383254230119157213e-01
-3.188169322096298663e-01 2.927694613806625656e-01 -3.617574250265882807e-02 3.167957571811445133e-02 -6.890729906660526538e-01 -2.332857083889621208e-01 3.331344568082808544e-01 -6.512570777615364070e-01 3.843461995750507287e-01 -8.338706247888036578e-05
-1.695147742556936121e-01 4.720254393482563593e-01 6.103883169995539815e-01 -7.469387764350146619e-02 -2.007300081426785787e-01 -5.376641508869635100e-01 -2.575146028994359515e-01 -4.006924602201240027e-01 5.152378490725815219e-01 3.529301824108138086e-01
-3.802279438315441795e-01 -5.359680661152792513e-01 8.693325163205891659e-01 6.504668521953800298e-01 5.089678239277614091e-01 -1.410621622755711124e-01 -6.745312575842894454e-01 -8.367982733640791371e-02 -5.759960551756889702e-01 -6.630514247560679308e-01
-6.689274767395798904e-02 -1.096936072201268597e-01 -6.901482733735565533e-01 3.332351012341766561e-01 -3.807809513810975210e-01 -5.748347984931755361e-01 7.953451241213649325e-01 -1.531266387500930248e-01 -1.317432486494658217e-01 3.564479903579856335e-01
-1.494300767804537799e-01 6.054819775087812994e-01 -4.883220746669132417e-01 -6.681917728834410042e-01 2.551939430159484989e-01 1.322452592264296289e-01 -4.438974669766981157e-02 2.610198998160465633e-01 3.158016003985327780e-01 2.461021554111908483e-01
3.088157636460076017e-01 6.331890221559596243e-01 -2.220425736814198858e-01 3.519141156920509994e-01 -6.071507928713522073e-01 -5.775057074735017171e-01 1.102555986538091837e-01 1.915921535223834293e-01 -1.171915490758189404e-01 -4.397621055501258480e-01
-3.442725090545607769e-02 3.203036246730505687e-01 3.503821175562233936e-01 3.130323564717212848e-01 5.172292680934778009e-01 -2.777727736717084395e-01 -3.695857712450550947e-01 -5.278415720966758706e-02 -5.640637480348301702e-01 -6.219396253010164854e-02
-3.545925202276831167e-01 5.871134245282516595e-01 2.765307648987018752e-01 4.279014827950239908e-01 3.975306881924978719e-01 -4.544927970269416750e-01 3.547916028852411419e-01 -2.550237750849512208e-01 7.146087792883153433e-01 -4.213237102209168028e-01
9.806641906439771128e-02 5.404222270181933269e-02 2.612941410492599509e-02 1.212653062512878029e-02 -8.131983393218619738e-03 -1.934440980687982675e-02 -2.315003872294955824e-03 2.338546449215088141e-01 -1.318302494083304320e-02 -3.011591656452189143e-03
1.059984552704955202e-01 -3.235088892958258577e-02 -8.369230215286306215e-03 -1.353209634225498170e-01 -1.582439992752407709e-01 -1.143850572610748996e-02 -3.787376545641858022e-02 5.874808685733906577e-02 -9.873544949569698637e-02 -2.322398583803086392e-01
3.822630442614509128e-01 -5.487449243787602127e-01 -2.849043103757416540e-01 -7.028597901240178913e-01 -6.904291454439907827e-02 -6.908824242671954829e-01 -2.042298815638110554e-01 -6.345193574325311836e-01 -2.113632596699202906e-02 3.155690853806730756e-01
3.785389207714320858e-02 -6.214462428270543792e-02 -8.102712620706468624e-03 5.546230967610955853e-03 1.881296680025486556e-01 -1.336390404621020343e-02 6.606316811084231300e-02 4.439723052185297336e-02 -6.720475973246599691e-03 5.007891915708925085e-02
1.147506985333763274e-01 2.435073942205570885e-01 -2.835918242167229444e-02 1.323054327060942947e-01 -3.946304875482788133e-02 1.448361481731765543e-01 -2.528404656708445053e-01 1.685242042794221629e-01 -7.135146396183687616e-03 7.110502474662508399e-02
-3.780457063435040399e-01 -4.042752731551406409e-02 5.790479776423811398e-01 -5.135965916123854530e-02 -2.525267799163434246e-01 7.093262043545016660e-01 -3.176580960278123089e-01 -5.152274168881733063e-01 -4.078211996201958067e-01 5.451809154098865573e-01
5.803690877536585857e-01 -7.530844768417362112e-02 -2.596633354917822212e-01 6.618543071880554907e-01 -2.619428723502235101e-01 2.617166445689046370e-02 -7.756040595928463954e-01 1.503441346170240889e-01 -5.354933583878653813e-01 7.418630223371854848e-01
2.339862054529828761e-01 1.581057499900448970e-01 1.413007987777075390e-02 1.094926920547657362e-01 -6.631883807311275691e-02 1.077781646329612070e-01 4.935833940113639601e-02 4.540868026403658414e-02 1.063007991158194249e-01 1.278170161247916270e-01
-5.198717408572092191e-01 -8.461743347150461059e-01 1.561059179997045243e-01 6.036465507681657572e-01 -2.753972527150750915e-01 5.896245236965800274e-01 -8.403210068912823072e-01 -6.979267402436896417e-02 -6.876890349330531116e-01 6.391882703547876465e-01
8.441773766862926964e-03 -7.758993791555735074e-04 1.158431586229270206e-02 -1.609378020229776385e-02 8.064628407387611220e-02 8.078109434213305573e-02 -2.147064462691669010e-03 3.860831543747297867e-02 -3.651629896190414920e-02 -1.651427187279068745e-02
1.979299377832784423e-01 -2.349663827551564943e-01 -4.369375703810682299e-01 -2.995614042337212957e-01 4.348704887139910324e-01 3.662529591094226267e-01 -2.098125535725861024e-01 -5.260897358711138505e-01 -5.146482625702744063e-01 4.882900948325222812e-01
2.756554063430931567e-01 -5.034873753157008691e-01 -2.064500310064202107e-02 -3.351140769625771121e-01 9.808294079812035493e-02 -2.889311230162249777e-01 -3.794844962864614701e-01 -6.185486129451291809e-02 8.992539648265879260e-03 1.759321999190533448e-01
-1.039622253697608661e-01 -2.673942260416485306e-01 -7.391947544418141225e-02 6.343207676206071011e-02 1.950253978068600680e-01 2.004294963581286226e-01 2.185319148533491906e-01 1.805353522849261483e-01 1.123149334013010953e-01 9.679365614006806007e-02
-8.559812340236971906e-01 4.488711172322581988e-01 8.837074799437583117e-02 7.403671005422061135e-01 -2.688913171480082354e-01 -3.179596358400756939e-01 -1.515052997327814843e-01 7.619816003422535955e-01 -5.128060207760969796e-02 1.400923120211185202e-01
-2.410039000850250357e-01 8.390297327064367983e-02 5.650972834472289819e-01 -4.027683976488447004e-01 1.992165702786443116e-01 8.061630189145223557e-01 1.950643224303525158e-01 -7.680509278465213856e-03 3.365380397116755629e-01 -4.146346399500427937e-01
1.261412622773269189e-02 1.044847649816509211e-01 -1.763252239908879443e-02 -7.601805010513637550e-02 9.143777938859323773e-02 -1.420153455470162251e-01 1.129872968957500723e-01 6.796816260700962349e-03 -2.689578298963566771e-03 -8.737053759097675176e-02
5.468566079543471514e-02 2.747025620736108509e-02 2.093424340365167835e-01 -1.641079200266551755e-02 -1.963780466023568039e-02 -3.843432184314541505e-02 1.267578068940567945e-02 3.162746616556826040e-02 -9.629275327734967971e-02 1.682308930333670932e-02
-2.851394312457888880e-01 7.616375078832903212e-01 9.132455010409680218e-01 -6.192636117583333322e-01 -1.048295434381250196e-01 -2.432358247380495553e-01 -3.181233895250741295e-01 -2.269832746681603453e-01 6.784036200794240079e-01 -3.955338716207265626e-01
-3.370368638543710937e-01 -4.367266508106200651e-01 -4.451162457363218583e-01 2.738637284972984531e-01 -2.332355373108900565e-01 7.294605851505041594e-01 -2.078727467592456635e-01 -5.147429903406236518e-01 7.479142357978953159e-02 4.375291040016600630e-01
-5.075721676058122522e-01 4.419315553494507220e-01 5.393636415642567572e-01 -3.210483584683110347e-01 -1.553935193314444352e-01 3.177074683841676905e-01 -3.198857811957694919e-01 2.311250884828416063e-01 -5.810049016317770931e-01 -7.117266276945022341e-01
-2.340496991582451114e-01 -4.525105350585568176e-01 -6.236810861795746286e-01 -3.820257922447837240e-01 3.781622900613780258e-01 -5.358386223556536043e-01 4.710501039740213475e-02 -3.165588108504602260e-01 -3.662127113786735055e-01 1.457143443349122325e-01
1.098449354098134795e-01 -3.909049085844240601e-02 -2.260451716260200861e-01 1.549903782621183390e-01 3.459811931369390775e-02 -9.298888498226683119e-02 6.513935565515600878e-02 1.770899650262888758e-02 8.741914616150271711e-02 -2.032412575229188278e-01
-2.523351295179226406e-01 1.635741848072850557e-01 1.981815544294367182e-01 -1.454791971957577479e-01 -5.745395297694316783e-01 5.599447430768357270e-01 -1.202251598513266323e-01 4.357765660117373097e-01 -1.758111022218641351e-01 -5.462431823078653936e-01
6.820275205873277402e-02 2.854732900224976958e-02 1.566710946701919960e-02 5.320450183886896861e-02 1.124143534156983454e-01 -1.941995578436264691e-02 -1.494662373920559346e-03 3.070949368150242831e-02 4.982828728440885646e-03 1.418110189109053274e-03
-5.652045680965364083e-01 -2.821793407254672981e-01 -4.559418900963690957e-01 6.324438593239890549e-01 -4.842061030369498309e-01 6.899948017046015902e-01 -3.439348853375053805e-01 -4.539983514246386798e-01 4.819711734334976017e-01 5.616185088051763863e-01
-5.399113955105805385e-01 -7.971692774821328986e-02 3.621228316886828114e-01 -4.025682940111146094e-03 8.202561573791317118e-01 -2.675281765311454119e-01 -2.277250603224660885e-01 5.789975284789027343e-01 -2.556253811750043847e-01 4.227247053156690249e-01
-3.365059904213107966e-02 -2.243210872725525870e-02 3.024613961881950433e-02 6.013076051993136717e-02 1.836567527581057027e-02 8.079259100447572228e-02 1.941499166892636519e-02 -1.524391292392909825e-02 8.868205759406463809e-04 1.198563925384273227e-01
-8.480919997415294065e-02 2.289763923229762022e-01 -1.926289361648880066e-02 6.268521560137033100e-02 1.466669836199271382e-01 5.606453512502292819e-02 -1.160963422885154528e-01 -1.319569190239812118e-01 -3.830048940397660223e-02 -4.948850979981292419e-02
7.219898122653563288e-03 -6.845477816425636630e-02 1.680942998910268590e-02 -1.612933693225181986e-01 8.261503568821337851e-02 5.825144595702504841e-02 -8.153237004223537476e-02 -2.033566641497396854e-01 -2.652199471785336993e-01 -5.135558568289050330e-01
5.175210201054946113e-01 -9.967822576290195913e-02 -5.258685893447966331e-01 -5.591171189409496201e-01 1.222273173472575858e-01 8.614516239278505183e-02 -5.118706840898421540e-01 -6.820033853419028846e-02 -6.179928140541989245e-01 5.101785480318465904e-01
4.609869915238272164e-01 -6.361710631589406750e-01 3.782423772069791190e-01 5.747116500217310797e-01 6.291704190581315359e-01 -3.057044455279446793e-01 4.008808741562831512e-01 1.720151254340656355e-01 -1.277297590816453381e-02 4.826285096697902066e-01
4.185835504864486301e-01 -4.460305858429676196e-01 -3.752289212263433815e-01 1.651047276834636535e-01 -1.396965737874998059e-01 -4.133305945889768074e-01 5.019316221316395543e-01 4.217777729725596392e-01 -1.273355815613075592e-01 1.117056800195760646e-01
2.125820415414404752e-01 7.906207600467018981e-01 5.095673300195071587e-01 6.025118618485811872e-01 7.222737893186251812e-01 -8.031504300759133574e-01 1.674390876923820826e-01 7.928688551108132865e-01 3.089495359496274851e-01 -8.702827180595354983e-01
2.591891013090377727e-01 -1.123601480234192040e-01 5.026535426147133584e-02 1.305790277047968739e-01 -2.065107985961228132e-01 3.379951215924579255e-01 -2.961274176978748174e-02 2.493961313727957874e-01 1.347031216059701719e-01 3.489309144654842987e-01
4.325850675948541002e-01 -5.368729625459167654e-01 5.569448410878043987e-01 -3.545241052622852274e-01 -1.779001008643734949e-01 -1.617175260468077247e-01 5.573831438006793260e-01 -4.454122697006380749e-01 3.265373076748057657e-01 -2.317861977545168928e-01
6.766387347234890104e-01 -2.550036001543870556e-01 -7.074584532560286299e-01 8.932583712407800025e-01 8.626010642852723065e-02 9.341072077569158028e-01 6.929450204352914922e-01 -2.708447988666320971e-01 -9.290677505436950590e-02 7.890342439403916774e-01
-2.193323190925726140e-01 7.370445739340066374e-03 6.596712873051013837e-02 -5.203052052085227475e-01 -4.260103742538343119e-01 -2.381426626341279218e-01 2.153299735722717934e-01 -4.017577576255411675e-01 -2.949166777886429447e-01 1.427657809921061838e-01
-4.331483446903471816e-04 4.963023697036278437e-02 1.450283427264645666e-02 9.688293955346581610e-02 5.456611170689340366e-03 8.445546272285041345e-02 -7.359514753448696822e-04 6.045364905931482902e-02 9.312177075103332882e-03 1.394171367473252127e-02
-1.264862599850206382e-01 -6.034092881763374328e-01 2.758306325985928065e-01 3.309217556785789410e-02 4.916405314421501971e-01 -4.561500514828887298e-01 2.474725845046299721e-01 -3.985065173940133820e-01 7.145402737807954319e-01 4.416803316723380557e-01
-4.830329076810416788e-01 6.765877673167571826e-01 -1.035375394043598490e-01 -1.625461742928219211e-01 4.552224955215783408e-01 5.135381741679503342e-01 2.686815368514832159e-01 4.593294433593516080e-01 -4.623727764441455390e-01 -3.979516590673021215e-01
-6.326876907737219446e-02 -4.102334480831957286e-01 5.329082885089437421e-02 -5.870311977770759776e-02 1.489980945517720701e-01 1.834459189691735881e-01 1.124843922457977041e-01 4.061330432067417062e-01 -2.669015234617082011e-01 3.239644814473683354e-01
-6.774086798605100102e-01 3.952154602687478757e-01 4.481628712030876205e-01 7.199214380439752370e-01 1.306621114822169860e-01 5.890212759565870426e-01 -1.913523184005083699e-01 -8.453247227855667512e-02 7.054182270544337996e-01 9.197277200002330899e-02
-1.490401182640436750e-01 6.238570928705601260e-01 -5.614739376000376092e-01 1.914786035807982678e-01 3.062845948232578719e-01 4.266117409385873360e-01 3.999819311062459692e-01 1.154903847330689265e-01 -4.287952199263664332e-02 -1.581587958411586337e-01
9.997286270473079023e-03 -5.138051158591811808e-03 3.260862279821810650e-02 5.597483597877338235e-02 8.431538221406967293e-02 1.617490901403305370e-02 1.119356453651475236e-02 9.993942425676775876e-02 4.410672728679183863e-02 4.350557015330654836e-02
-4.907782510813022414e-01 5.995263849040926019e-01 -4.901267179512768246e-01 -5.623267451340363890e-03 5.723062719164530021e-01 -7.475815780037068370e-01 -7.993299767535060329e-01 2.622041718155388446e-01 -3.389569947926903692e-01 -7.029662840126157386e-01
-2.112136845111133865e-01 -1.531945627604938964e-01 8.018703074834891698e-02 1.384813433059295384e-01 1.402615624864943511e-01 -4.117649604757275816e-01 1.102501774271049811e-01 5.765599137421439924e-01 2.044485332387188381e-01 -8.213694148428789255e-02
-5.440293258623575268e-01 1.965552178304999509e-01 -8.091458947565581816e-01 -3.327581744706981648e-01 -6.751326579257361793e-01 7.884713764014446291e-02 -8.322843791433299776e-01 -5.071776878164813152e-01 8.005847302456833292e-01 6.868163561021551899e-01
4.497441225928459213e-02 2.393477268739810024e-02 7.790839342550867630e-02 -3.936536444713643890e-02 2.159021955736130025e-02 4.074075121623484119e-02 4.576148083347480328e-02 4.908774254488314920e-02 7.957627847234251175e-04 2.394480983298599014e-02
7.420385910185114953e-02 -2.020812983139791963e-01 2.923235805525049580e-01 4.332380803876615394e-01 -4.829071789463098008e-01 1.871138465592777078e-01 2.236096279985201052e-01 3.821545245811357183e-02 -4.935607503749681602e-01 -5.549927730416641669e-01
2.005909726577617680e-01 -1.066462998489771247e-01 2.013091797467166100e-01 -2.566772632838106374e-02 -1.878585552467768871e-01 -2.196994108270065305e-01 2.279813369967279846e-01 -2.277136363645015926e-01 -9.987787036063620894e-02 2.638666061694368570e-01
6.965857842627645180e-01 -4.799379163863474740e-01 4.768035479166620183e-01 8.245667976920466602e-01 6.134293748968258075e-01 -3.286319537247003875e-02 5.271074007492178026e-01 6.936987003437108390e-01 5.925122247619026838e-01 1.054212820682197127e-01
9.729453292926444619e-02 1.149463901965894208e-01 4.743970808884142576e-01 -1.431182148546986110e-01 1.857899223902839680e-01 -1.967439527442481073e-01 8.825183515050800953e-02 2.645038651374139183e-01 -3.720060998121406115e-01 -3.558946237360464115e-01
-3.568842480392907524e-01 1.337308565419891848e-01 3.852046434735116875e-01 -5.816046813778565916e-01 5.703595897145936622e-01 -1.207091037797765748e-01 7.210825686307423821e-01 -5.607878174549848493e-01 7.488305826328436887e-02 -4.131638069341914826e-02
1.535195576818286223e-01 -2.125259076521576196e-01 -4.060334870115853700e-01 1.251114692644808395e-02 5.069397009228059775e-02 3.667802738888690378e-02 3.715305674840860273e-01 3.739854670330506337e-01 -2.857685953443446156e-02 -4.763389282043781203e-01
3.043515208570689579e-01 -6.138432769651754883e-01 -4.676043623605675159e-01 3.029437571326131992e-02 1.540633868682358687e-01 2.915174545999320022e-01 -2.633543529996630328e-01 1.998386580689998637e-01 -2.631764108635404886e-01 -4.027038676994197375e-01
-3.646049450485307208e-02 3.803275722642197598e-01 3.161499041882139260e-01 1.803867818623068053e-01 -4.823389706634136770e-02 2.227550324252108582e-01 -3.215215874604803736e-01 1.827939741381841843e-01 -6.875810285697931670e-04 -4.134480280277416653e-01
2.500557969315834184e-01 -1.879941789764746352e-01 -1.562030372169378734e-01 4.514262988754745298e-01 3.864826835743709887e-01 4.697543810583024726e-01 6.904619192823281404e-01 -9.486729294094424503e-02 -2.884566068969545150e-01 3.427119649104331534e-01
-5.087273831467520324e-01 -2.084937116792468792e-01 -5.606704296949563404e-02 -7.157853069625070078e-03 2.659972197372931224e-01 -2.213435497506741900e-01 2.714345404369094585e-03 -1.821893791583942268e-01 -2.860277868602348339e-01 2.353941800235155313e-01
-1.182187654537420474e-01 -5.334255111463290233e-02 -1.857551580799577939e-01 1.649067164441881395e-01 1.480194695807012795e-01 1.958145114628919714e-01 -2.430936581565150412e-02 4.921718615056692309e-02 -1.050430744483516702e-03 -2.626229621787072588e-02
2.089569660046904642e-01 2.438426487224451544e-01 1.701069165629594815e-01 -2.127255464692811571e-01 -3.639032162169386075e-01 -2.434024659629542009e-01 2.405048150142588270e-01 -3.056943521879915138e-01 3.480849166956005436e-01 6.477181716811465650e-02
-1.975462021216909888e-05 5.353131503988338702e-01 -4.410904998811822630e-01 4.749475503668272869e-01 6.461655215194335167e-01 1.768731505181211638e-01 3.234138797871622395e-01 2.757323882084949385e-01 -4.688936216719432615e-01 -6.461544667803590380e-01
2.795279816716819132e-01 -3.681296252311005990e-01 -3.840793091024889971e-01 -2.306881426185059258e-01 4.670590277892324171e-01 -3.958724142319670902e-02 2.077423759448006682e-02 5.130423594246553698e-01 2.599152120668497545e-01 -2.421829793272336773e-01
-6.491604160736526297e-02 2.960382808604885008e-01 -2.507658532786485872e-01 1.818030965426574719e-01 -5.112513510809895134e-01 -1.680152372008344719e-01 3.094345289223769946e-01 -2.797735557771589554e-01 6.664746105462192594e-01 4.492243754139632061e-01
2.113392425168344937e-03 9.115276724383650220e-02 2.067662097064804916e-01 2.000083273113400784e-01 9.051161852756235693e-02 3.456870832275556471e-01 1.658804790965098808e-01 -1.096228931790235173e-01 8.398536524509178647e-02 2.456408911549066432e-01
