6.389930033384388919e-01 -8.187820374404211066e-01 -1.163775795828204118e-01 -6.268725503088437012e-01 3.301036208561752838e-01 -4.591652006968180988e-01 3.465022008054041147e-01 5.964964497124608522e-01 8.065290447795057105e-01 7.195192827600025431e-01
1.523098276479086521e-01 1.220277732288887057e-01 -4.210830939582740351e-01 4.227507928598850384e-01 4.145381137674601923e-01 -1.187853608603728212e-01 -2.536670527721679447e-01 -4.429381417844786561e-01 5.321680597471165619e-01 -2.780362927668960094e-01
3.065918160749221966e-01 4.582298325177419085e-01 -2.083087615175086352e-02 6.940099699330022354e-01 -6.125892789941593808e-01 -3.100152888033665954e-01 5.959693796892040485e-01 2.453712110661945001e-01 7.068512114465278495e-01 -2.725004249829488523e-01
1.350344142980812734e-01 -3.696691320541439230e-01 -1.199808056194035244e-01 -1.662448895021724493e-01 -2.970335695581634572e-01 -3.328479219631100827e-01 4.105223487519478742e-01 -4.102864719051330100e-01 2.553546747814053886e-01 -1.998817360714319757e-01
1.247369189726431696e-02 -2.363968223458749480e-03 5.679788275944856052e-02 -1.846697764444919787e-02 3.981927721901328682e-02 -6.425914331877109580e-03 1.130016441739209627e-02 4.787349459106996635e-02 -9.977315374188991046e-03 2.327319000881963515e-02
-4.468637365321119215e-01 -7.514451128137370484e-01 -4.032022494649144251e-02 -7.950084527548166857e-01 7.049374901686084050e-01 -6.943779929901194858e-01 5.549773149916438220e-01 7.127569552480454984e-01 6.776507317286364351e-01 2.287694115521502758e-01
-1.186268883309728531e-02 1.022724072619697194e-01 3.795329333262778548e-02 -1.693098163531556177e-02 -5.594748376436777665e-03 3.693604229768786273e-02 6.487593142004088875e-02 -9.826708988602212216e-03 3.776874355051933543e-03 -5.038910194595115632e-02
-5.482224908566153410e-01 6.993034656678486227e-01 6.692834474135840594e-02 7.022785249171754618e-01 2.309372863030301759e-01 -3.292574891071713972e-01 -3.925534946487345689e-01 3.268740019194840696e-01 -6.165295427688907148e-01 5.766236366553890713e-01
-7.113926412405896516e-02 6.020046872104205526e-01 5.614626082790918904e-01 -5.707516534306505962e-01 -2.834027560888024433e-01 3.758894335520477914e-01 -4.416239773901470822e-01 7.277511761816072289e-01 5.273571774732618289e-01 -1.917675123246237734e-01
-2.879763777485021704e-03 1.039542221069076093e-03 -3.774366911663729236e-04 1.655521400358563738e-02 3.657828047080737000e-02 1.889778016753681719e-02 1.230862944396434247e-02 2.689840468314525640e-02 2.231595314400361060e-02 2.614247825229768646e-02
-7.531270161322306533e-02 7.377413938895184022e-03 1.781477424837440426e-01 -2.500564508551687548e-01 3.423237140901750908e-01 -1.010332036556127640e-02 -3.993825561927604600e-02 -8.745982800113176470e-02 2.654283031715975669e-02 7.257504265761612061e-02
3.507790069466332761e-01 -3.262486371567577259e-01 5.946570187103662475e-01 1.901603209672591832e-01 -3.479184055597713682e-02 -2.137688434220290923e-01 5.517458915955373300e-01 5.144105830724976514e-01 -4.635049241758011918e-01 4.139673352887053293e-01
-4.538137667502524231e-01 -3.617138713621493445e-02 4.859836890354493066e-01 6.286345116552412016e-01 4.843382681677457779e-01 -5.344847223661000069e-01 2.122314415128749576e-01 -1.450244861219918691e-01 3.387735242267485569e-01 -1.378227650183956043e-01
4.417089802646859131e-01 1.802030098111687406e-01 -4.729390747991222832e-01 6.750627070763879356e-01 1.834344215051882387e-01 4.963245516651083183e-02 7.591563164794551399e-01 -1.855655652848065273e-01 4.240695879880502783e-01 2.965007179837838014e-01
3.217535601094952957e-01 -5.644755491054752605e-01 3.510016508452322159e-01 -2.440144809115619151e-01 2.983619761504436307e-01 -1.907906002867446327e-01 -4.690278958945374166e-01 -1.758312794695319481e-01 -2.029308594770268537e-01 -7.053373325409617589e-01
7.373600645019598616e-03 6.525795084955019615e-03 2.274129069509336909e-02 2.047092899068534907e-02 -9.158373377757142442e-03 3.943968647478086204e-02 1.283579435969828091e-02 -7.245244391974436059e-03 2.487771745238372134e-02 2.336060330265106108e-02
-5.585622836206363129e-01 1.210574643745712109e-01 -7.021303501424949189e-01 -6.058540734794329863e-01 -3.256112099486846434e-02 3.037061307413129740e-01 -5.473311259421862612e-02 4.503627904727324771e-01 9.967344092477523065e-02 2.361052468255751824e-01
8.351383354786493518e-01 -5.351003133066891682e-01 -7.706430143845195424e-01 4.731854124657011718e-01 5.935457762017625205e-01 3.137161780879346162e-01 1.126181361875668030e-01 6.658540717569882972e-01 8.076983289165595714e-01 -4.414777668282675593e-01
2.891964606621031091e-03 4.337253426912714843e-02 -6.166204092088000133e-01 -4.898822834869446252e-01 -5.950543523278616354e-01 2.948856703292832560e-01 -3.743271951707562439e-01 6.727092730428188005e-01 7.099976777332060729e-02 1.319382325161294958e-02
-7.630542847979225607e-02 3.826877380360082515e-01 -1.805034157779266957e-01 5.011868654489837205e-02 1.691289482170791891e-01 -1.055256023411984129e-01 -3.371385817379167760e-01 2.795861172135334360e-01 2.597580072652715955e-01 -1.143152501030530663e-02
2.759938022841572358e-02 -5.930447140222173952e-02 -3.139730524534159462e-01 4.498994461422450852e-01 -5.103997258852406294e-01 -2.897046233638245205e-02 2.462571193795571323e-01 1.723813516745404395e-01 -3.720377275431152042e-01 2.154149300448902349e-01
3.204189417274698748e-01 -1.043677551649879048e-01 -3.433293664030754866e-01 4.799992801079219773e-01 3.200302504221836375e-01 1.769603487147397292e-01 2.702590704564495350e-01 -9.566277844946750875e-02 -1.452027586324983743e-01 -2.437459072003446692e-01
8.311176143419826690e-02 5.427394887213041752e-01 -3.110411611459911185e-01 2.327928115911681306e-01 3.376019680532916789e-01 1.709097565314778855e-01 1.272129846251427998e-01 -1.581281528989300078e-01 3.129558305413169261e-01 -8.843419332763269303e-02
5.283336415650963236e-01 1.068778794772933111e-01 8.234830176911062116e-01 -8.914629762796999479e-01 -3.986692126885231224e-01 9.068272915107124243e-02 7.655650904338154872e-01 -7.808447806362381893e-01 -2.120674012281538734e-01 -8.205741726758751797e-01
-6.501384193056291005e-01 1.861688863294958529e-01 -2.276410090646773920e-03 -6.368937414014777532e-02 3.486118493490459880e-01 -1.514878127892533288e-01 -7.076044383011305117e-01 5.000582172026085681e-01 -6.857568749375945183e-01 -6.602841050586745197e-01
2.316783995042190347e-02 -1.357537617210942127e-01 -2.903106371756375773e-02 3.138944430288441723e-01 -5.803239348890730787e-01 5.154495576568219883e-01 -2.540300946297843199e-01 -2.648321051390292030e-02 2.615624964732430890e-01 -1.194185778949009291e-01
1.726635102608574945e-01 -6.279256052081981787e-01 -8.195179841085749040e-01 -8.118216879874104452e-02 -3.116255809106559527e-01 -8.033933558134448427e-01 -6.716144578504573692e-01 -7.277321006823948002e-01 8.688267854004089186e-01 -5.187852514358796130e-01
3.947633591984766044e-01 5.021977449657188952e-01 -4.540656823164706396e-02 -2.761557749984509536e-01 4.578393264196773949e-01 -3.311510694561627388e-01 5.468271231282257894e-01 3.743790839244930946e-01 1.655081189353304894e-01 1.480673694765328174e-01
-3.330983498426025036e-01 2.886830120704996228e-01 -3.418266377593768418e-02 2.580827911522734844e-02 -7.121564739853444292e-01 -2.662359106052639701e-01 3.429540430150560537e-01 -6.818821655428078943e-01 3.992090545621151954e-01 3.736145134538679420e-04
-1.818642058529708616e-01 5.034441171172596707e-01 6.336679510047833475e-01 -5.139883757918189272e-02 -2.719315422976683050e-01 -5.861822129429210548e-01 -2.604124732416934762e-01 -4.369729157726507385e-01 5.552902119150922022e-01 3.904537656687293024e-01
-3.809802782276630051e-01 -5.581808310702418563e-01 8.735348665248537925e-01 6.516114238474909337e-01 5.182491511628198877e-01 -1.414573951401673357e-01 -6.829450374793142320e-01 -8.053605375232385233e-02 -5.870236507735115961e-01 -6.618978478109071029e-01
-6.960460424876700747e-02 -1.103106630156757417e-01 -7.169362141574970870e-01 3.460501544761706572e-01 -3.959045912391872535e-01 -6.317407307744813405e-01 8.301158862940817285e-01 -1.492084490418297549e-01 -1.395384889099869352e-01 3.517620236632791886e-01
-1.611368079278922283e-01 6.379216480924877475e-01 -5.237204964560912002e-01 -6.984672555988900022e-01 2.485060587177517488e-01 1.353751250961455210e-01 -4.320626546031680615e-02 2.543672833422943591e-01 3.280826278912408744e-01 2.771832948720081569e-01
3.306180602164840998e-01 6.729293459448596471e-01 -2.246100208005156196e-01 3.801807514794941500e-01 -6.771491605220806287e-01 -6.241975163361184187e-01 1.104895323997202444e-01 2.136775017425948386e-01 -1.081217473734869261e-01 -4.619400834497014996e-01
-2.282634091349979022e-02 3.127562268539443857e-01 3.589514091639441351e-01 3.173275154205499327e-01 5.329760509846771521e-01 -3.023622805381221967e-01 -3.903612021336627658e-01 -6.823773618873907321e-02 -5.809431616786456809e-01 -5.812778300918122060e-02
-3.662381671321175980e-01 6.121102065589937302e-01 2.571435879058941443e-01 4.638137625059224889e-01 4.382151990423433507e-01 -4.553247695715296195e-01 3.873567818735013657e-01 -2.918880056904259446e-01 7.436065319189308909e-01 -4.344223588108964695e-01
3.861549902578707144e-02 1.084234422450797500e-02 2.338301308447882088e-02 -1.603292925255758034e-02 -1.607569269894172648e-02 2.022251598672200959e-02 9.499406352144709395e-03 9.204021347859828173e-02 -8.861370148178936493e-03 2.959618622157049114e-02
3.095714970267777200e-01 -1.366067202701495148e-02 5.153597156943313939e-02 -3.861021492784288967e-01 -5.857469597283513352e-01 3.234624007754319935e-03 -1.479752928560864877e-01 3.061246301701182060e-01 -1.634625030746875152e-01 -5.548480128742546702e-01
4.011453422658677881e-01 -5.745241116554464789e-01 -3.020041118306083239e-01 -7.346842390146267610e-01 -7.218593041621740314e-02 -7.345276092213994801e-01 -2.087648702510352672e-01 -6.612236829632672785e-01 -2.615433087420594022e-02 2.859467064601999287e-01
-1.811985547740483857e-02 -2.474487906653009828e-01 -4.054960409200332287e-03 -1.397707171367720269e-01 1.365720973363230006e-01 1.536982490070380458e-01 7.482411984983364239e-02 2.561875524347676514e-01 -7.676307115411547255e-02 1.509712800391021237e-01
1.416876421202607206e-01 2.832497919547067866e-01 -6.789654141674868193e-02 7.606619280808282757e-02 -8.598154278477533607e-02 3.065465033335503242e-01 -4.549182593635690552e-01 2.523512759454920040e-01 1.391894078161452081e-02 1.001445908558191711e-01
-4.174024162954150241e-01 -5.926668453360384170e-02 6.044821653058110034e-01 -6.571233840868351272e-02 -2.634142290714219792e-01 7.463761181394541477e-01 -3.258621550284108159e-01 -5.733839107198998031e-01 -4.219670340012433574e-01 5.292659469244145320e-01
5.903158639197757518e-01 -8.536887514903446217e-02 -2.638807549601561719e-01 6.770004700127878472e-01 -2.655256597205653546e-01 2.301460399969091145e-02 -7.876385573727939793e-01 1.489370794644865048e-01 -5.413424635268151430e-01 7.532280153718180493e-01
2.873484199922280435e-01 2.442359824451518779e-01 -2.570748323899710308e-03 1.633157991488748129e-01 -1.283366843633714227e-01 -4.269813869264005302e-02 5.056449259186230477e-02 1.001743892467632929e-01 1.453428258502236781e-01 2.121754959848484168e-01
-5.195248152965813437e-01 -8.593515986220724434e-01 1.474724850743187599e-01 6.047119451662908984e-01 -2.717325866253976208e-01 6.011036538847353006e-01 -8.472681641748570636e-01 -6.831496447823935669e-02 -6.949005104501571051e-01 6.409180124687334779e-01
-5.180603011107016292e-02 6.024708540879812613e-02 1.723050639179904975e-01 9.868535826041181097e-03 -2.621467854384189056e-01 -2.448891912129966264e-01 -3.102383039410546162e-01 5.624555325766452535e-02 -2.049688047711359096e-01 -1.572606484016870199e-01
2.222993514105998936e-01 -2.509396399870487682e-01 -4.546758806167915390e-01 -2.942518385455115126e-01 4.196155401665062068e-01 3.755267641845492776e-01 -1.981233965370222949e-01 -5.793341820175095247e-01 -5.384224446140823961e-01 5.212277102612519197e-01
3.241054111947529459e-01 -5.760954774019959590e-01 -3.514204803411403316e-02 -3.859017061876422461e-01 1.104230077480974070e-01 -3.385675448159895518e-01 -5.047479684110768305e-01 -7.339293200972456244e-02 -8.708915721902755688e-03 2.072391094504285325e-01
-1.606775275053608232e-01 -3.825945731760454493e-01 -1.083779125495300116e-01 1.282076865410783362e-01 1.398068074401727645e-01 2.894274994621320318e-01 3.360944972228627203e-01 2.996117829428665558e-01 2.042400516304374580e-01 -4.798958000867329515e-03
-8.766976677899726011e-01 4.485306240862415028e-01 9.429980659669916221e-02 7.455229464249232274e-01 -2.744284663511037392e-01 -3.238490840750394839e-01 -1.545588345009131503e-01 7.807040244427423392e-01 -5.186518151871034182e-02 1.434000672417514444e-01
-2.874752538088571896e-01 8.816321637889544538e-02 5.988574683067600102e-01 -4.255091418774444301e-01 2.134458938702886166e-01 8.491380738470984957e-01 2.033574524514402404e-01 -9.057419163092179232e-03 3.539293796645610057e-01 -4.321223692409082440e-01
1.768094117652973390e-02 2.203757520051058405e-01 -1.470357843201156589e-01 -3.067291309420626666e-01 3.307138102690695414e-01 -3.971291805209432035e-01 -1.783173890051022448e-01 3.102604319080402503e-02 -3.852873470000792860e-02 -2.559517198620167577e-01
1.749971230008159906e-02 -1.822633123526916643e-01 1.410118654077190115e-01 5.434024144897205318e-03 -6.000199125386046495e-02 -1.130204165405880173e-01 -6.760016461328874349e-02 3.192503538814091962e-02 -2.740128677935931845e-01 1.114968348244990415e-01
-2.911498330040205307e-01 7.781772319477243682e-01 9.210896984532020992e-01 -6.282475891604470952e-01 -1.042860651415621759e-01 -2.848229394684826943e-01 -3.103338385890215823e-01 -2.118922033264180327e-01 6.852829754138427543e-01 -4.342490532845918461e-01
-3.537761223640788488e-01 -4.398235707398742145e-01 -4.574343941573266181e-01 2.823366508731782187e-01 -2.369081220351966777e-01 7.254128263263739385e-01 -2.197278912611966839e-01 -5.241134388682050504e-01 7.927888996229486007e-02 4.570171238914566003e-01
-5.114792845020474932e-01 4.456810073145168749e-01 5.430286812696958343e-01 -3.220775525945021589e-01 -1.611676361251320466e-01 3.132464080029517817e-01 -3.185771563173990240e-01 2.329537563635799280e-01 -5.836490245773663377e-01 -7.187478418146097114e-01
-2.646617406161935748e-01 -4.871987871387911673e-01 -6.829694473919687425e-01 -4.575967661725826585e-01 4.074347148865852808e-01 -5.800072494586145933e-01 5.411454097352229320e-02 -3.462365642578165703e-01 -3.922566511105737286e-01 1.779481931145187046e-01
-6.149594157183286419e-02 -7.751084870608028476e-02 -3.177114242197510707e-01 2.418209551505553223e-01 1.224298713333445317e-02 -9.881866569680583523e-02 7.350517930929967303e-02 -8.036442676728090817e-02 1.400182825383823049e-01 -3.184682698346474328e-01
-2.907145741367661018e-01 1.730368293696250004e-01 1.938632527901948399e-01 -1.791107686832844048e-01 -6.171622438790438370e-01 5.741926510631798486e-01 -1.396002179992918424e-01 4.656882183882093962e-01 -1.882290669254229609e-01 -5.820911887083547454e-01
1.519474338062682672e-01 1.207740792270317887e-01 -5.970614302584024979e-02 2.531691506260164704e-01 1.316002931809641119e-01 2.218012180757146790e-01 7.616978214128393432e-02 1.680479854499938169e-02 -9.750159805681855862e-02 2.004340445892723380e-02
-5.772552181337311517e-01 -2.920095287547067042e-01 -4.643536372524243450e-01 6.350095974734594195e-01 -4.803832113513463176e-01 7.248475986604668853e-01 -3.502309574785189561e-01 -4.744344285741911027e-01 4.835920717378573985e-01 5.639367125614702658e-01
-5.451154232231066876e-01 -8.190036412183464287e-02 3.691804482422945122e-01 -3.542076600836703646e-03 8.337564794570816451e-01 -2.703945468823729104e-01 -2.403403853974517834e-01 5.954948412418362702e-01 -2.603960587980295727e-01 4.295368912899479863e-01
-2.622444166691052514e-01 -1.215318295484527772e-01 1.403384166242613307e-01 7.719648803848587482e-03 -1.408107286462413066e-01 -9.945556602930687162e-02 1.531423968731037977e-01 2.729324357841596271e-02 5.940523851913844661e-02 1.058245994679156247e-02
-1.708421698700668678e-01 2.779731960031981419e-01 2.148922756889567727e-04 1.726540654437949407e-01 3.110414676250960464e-01 7.096683988941872301e-02 -3.030295732843308332e-01 -2.029284212201143134e-01 -9.607959442340455181e-02 -1.785834632365838059e-01
-2.318871439865298825e-02 -1.404428857980369871e-01 -9.141847569169551588e-03 -2.274452297123479572e-01 1.249380521334630817e-01 1.910844151904094457e-01 -1.171313639792513350e-01 -3.911139702825127684e-01 -3.426446641257657189e-01 -6.534877963776314358e-01
5.492935132300479362e-01 -1.618303226535323380e-01 -5.531046937597168256e-01 -5.966764060220548505e-01 1.459271421368865396e-01 8.501332977386920342e-02 -5.645620212376661895e-01 -6.593343461600623123e-02 -6.561626477256004009e-01 5.484922452512882574e-01
4.700136857500340493e-01 -6.473101584769850314e-01 3.812701867796671751e-01 5.865926751121228744e-01 6.330115625698310433e-01 -2.978740970459978210e-01 4.056844932793584046e-01 1.647371343632641760e-01 -1.225129793392045266e-02 4.870456846782500460e-01
4.499396012662195132e-01 -4.653389148607545156e-01 -4.364829115551646654e-01 1.847422746569009067e-01 -1.465984592587397661e-01 -4.352831403633964369e-01 5.416242994321769366e-01 4.490239312960190854e-01 -1.407754561729114007e-01 1.188354101507058391e-01
2.052863626969120836e-01 7.948013165979648242e-01 5.076909375705033201e-01 6.057220899589774721e-01 7.224892189066092207e-01 -8.077116599420621768e-01 1.671059100459496849e-01 8.015726181855238330e-01 3.100072460122141327e-01 -8.792255443129552983e-01
3.520177495560655734e-01 -1.788148768043900660e-01 5.568361785865440922e-02 1.623892741695502073e-01 -2.328440163978142685e-01 5.456053869402650580e-01 -7.759034338606626835e-02 2.429407558651649757e-01 1.543794782141696964e-01 3.467754902668058747e-01
4.647779301698610199e-01 -5.960043846318774374e-01 5.903717467067658431e-01 -3.581095625703544227e-01 -1.950314633151250532e-01 -1.664676772298074869e-01 5.632086217278711171e-01 -4.762671311912843319e-01 3.477300096573804900e-01 -2.542570837120853855e-01
6.777116328789584143e-01 -2.558806966914475289e-01 -7.081458527016865068e-01 8.955059162041241194e-01 8.736873785622750743e-02 9.341251090870810181e-01 6.945036820195529259e-01 -2.710381552812349826e-01 -9.394395640302541373e-02 7.903910811024186245e-01
-2.337579929851781868e-01 7.535536872437248977e-03 3.020183238338772919e-02 -5.743673429652834672e-01 -4.666046528927660919e-01 -2.512278523242026385e-01 2.586455352273340780e-01 -4.358463058250756639e-01 -3.222627032622016330e-01 1.501979377356159606e-01
2.486041095166772671e-02 3.385837336117510088e-02 1.848099034540257729e-02 4.039493432679373830e-02 -1.301036726771111381e-02 4.296984685209020993e-02 -9.638669286183799631e-04 1.135050092110345688e-02 2.131236501021064808e-02 2.614969412779895308e-02
-1.235673377932958172e-01 -6.209629222690062900e-01 2.960806178399471023e-01 3.750672047763781158e-02 4.887123786769502765e-01 -4.580337149509420835e-01 2.359508308563037782e-01 -4.090295607824209201e-01 7.318407003946519884e-01 4.511736888039548088e-01
-4.958830223374988133e-01 6.699807383821423379e-01 -1.065014316494057728e-01 -1.726064599723866888e-01 4.797987498912564264e-01 5.285554973297983405e-01 2.624327320176680356e-01 4.729443646222964981e-01 -4.814753349809688387e-01 -4.068261534699155746e-01
-7.867434499980575924e-02 -5.005133488792213869e-01 7.155530760397663115e-02 -2.652720951163857130e-02 2.058373125628142342e-01 1.912805237541062020e-01 1.645731788429171949e-01 4.714339981310412542e-01 -3.504354922053825039e-01 3.984290771798904007e-01
-6.935090643269070654e-01 3.992407807053687807e-01 4.599579767087255133e-01 7.432110714384954075e-01 1.370311487367038006e-01 6.052038352734627757e-01 -1.972482595270061423e-01 -1.014061743155184186e-01 7.214176043376543390e-01 9.138369387008013489e-02
-1.549613174649557279e-01 6.449862362948631800e-01 -5.785708875350443758e-01 1.998502935560028115e-01 3.095598253199104422e-01 4.126072746905170563e-01 4.123211492585036608e-01 1.216763417711490269e-01 -4.437245018458123996e-02 -1.631353233278807491e-01
3.149687369197802511e-02 -1.108479205731559454e-02 5.727683574123257348e-02 4.802405654136763374e-02 -1.587130814305877033e-02 5.317536817855098019e-02 1.806197707573999056e-02 3.770738607533848097e-02 2.787880188900793837e-02 -2.956956263556589568e-02
-4.960004003932552696e-01 5.958684390879833703e-01 -4.909547164559331378e-01 -4.010208770907077239e-03 5.747733818915048420e-01 -7.535264094140903257e-01 -8.034866244070834052e-01 2.653606984424025650e-01 -3.413196070292429107e-01 -7.084256006998935762e-01
-2.557967055522425426e-01 -2.371066826905909031e-01 9.566740941359554162e-02 1.567071069370670200e-01 1.874549792980272356e-01 -4.934551973567280481e-01 1.291370066454620991e-01 6.510918072249299859e-01 2.622236784934779408e-01 -9.243113531855032261e-02
-5.503821874065365494e-01 2.035527448742416867e-01 -8.208349171492171914e-01 -3.397082658346094464e-01 -6.774367047373962558e-01 7.537374023982927607e-02 -8.376806784299046793e-01 -5.116576767617744270e-01 8.016300728870736636e-01 6.916799555564465685e-01
9.620689215177626041e-02 9.417682584267564327e-02 8.841386128027831082e-02 -2.919663401878445086e-01 5.851626744918591444e-02 -1.438163674374918766e-01 -8.851799832821174996e-02 -1.293417124230259174e-01 3.025887484950350384e-02 -9.270870409723165617e-03
9.395032156042586180e-02 -2.319534926692797816e-01 3.038815234749354111e-01 4.510176495840143573e-01 -5.129039775270104462e-01 1.853552553087107480e-01 2.565065815902843882e-01 3.657204311290153387e-02 -5.318566640261607192e-01 -5.975738673232817710e-01
3.894982691220416626e-01 -2.142030811336066987e-01 3.415181804144724609e-01 -7.188321797145123468e-03 -2.729772808982234289e-01 -3.648085497836817126e-01 2.318043770165300888e-01 -4.780761017932825263e-01 -2.119861887167996950e-01 4.727996956163555420e-01
6.965807212840826601e-01 -4.818582805238182942e-01 4.817020748145681708e-01 8.257507471359765150e-01 6.200118426076285383e-01 -3.075372865567456079e-02 5.276162457252634441e-01 6.959309394873356425e-01 5.961993516556377548e-01 1.047808512230678363e-01
8.827490823601916170e-02 1.240083641783582685e-01 4.540150245092892667e-01 -1.550558478540693397e-01 2.055286192530337008e-01 -2.090058911037876721e-01 9.781464494506175722e-02 2.843012944203193171e-01 -3.988263054658421902e-01 -3.798546070080709436e-01
-3.785393025289572888e-01 1.358078837622180013e-01 4.024002629584848556e-01 -6.002333851429031419e-01 5.925790371403624190e-01 -1.420280550474363468e-01 7.482152470191267835e-01 -5.778853744977696660e-01 7.665190247398111223e-02 -4.511664355268851789e-02
1.665377369142599373e-01 -2.643548815803073992e-01 -4.839016654244278071e-01 1.944062263518803527e-02 4.442043762236429910e-02 -4.819809460559280889e-02 4.377191647303759758e-01 4.845941384291897469e-01 -6.738783345894484855e-02 -6.450542054775418865e-01
3.196910519670977391e-01 -6.353948083016129900e-01 -4.979567445651052471e-01 2.928830467523842879e-02 1.692013159327415417e-01 3.018346198265017266e-01 -2.634194984016556274e-01 2.110831176313907043e-01 -2.940179452268736893e-01 -4.215048098554655676e-01
-5.102641961097362233e-02 4.139297483874708194e-01 3.707935904061035459e-01 2.136735787148811572e-01 -8.868606738595209704e-02 2.419427539694585516e-01 -3.718929918091815057e-01 2.146007921836007581e-01 -9.646306116451086946e-03 -5.016106492741424505e-01
2.640097184233619054e-01 -1.984150735994785475e-01 -1.725039840680769043e-01 4.744564660312981519e-01 4.095676928438355402e-01 4.701906350437738413e-01 7.333160927855284505e-01 -9.046673354519134402e-02 -3.266435500552677951e-01 3.425742632949109190e-01
-5.435283660460796806e-01 -2.487541116110674744e-01 -5.789571399222729481e-02 -4.849181989599133519e-02 2.776401366649152713e-01 -3.016746728407107558e-01 1.288209519684539728e-02 -1.943067512774514505e-01 -3.067120976646382502e-01 2.539884854510362500e-01
-2.238638368727896844e-01 -1.681173680335121268e-01 -3.905675641062930081e-01 4.964293586945162651e-01 2.426917364411107503e-01 4.400318199964164401e-01 -2.869653436205713559e-01 -1.947922573941435545e-02 -1.405392855610281162e-02 -2.406533905061045402e-03
2.442064504446923578e-01 2.334024107973727835e-01 1.919101634150511548e-01 -2.359905476568706084e-01 -4.012633874516637889e-01 -2.604612905726701455e-01 2.319971360397265203e-01 -3.541819996220895717e-01 3.896961669573638098e-01 7.041325057922376285e-02
-2.700144717836397337e-03 5.389055553860804260e-01 -4.467032266246508954e-01 4.822886275145483181e-01 6.591562254537450816e-01 1.822807475803064903e-01 3.126164716136752841e-01 2.771364049767077731e-01 -4.758145627681945600e-01 -6.554169091947130710e-01
3.191455789925535802e-01 -4.231657201742304308e-01 -4.819965465634380997e-01 -2.628177368021307192e-01 5.322278999498410990e-01 -7.766845380303306901e-02 2.001004160613374661e-02 5.851554232352902396e-01 2.949651221886823160e-01 -2.800514089104979565e-01
-9.116808797817042842e-02 3.281948750073596655e-01 -2.816236730981932501e-01 1.916173826598145113e-01 -5.402930634734520732e-01 -1.668458871142169120e-01 3.099581082913568375e-01 -2.800114757492198070e-01 7.080023295409366701e-01 4.927787791150495256e-01
-1.204272436706519817e-01 1.304551907529150345e-01 3.493929474312677530e-01 2.937319016399626559e-01 1.029819847158808810e-01 5.269539104768916626e-01 2.294052331055491389e-01 -8.743575266086696385e-02 1.419353047809022439e-01 3.798428469926092843e-01
