6.284568390964211382e-01 -7.931057026380253783e-01 -1.145085011578734074e-01 -6.190060364685232575e-01 3.215551076174815170e-01 -4.556730252668033665e-01 3.523427331924902650e-01 5.920812307146648967e-01 8.049806336202165458e-01 7.072668446952764532e-01
1.491439467938521779e-01 1.205823141596037290e-01 -3.868907385462954096e-01 4.044942355637564657e-01 3.951736250591800781e-01 -1.073919378671015223e-01 -2.523596943308732965e-01 -4.307492748973431040e-01 5.160310223664555940e-01 -2.687051517935319933e-01
2.783143932943760168e-01 4.414565170458377152e-01 -2.008441544737217879e-02 6.557058489510275701e-01 -5.670159574740010200e-01 -2.936515560856215457e-01 5.544582858067319542e-01 2.522885105302664632e-01 6.817513456857817733e-01 -2.658745393274917213e-01
1.653853030497940135e-01 -1.734262189626453454e-01 -4.107400747442371131e-02 -4.415278404067279200e-02 -1.425103147999597364e-01 -1.294019246161522974e-01 1.837030023182436855e-01 -1.486856007589487660e-01 1.338265288934473718e-01 -8.078479626062483321e-02
-4.915043546703886171e-03 -2.596599993721826396e-03 7.705483681126835960e-02 -8.358241289481866190e-03 8.169610072701243009e-02 1.605960396755506253e-02 1.515827885427877345e-02 6.609730378626207936e-02 7.283383443335559281e-03 3.825172230689564273e-02
-4.455932789913623071e-01 -7.468032539331433961e-01 -4.071536608294015758e-02 -7.938553892256202671e-01 7.015732497696135495e-01 -6.938260446551314242e-01 5.530806871949958126e-01 7.119580840096881857e-01 6.743578284857053573e-01 2.297294410562850386e-01
-4.801518642433515519e-03 1.762075397757265072e-01 6.581214904030176227e-02 8.478958138817088014e-03 -1.323834985726680784e-02 1.127125415717657522e-02 3.610635983851145925e-02 1.395276029062034358e-02 6.012079377203768255e-02 5.147873805275329784e-03
-5.348235666132529209e-01 6.801206122105941665e-01 8.218661480380420881e-02 6.852596641742498829e-01 2.255983184234285066e-01 -3.245087028765177295e-01 -3.837843290804169860e-01 3.201306918239543720e-01 -6.046027981845862875e-01 5.596532069371876750e-01
-7.005769952394146072e-02 5.908969591418349321e-01 5.495131584093733146e-01 -5.609441813858989656e-01 -2.790446989674634781e-01 3.695265314829880854e-01 -4.167039072160526603e-01 7.206208975837496977e-01 5.174048452052159019e-01 -1.901685364044488347e-01
7.959700111264950487e-03 -6.586536512713527490e-03 -4.944595950776733799e-03 2.719731392061796107e-02 9.118596085071771495e-02 5.142115882599051363e-02 1.192288750138943351e-02 4.421350368821422988e-02 2.901715741309407459e-02 1.829173053027246393e-02
-1.361648085650814417e-02 1.003025788823318221e-01 5.938527081820598602e-02 -6.268674162659519655e-02 2.134365050654884743e-01 1.563762335731817138e-02 -2.783812155050344531e-02 3.425508458203112565e-04 2.788803846012505305e-02 4.857394031944504975e-02
3.422673851279628976e-01 -3.188794765360304373e-01 5.952464516734513600e-01 1.864072725992777790e-01 -3.493811649430918903e-02 -2.090160384237682578e-01 5.402691501181007272e-01 5.067696413608885342e-01 -4.532666471827783150e-01 4.087034148215079599e-01
-4.217632509231151738e-01 -4.400016514110381693e-02 4.411551464198816275e-01 5.797360684106288575e-01 4.670562958427975642e-01 -4.575514612952252813e-01 2.075105292596682027e-01 -1.355814824972081667e-01 3.158260306535305983e-01 -1.276079035302933595e-01
4.143794356421007241e-01 2.016689395296293874e-01 -4.658648404640547969e-01 6.357803860950990149e-01 1.752637532231940132e-01 5.427396052047605418e-02 7.430829604046030878e-01 -1.596275151015983940e-01 4.121150210790994750e-01 2.876824997473189094e-01
3.103256908730092634e-01 -5.498744153497598930e-01 3.615770367165748733e-01 -2.360259699149299950e-01 2.914536005300619181e-01 -1.801287785312610523e-01 -4.542492384356611179e-01 -1.668442180842057698e-01 -2.011735969249629774e-01 -6.821744319986636773e-01
-1.075930183716081743e-03 1.405213428535463660e-02 4.987859777317357746e-02 1.966255182992894882e-02 1.169539171146709994e-02 5.442593823768594741e-02 5.623683336183253959e-03 -1.732855372410704647e-03 2.110109036616623218e-02 3.478289527698264633e-02
-3.975673042542363644e-01 9.699368346581158096e-02 -5.346825007335916924e-01 -4.581013656984582738e-01 -1.404665575487338593e-02 1.934227727536588781e-01 -4.239478488387560945e-02 3.547294829037845876e-01 9.502920392446567721e-02 2.423358302496515793e-01
8.297674908028244145e-01 -5.337672835028030027e-01 -7.693720764132282453e-01 4.700892865544091803e-01 5.959934612553982047e-01 3.149311622839551794e-01 1.115673349830133831e-01 6.657052012476324387e-01 8.042207280697930560e-01 -4.411909356912203095e-01
1.378560917472501212e-03 4.161685857636054919e-02 -5.883900028037729601e-01 -4.765217721005046148e-01 -5.776843730914228425e-01 2.849958962790388184e-01 -3.636745645524216419e-01 6.707548544481970465e-01 6.698620717442260730e-02 1.281756543725598267e-02
-3.840486144388120804e-02 2.355752077556107771e-01 -1.329852077908590391e-01 6.154229912925029272e-02 1.888289609762583421e-01 -8.695350286147389418e-02 -1.952676850450288104e-01 1.325219681305256636e-01 1.399070675214819648e-01 4.894910253337039774e-02
-3.214376664657938188e-03 -5.360423311737731733e-02 -2.337645137334992684e-01 3.609027451954709975e-01 -4.041677992175960465e-01 -2.528095366549504286e-02 1.753324996405040692e-01 1.979974458928996928e-01 -3.027962236140372410e-01 1.714590599996399789e-01
2.739710086003357414e-01 -9.146738793996339600e-02 -2.193269916968584032e-01 3.996856730819293158e-01 2.629867568874325601e-01 1.634244886625088045e-01 2.066599911750711116e-01 -9.004578808244649568e-02 -1.247428750236869166e-01 -2.128166743550920781e-01
5.761018182184455411e-02 4.132265785185889051e-01 -1.973033465236732065e-01 1.698236954079925254e-01 2.517974564345786259e-01 1.288684741468426875e-01 1.009033595174577552e-01 -4.914764552694648320e-02 2.421324796529202572e-01 -6.953070238272007764e-02
5.222745775692186898e-01 1.115656153855381083e-01 8.166481921079150608e-01 -8.842789521065133052e-01 -3.956567966185554064e-01 8.721006712984209763e-02 7.580141743405655053e-01 -7.725639177296436122e-01 -2.094410031306085385e-01 -8.075500717603868450e-01
-6.267294607233574455e-01 1.824533173638059336e-01 1.279166773124521678e-02 -6.601188424819000311e-02 3.362166253280711170e-01 -1.334073694054640769e-01 -6.820452590953397509e-01 4.614235774377770660e-01 -6.515158250571994047e-01 -5.973933995529603358e-01
1.099745820862378307e-02 -3.136920634367402344e-02 -1.606970075667720280e-02 2.445206198812150677e-01 -4.845579080154461815e-01 4.157599011377149933e-01 -2.041933481071625811e-01 -2.446893498228177102e-02 2.170881303928308692e-01 -1.158472793425574521e-01
1.708275380083537076e-01 -6.254729673343478735e-01 -8.084516010988760382e-01 -8.179996919996412874e-02 -3.101036629017853152e-01 -7.991627352497919778e-01 -6.672341667142067667e-01 -7.253476418633041378e-01 8.637245641970687782e-01 -5.173482176904508067e-01
3.679541084031683340e-01 4.727533369133342100e-01 -4.056644271575641364e-02 -2.681282933228784082e-01 4.400970896084064332e-01 -2.755300598504513698e-01 5.124685145377226858e-01 3.511160579899637035e-01 1.543098132532575439e-01 1.384356543548183049e-01
-3.189116752525992804e-01 2.914769758287942825e-01 -3.574615750553225557e-02 3.163788409352788489e-02 -6.895131055909032858e-01 -2.370582952169404678e-01 3.313667728568116533e-01 -6.519942354203376311e-01 3.850942920854553697e-01 3.777782756051355564e-04
-1.714033673003526326e-01 4.743374945876295268e-01 6.121388240305797313e-01 -7.218359171101539074e-02 -2.111043192612569452e-01 -5.382499645754967865e-01 -2.582030640354281981e-01 -4.062300426757415317e-01 5.178304968477739356e-01 3.567594963459803092e-01
-3.801210252388924626e-01 -5.393556225061528764e-01 8.694690907505419064e-01 6.501978312200136223e-01 5.098786129774016684e-01 -1.409529809700574010e-01 -6.753357867672488135e-01 -8.337205791154465861e-02 -5.770806787054255649e-01 -6.631185921224872493e-01
-6.650207729226487174e-02 -1.099522320021676797e-01 -6.913635999934825138e-01 3.337066198109903681e-01 -3.806703231536567866e-01 -5.782583265057024136e-01 7.970747229991491656e-01 -1.520601527075337578e-01 -1.319948736318135862e-01 3.548747914103706491e-01
-1.489387444757806211e-01 6.063831953452075707e-01 -4.886336771741373597e-01 -6.684332126708282251e-01 2.551658218557549818e-01 1.323734576767582327e-01 -4.337235462223971300e-02 2.557157862431519990e-01 3.154334768198567840e-01 2.477326284413015056e-01
3.091046682827323644e-01 6.335709009404054681e-01 -2.221731305228791531e-01 3.525540667189440147e-01 -6.106820816048629252e-01 -5.779566633843465917e-01 1.090468515390709686e-01 1.923316467475780778e-01 -1.169090236876891287e-01 -4.402029036334133005e-01
-3.425777144333033014e-02 3.178967532287421682e-01 3.510298298757610347e-01 3.132066975314099500e-01 5.174401711353113775e-01 -2.783375066028492828e-01 -3.700526262289054458e-01 -5.301747967241282611e-02 -5.641300473612741451e-01 -6.190361791198397551e-02
-3.528013372390574887e-01 5.888080979930981895e-01 2.757175301963089575e-01 4.286857725130930885e-01 4.003988733820366686e-01 -4.515583045278694918e-01 3.558155151298859620e-01 -2.609643983831152481e-01 7.166103372378992420e-01 -4.222948669159172219e-01
1.047002253830909280e-01 3.721101896474676707e-02 3.545545425281747959e-02 9.549604796711047561e-03 -6.535706369950987880e-03 -9.196343885552961742e-03 9.217004719396821189e-04 1.713494598378534628e-01 -1.007357787768715929e-02 -6.222629109930045022e-04
1.352055330042261638e-01 -2.464349047887329919e-02 -9.119453245431299870e-03 -1.657346181420265296e-01 -2.202909402573386688e-01 -1.256932270769516025e-02 -5.727567750046912154e-02 9.365737144573828277e-02 -1.144166993733427840e-01 -2.775951246167464026e-01
3.828118586779685750e-01 -5.490517744090175345e-01 -2.856775295128480829e-01 -7.030865082837366442e-01 -6.882213250569067797e-02 -6.943315831108998193e-01 -2.032936012050291230e-01 -6.339511969694648919e-01 -2.114773131406751105e-02 3.127265669718961028e-01
2.808947151730759734e-02 -7.789724107447114354e-02 -1.242679593344472953e-03 -1.471142910136625072e-03 1.727187396103875838e-01 6.636773062524030441e-05 6.935246248001616931e-02 6.051140491192870396e-02 -1.901075731303929206e-02 7.121166307026098596e-02
1.118380471101878132e-01 2.469714542148869485e-01 -3.334644882843756930e-02 1.169130500272821810e-01 -4.175934056503551733e-02 1.623817240595839262e-01 -2.768799413340364834e-01 1.790802536393990285e-01 -4.522901744466767925e-03 7.192854467633218174e-02
-3.822215445702242809e-01 -4.044425713070857326e-02 5.792147919879204743e-01 -5.063285826522051503e-02 -2.531286272689484140e-01 7.109476366525702140e-01 -3.183115123565083970e-01 -5.171201696699089245e-01 -4.077325453488761520e-01 5.436217554897817550e-01
5.803795002205668352e-01 -7.574828447184654701e-02 -2.596665156491189674e-01 6.618664758402345027e-01 -2.619479233487027048e-01 2.617235491417706575e-02 -7.756173013328020449e-01 1.503471543592409532e-01 -5.355016459356366498e-01 7.418765969898022394e-01
2.469436090377910564e-01 1.680731544201300443e-01 1.106664855253574643e-02 1.146547367337686918e-01 -7.188332535248537214e-02 7.430384986207339004e-02 4.479532864683805071e-02 5.093038292387625648e-02 1.145730161170077782e-01 1.372856913046178184e-01
-5.198111830356528795e-01 -8.462895755339479020e-01 1.551240833615570858e-01 6.036040957102629667e-01 -2.752998307398145106e-01 5.896747796735593017e-01 -8.403434191158583033e-01 -6.965830043629640811e-02 -6.876773034036063326e-01 6.391876415397038658e-01
-1.844070117230396785e-03 1.292407545713562984e-02 2.813376530368937728e-02 -2.496127597901213330e-02 3.295293020667947742e-02 3.560409881786672642e-02 -4.590253300101321265e-02 4.265203119562337164e-02 -5.688093545531447415e-02 -4.051168553900778152e-02
1.996603078763128647e-01 -2.354092366497594901e-01 -4.377677021169303351e-01 -2.987398727484436578e-01 4.341315209066218817e-01 3.656200598524358414e-01 -2.079442364403980559e-01 -5.323865067846144106e-01 -5.169188294590376653e-01 4.908716018924500490e-01
2.779347554392170294e-01 -5.078422053023371463e-01 -2.070619238909702370e-02 -3.380985587467899012e-01 9.757560051008555557e-02 -2.917429435891980560e-01 -3.933435488494603227e-01 -6.301280858191760093e-02 9.406029344340536766e-03 1.776609325169273002e-01
-1.104824935467581676e-01 -2.833813824870387577e-01 -7.660004939918277356e-02 6.878487564473532989e-02 1.744175434362673915e-01 2.131441927706866635e-01 2.333101608866070265e-01 1.930335931146844597e-01 1.211376190691653421e-01 7.986662646724144998e-02
-8.560234211569623941e-01 4.488050869229827655e-01 8.845666827312839708e-02 7.398085033668981847e-01 -2.688830132249272475e-01 -3.179026306518765721e-01 -1.515069816557813032e-01 7.620235804655757228e-01 -5.125860955868105640e-02 1.401573286832974718e-01
-2.419867494664541263e-01 8.393583797891543408e-02 5.651737611322055210e-01 -4.028225943544678778e-01 1.992784280034375077e-01 8.062531425386353368e-01 1.950818267152843455e-01 -7.677817813461986982e-03 3.365788022831578408e-01 -4.146591273320516802e-01
-3.165424253409343872e-03 1.238259371625307220e-01 -4.828454245861743543e-02 -1.120651763171583160e-01 1.409918342534313418e-01 -1.619341790518384339e-01 5.771837054513068166e-02 2.130764502221870263e-02 -3.580048642091070588e-03 -1.193785417732135257e-01
7.088682862450076949e-02 8.249600858095120295e-03 1.821166136052930484e-01 -1.771319449140574750e-02 -2.918380730047421406e-02 -4.279588145694964568e-02 -4.048089602036882527e-03 2.900415099686645334e-02 -1.206621353617105818e-01 2.968129309829119211e-02
-2.853420722396562415e-01 7.639705736527588886e-01 9.146490546181690329e-01 -6.204589440860235339e-01 -1.043791443870052960e-01 -2.512263207627259964e-01 -3.170489101930434872e-01 -2.257362047545922457e-01 6.803477733288516571e-01 -3.992679456009404770e-01
-3.384193470074915444e-01 -4.366570880848774094e-01 -4.447520707906150728e-01 2.742701916377129900e-01 -2.325930192893002624e-01 7.272749711029516950e-01 -2.088124893421431094e-01 -5.144295852202787067e-01 7.506601546300419037e-02 4.385553050177866119e-01
-5.075796976674794569e-01 4.419428014166650320e-01 5.393900837287219918e-01 -3.210132857374655702e-01 -1.558731782278955091e-01 3.177804296038861942e-01 -3.198799461960167290e-01 2.311983737795744454e-01 -5.809815188786673357e-01 -7.119472086342923944e-01
-2.343119437761650437e-01 -4.526680643283672589e-01 -6.240497416149993759e-01 -3.865806266141006975e-01 3.788471402849523106e-01 -5.361528592401018090e-01 4.746428077461521677e-02 -3.168239995080902038e-01 -3.663384569146485581e-01 1.464189308057013139e-01
8.390486464107406450e-02 -4.159163686528619119e-02 -2.376553737007132960e-01 1.670091634950091886e-01 2.931120619118577145e-02 -9.254851294501950654e-02 6.525331993270018505e-02 2.387594934906963305e-03 9.504509752246900756e-02 -2.189373847499848924e-01
-2.586905210739177674e-01 1.634065089876625965e-01 1.951678993814647545e-01 -1.447830381646564024e-01 -5.739910322371709617e-01 5.650368757587048707e-01 -1.262557241701279254e-01 4.392094778898824048e-01 -1.760794389275507077e-01 -5.500747206094613873e-01
7.471736149494447032e-02 3.163532061248958832e-02 1.792705345336046557e-02 7.012164147971985950e-02 1.066967096872025456e-01 -4.077268931136112003e-03 1.484841089290358900e-02 1.265216827012302300e-02 -5.715174573529472994e-03 3.601777952693129697e-03
-5.658391625908147926e-01 -2.821107785781214461e-01 -4.566174248304665229e-01 6.322058575008575598e-01 -4.835290340880408766e-01 6.928003058877910680e-01 -3.442240049230725352e-01 -4.582938893748649267e-01 4.823770474562605881e-01 5.608340904543519523e-01
-5.398478087300495609e-01 -7.968919796170363667e-02 3.621549359030817317e-01 -4.017906902382229611e-03 8.202476213298682817e-01 -2.675071879704067901e-01 -2.276504327577268394e-01 5.788151602618388791e-01 -2.556586660227800345e-01 4.228239675444646073e-01
-6.146264765672775771e-02 -3.630444417906222160e-02 4.334554343825747225e-02 5.479399911375109483e-02 1.493830444044396332e-03 3.357767520045155940e-02 3.376861891599548804e-02 -1.109349000314006906e-02 6.801957749017897153e-03 1.145977133839356510e-01
-1.010771850631403262e-01 2.404882158362140476e-01 -1.882390213065157289e-02 7.721151090015894447e-02 1.750538372740615412e-01 4.553180332110709494e-02 -1.532703716962218743e-01 -1.395680126787072761e-01 -4.997336541582816233e-02 -7.945414913172685334e-02
1.081186630832903402e-02 -7.114352651111216508e-02 1.565180151460388372e-02 -1.721306535243502522e-01 9.725478096318167232e-02 7.408344500685865031e-02 -8.493075031063607172e-02 -2.467923290476884135e-01 -2.764698863947250285e-01 -5.488086118762264265e-01
5.197696939971444552e-01 -1.085198880343478667e-01 -5.278686710218849498e-01 -5.619097515282314159e-01 1.240077691996624709e-01 8.660578740479527027e-02 -5.145981335918338173e-01 -6.776181104427461688e-02 -6.215204820840112276e-01 5.122552146546376362e-01
4.615096061564885055e-01 -6.364596981679688792e-01 3.784181901299318862e-01 5.747690742115569851e-01 6.294597515507999175e-01 -3.051219533542656737e-01 4.010001357626001850e-01 1.713203051456380910e-01 -1.262282030920205619e-02 4.826112730042886323e-01
4.206937736963620167e-01 -4.471606210903492640e-01 -3.822121867576602772e-01 1.668610688677940324e-01 -1.395074098028242504e-01 -4.140302700949023418e-01 5.044398361017441434e-01 4.235685438133471870e-01 -1.277113449442578152e-01 1.123221445769314319e-01
2.124058697991503264e-01 7.906546126031035460e-01 5.094659280043049021e-01 6.025469820886747430e-01 7.223425426456127063e-01 -8.030163156648298939e-01 1.673347786655094982e-01 7.929695804180846297e-01 3.089771968754077003e-01 -8.703648781428171555e-01
2.796694851572842921e-01 -1.154916445116923179e-01 5.475696492499972090e-02 1.364403168561345303e-01 -2.043228856857241815e-01 3.644049101656064438e-01 -3.337160294490636170e-02 2.359395227198529676e-01 1.425504541505377143e-01 3.462757033060792078e-01
4.323319629708587408e-01 -5.406053989579320262e-01 5.566223050199718969e-01 -3.537335694363842320e-01 -1.761078632465149785e-01 -1.589792554655843626e-01 5.541999914603877864e-01 -4.460939649649406924e-01 3.269354764888002252e-01 -2.335615703451396630e-01
6.766387347234890104e-01 -2.550036001543870556e-01 -7.074584532560286299e-01 8.932583712407800025e-01 8.626010642852723065e-02 9.341072077569158028e-01 6.929450204352914922e-01 -2.708447988666320971e-01 -9.290677505436950590e-02 7.890342439403916774e-01
-2.178413404055519753e-01 6.720160091391191685e-03 6.093138947297513375e-02 -5.232033162620035593e-01 -4.281654608325503597e-01 -2.352916758243249196e-01 2.193192252140559739e-01 -4.078156564603713785e-01 -2.970134486243652394e-01 1.435638889091578052e-01
5.062843849167946060e-03 4.052198962752593531e-02 5.865170067150006321e-03 7.621413355638363696e-02 3.416444408557025268e-03 6.695956530687209585e-02 5.175203600418251323e-03 4.210421974773446291e-02 7.692757758449122671e-03 1.943062385040965692e-02
-1.266459680014621891e-01 -6.032226279958071702e-01 2.761106579049322218e-01 3.349152101022199318e-02 4.916816305371331519e-01 -4.555770009735835013e-01 2.464322062994758200e-01 -3.978924926851553079e-01 7.151373006727044235e-01 4.424511695104618725e-01
-4.830306466893329875e-01 6.727107877902815947e-01 -1.037113869655411080e-01 -1.631422855428144858e-01 4.562597660522695886e-01 5.139228498138034285e-01 2.682705557487705672e-01 4.599726447327074919e-01 -4.634465348974545207e-01 -3.979857172218272399e-01
-6.621988970654107964e-02 -4.179066867630102933e-01 5.615396961761401351e-02 -5.720995088771405751e-02 1.577637510149972888e-01 1.744664204777434668e-01 1.138072291851655038e-01 4.117508637456393505e-01 -2.757958445812301873e-01 3.273350492942027068e-01
-6.774198237261789268e-01 3.952430064995973713e-01 4.481631020293035395e-01 7.199898780078087812e-01 1.306692578435211805e-01 5.890648242048760475e-01 -1.913525372434549954e-01 -8.497593767609649962e-02 7.054501380473755523e-01 9.196754993717563831e-02
-1.490607287183224328e-01 6.239578087678656626e-01 -5.614617837465645245e-01 1.915295348570915657e-01 3.063446383615688884e-01 4.250675222289089228e-01 4.000370437124883272e-01 1.155123708387113535e-01 -4.285895190422002454e-02 -1.581138840074442775e-01
1.142239605732067557e-02 -4.726788159056367900e-03 2.481451751730348945e-02 5.773181886216689762e-02 6.205051127922683873e-02 3.046489243210067158e-02 6.091942197585086677e-03 8.243093729198189279e-02 4.029583291826402403e-02 4.575177094750783324e-02
-4.907717066323729060e-01 5.990982159292583820e-01 -4.900829135018936467e-01 -5.598951342451877200e-03 5.722893007070134486e-01 -7.475718174037736530e-01 -7.993171731906963950e-01 2.622395546778168440e-01 -3.389290171513343330e-01 -7.029590678524402225e-01
-2.128974507191384036e-01 -1.612994127983392312e-01 8.079846356898987003e-02 1.388590534274402877e-01 1.421075175500580157e-01 -4.149157237012108812e-01 1.111406393428837208e-01 5.746380772255065272e-01 2.063786482934922839e-01 -8.256127705433798092e-02
-5.440549606090288037e-01 1.970221235510798141e-01 -8.104187362820789442e-01 -3.332808313108260867e-01 -6.752795406305633907e-01 7.863755283497851634e-02 -8.325225360473187397e-01 -5.071959213829153601e-01 8.000178911004427462e-01 6.874130350319398453e-01
4.885450704452651977e-02 3.114300528613245245e-02 7.982276956409443958e-02 -4.994336377695388768e-02 1.586307687606748271e-02 1.470577322207354022e-02 3.135331082379076012e-02 2.938458335470154476e-02 -3.031401769490647824e-03 1.199600700331704059e-02
7.540914753492038158e-02 -2.061136831298246153e-01 2.917675550150773955e-01 4.345181129911774298e-01 -4.835537296194692969e-01 1.848193821192078423e-01 2.263763692743062383e-01 3.688415665354710660e-02 -4.955483798046916855e-01 -5.565331876436506731e-01
2.167839978847834193e-01 -1.176409231730932980e-01 2.181515528897024769e-01 -2.700897303037607874e-02 -1.949626478391969508e-01 -2.252681513814480674e-01 2.256042340821389769e-01 -2.494327882932049767e-01 -1.141684721677440617e-01 2.882417568317370282e-01
6.965941707986571529e-01 -4.801720843153026164e-01 4.768289378110007193e-01 8.245687132457165669e-01 6.134467182480889402e-01 -3.285539804164273880e-02 5.271072994652545862e-01 6.937006723343317471e-01 5.925080613825106646e-01 1.054222977543135542e-01
9.617623340633905948e-02 1.153429910057297836e-01 4.717196383204090293e-01 -1.434119920176220031e-01 1.865305196105477292e-01 -1.969308801438770240e-01 8.844298899932674651e-02 2.651596702307781328e-01 -3.722822176660353644e-01 -3.560761807979035964e-01
-3.568919371654867834e-01 1.337337377939298300e-01 3.852129427669974682e-01 -5.816172121404665774e-01 5.703718781999682630e-01 -1.211890497027361818e-01 7.210981044659561245e-01 -5.607998997150492881e-01 7.488467163033009355e-02 -4.131727086121685100e-02
1.576786868895926341e-01 -2.180976267026475957e-01 -4.160525015871768817e-01 1.506197295357919984e-02 5.131058477447922317e-02 2.007911088826567353e-02 3.794444247476991827e-01 3.854260888649372885e-01 -2.960402215132744083e-02 -4.917357462477967567e-01
3.045989102436814089e-01 -6.142311525080904611e-01 -4.701457169196767705e-01 3.027211946681812940e-02 1.543039079854046647e-01 2.917061051802743443e-01 -2.634120600276820823e-01 2.000222257855492070e-01 -2.644544437604787190e-01 -4.028887421788265311e-01
-3.674804046388049222e-02 3.760428031425135376e-01 3.177818262512591696e-01 1.817751775849744122e-01 -5.295529843992580199e-02 2.234229391428551592e-01 -3.229038717808330183e-01 1.838137134768562386e-01 -5.442264240457815377e-04 -4.153758580179821580e-01
2.503560790282515769e-01 -1.880437758638104639e-01 -1.567541006284723926e-01 4.519768382405128238e-01 3.869513796926843385e-01 4.676106666661291600e-01 6.916541455191559384e-01 -9.407203465794827801e-02 -2.906748273010768546e-01 3.417089028925235916e-01
-5.105722713115339317e-01 -2.140223527568829998e-01 -5.491690590253648502e-02 -7.643500147858584871e-03 2.650596694946237286e-01 -2.362427728042994501e-01 5.197196702605338774e-03 -1.834800237470927131e-01 -2.866542627605385141e-01 2.390711480280043044e-01
-1.647439774427050807e-01 -6.594820168543294447e-02 -2.419902063498912403e-01 2.311171451396382137e-01 1.748096485766242048e-01 2.889625105911163283e-01 -9.522359275964789593e-02 6.288679452062002906e-02 -1.173823879933962771e-03 -4.435598003865498518e-02
2.121345957877257826e-01 2.409295476626912846e-01 1.721183549499625820e-01 -2.148723489223475780e-01 -3.647696218159092729e-01 -2.423072837262634227e-01 2.344876497344016431e-01 -3.126309663580343901e-01 3.505538616550683551e-01 6.434433027153139972e-02
-1.971072508817942569e-05 5.347590297621943600e-01 -4.410937199979044765e-01 4.749840465071828444e-01 6.462091556783343682e-01 1.769057115983901918e-01 3.234207996892962678e-01 2.757570418875667229e-01 -4.689018175437235092e-01 -6.461632502567137282e-01
2.814917301071913069e-01 -3.706871184805427544e-01 -3.920896373330527984e-01 -2.322911683857088461e-01 4.702347813747945193e-01 -4.671105604093217512e-02 2.088791312738546083e-02 5.166551342913050515e-01 2.615163760189944120e-01 -2.436576589415395122e-01
-6.726593350393345050e-02 2.966020851001396341e-01 -2.509855484924597979e-01 1.817363788699194738e-01 -5.121064641724013544e-01 -1.679484759150103312e-01 3.093916622901692337e-01 -2.791101122200893014e-01 6.673360452550022304e-01 4.500444667578437641e-01
-1.514242629309351350e-02 9.474906773044326769e-02 2.156766629510796507e-01 2.077443089104343277e-01 8.645744247015756112e-02 3.602489054912828559e-01 1.703162185696937558e-01 -1.081477901993915941e-01 8.797364377649879996e-02 2.581039050285725001e-01
