6.281531307713854595e-01 -7.912334995835079710e-01 -1.144788650518706735e-01 -6.186370564792337268e-01 3.211048436890622249e-01 -4.557507144950820321e-01 3.527836587726189133e-01 5.918807790282495374e-01 8.053839738953972871e-01 7.070216631546119013e-01
1.489633551600934580e-01 1.206399273765945274e-01 -3.856518200232755267e-01 4.048052103025444604e-01 3.948920197253631414e-01 -1.070402189800165327e-01 -2.524218418123964081e-01 -4.298971080257644184e-01 5.158947713392815215e-01 -2.688851909301230858e-01
2.779446617045148171e-01 4.413077666247943731e-01 -1.998289891697581366e-02 6.553813834849625541e-01 -5.667113686991026578e-01 -2.937772056114584251e-01 5.539585857567822513e-01 2.534791654135759020e-01 6.821129565802754868e-01 -2.662968334806024573e-01
1.791915489148813156e-01 -1.516427328167107014e-01 -2.661652656865337932e-02 -3.026793637738544457e-02 -1.254830506052858063e-01 -9.857644055746854483e-02 1.531475591283261717e-01 -1.245751758740867576e-01 1.116572576121298149e-01 -6.778960104347869775e-02
-5.347158336291958115e-03 -2.553593402255074571e-03 8.489935524436677261e-02 -5.285521251193768533e-03 8.465057586956882540e-02 2.666437175171373214e-02 1.372878245272587949e-02 6.363478028630692451e-02 1.427532441510735196e-02 3.736759268428828384e-02
-4.455958717795208135e-01 -7.467239821669104938e-01 -4.072316897832644472e-02 -7.939306615759559316e-01 7.015036399870646644e-01 -6.939092704342180173e-01 5.530586850438363733e-01 7.122517069980427440e-01 6.743140144521591051e-01 2.297007575235070764e-01
-4.941573301126158183e-03 1.666799982432350946e-01 8.473509337405170372e-02 1.409333680383546492e-02 -1.405558018693208074e-02 6.617527547255556628e-03 3.804975548343431796e-02 1.633015529619010961e-02 7.442723698195811977e-02 6.341999740738994522e-03
-5.348078643474145633e-01 6.800856024509913667e-01 8.261530954346850419e-02 6.852136819841576632e-01 2.255542001659378293e-01 -3.245045592588521322e-01 -3.837704596290906767e-01 3.201037018350624819e-01 -6.045795780747821313e-01 5.596222032936685187e-01
-6.969573136820082782e-02 5.905478413146256766e-01 5.495353595093833698e-01 -5.611944696730785109e-01 -2.798403675836337312e-01 3.680089950130773224e-01 -4.142377827951521652e-01 7.202273487596070334e-01 5.174606059783617429e-01 -1.894077996544106246e-01
7.819382659248698755e-03 -5.432813800529378775e-03 -1.201716634657368915e-02 3.404285833282748308e-02 1.103954362092317981e-01 5.466654358115327628e-02 1.123676853598062908e-02 4.209621638100936869e-02 3.464852312823030189e-02 1.335515607609493414e-02
-6.395124301015591220e-03 1.127859320249630093e-01 4.856987213116005508e-02 -4.655252678030488700e-02 1.992916024305568523e-01 2.625857149162495394e-02 -2.519385995563247493e-02 8.629140043559165377e-03 2.704293226810495013e-02 4.273486624911258108e-02
3.422648709784032461e-01 -3.188771341840262452e-01 5.954756615070085912e-01 1.864059033313233138e-01 -3.493785985387538179e-02 -2.090145030815072080e-01 5.402651815324132079e-01 5.067659188482389609e-01 -4.532633176801995067e-01 4.087004126613401622e-01
-4.214275951443715029e-01 -4.416240491269446400e-02 4.406233538015541518e-01 5.791211685812147625e-01 4.674553255970131938e-01 -4.552884819516707093e-01 2.075131674444243568e-01 -1.357280965672141293e-01 3.157177735428741694e-01 -1.273654166272945865e-01
4.147103015933636394e-01 2.023001627494349086e-01 -4.651412999436627671e-01 6.349934135050941952e-01 1.743405186314423982e-01 5.291960751598677459e-02 7.442895451506535975e-01 -1.599876504948279932e-01 4.120143373703373801e-01 2.894385191614106678e-01
3.107065346018378360e-01 -5.498521248181207355e-01 3.636184339422866008e-01 -2.359818974473580078e-01 2.921413741983007184e-01 -1.800610550668481913e-01 -4.541634110804226299e-01 -1.670642442262003924e-01 -2.014973829901889335e-01 -6.816787684201464081e-01
-2.328672542444332888e-03 1.525437655374284156e-02 6.050062512317688074e-02 2.051329256608414031e-02 1.447095305298108127e-02 4.724646658610203581e-02 4.839533904851398699e-03 6.719417440973059381e-03 2.058242788827055469e-02 4.317458590711772959e-02
-3.838028118380578668e-01 9.440811886966699040e-02 -5.227712096787334728e-01 -4.460636769617747910e-01 -1.474374265844581935e-02 1.859875724115634121e-01 -4.493819985139362039e-02 3.519599038882940678e-01 9.086179162110259722e-02 2.423710076316747952e-01
8.297674739721672132e-01 -5.337672726760901432e-01 -7.693720608076061174e-01 4.700892770193143555e-01 5.960045707620776900e-01 3.149311558960229962e-01 1.115673327200281673e-01 6.657051877447460742e-01 8.042207117573157982e-01 -4.411909267422877146e-01
1.324040183238906323e-03 4.151540250966421347e-02 -5.878755240618023237e-01 -4.763592128358541955e-01 -5.774880146044297780e-01 2.848652951863740457e-01 -3.635442396878484916e-01 6.721146693867345867e-01 6.692972391062088078e-02 1.282271296625300469e-02
-3.130462423997853322e-02 2.230159110859299409e-01 -1.279293102555276451e-01 6.026404992410324540e-02 1.863635018441230085e-01 -8.439919922156192966e-02 -1.824867306993807337e-01 1.201793146640466048e-01 1.312889971228816122e-01 5.817540657873414983e-02
-6.189183295730951891e-03 -5.431781497574647566e-02 -2.289620475853423320e-01 3.557042864581440034e-01 -3.983068439246403303e-01 -2.657558952960398929e-02 1.698706805264564024e-01 2.069598591750309857e-01 -2.963562806543152961e-01 1.647936789031906046e-01
2.713040360909276250e-01 -9.055470276286757547e-02 -2.053448574765781576e-01 3.963549128872220773e-01 2.601528816624965046e-01 1.617521603845891720e-01 2.033290784512283567e-01 -9.003248706876933183e-02 -1.231690291090919015e-01 -2.122889790264957388e-01
5.540520596883638516e-02 4.031190658624733691e-01 -1.840650890546484120e-01 1.656754893331646716e-01 2.456369906300360506e-01 1.256660761356195311e-01 9.852296828566639575e-02 -3.717667729129696397e-02 2.365098060777773570e-01 -6.799962966532098474e-02
5.222565446333423678e-01 1.115869543274026626e-01 8.166428690243556776e-01 -8.842746578420919157e-01 -3.956908474274205556e-01 8.720182137420091906e-02 7.579968686692516444e-01 -7.725779665715719613e-01 -2.091352315155916297e-01 -8.074240430424234338e-01
-6.267031490414440853e-01 1.823254655046585015e-01 1.307904210676697453e-02 -6.640594282988850072e-02 3.359747787517500250e-01 -1.319848410896142243e-01 -6.817480595619261896e-01 4.606611143323384172e-01 -6.512306626014525701e-01 -5.963790154265073973e-01
1.077700720133661395e-02 -2.263217563877331986e-02 -1.665284485120629987e-02 2.415651624430670275e-01 -4.807929532315565746e-01 4.099661800374863607e-01 -2.022433246806666363e-01 -2.457236297087673702e-02 2.143884985311631797e-01 -1.157294668959134298e-01
1.707748181898674222e-01 -6.254399313527299054e-01 -8.075569061850775832e-01 -8.181650887188304799e-02 -3.100785965401690603e-01 -7.991437380360987275e-01 -6.671647381045989755e-01 -7.253058800021147112e-01 8.636180860187645525e-01 -5.173582653439947610e-01
3.677800222132973640e-01 4.725758565855850413e-01 -4.058393204376226082e-02 -2.680277377247526349e-01 4.402926126207569735e-01 -2.737054029851800907e-01 5.121403505300267112e-01 3.508722111078512174e-01 1.541706919951442989e-01 1.383484720894549713e-01
-3.188962098885349539e-01 2.920977008699151556e-01 -3.605847009609169235e-02 3.178421967716561769e-02 -6.892070514603946263e-01 -2.344969961400155678e-01 3.327600117109589251e-01 -6.514275056474670977e-01 3.845642756860533362e-01 2.088369788735308750e-05
-1.702567531873302176e-01 4.728295555555114826e-01 6.109912467920555201e-01 -7.337818375290267037e-02 -2.050939252020692327e-01 -5.376119924851534559e-01 -2.575805206047104834e-01 -4.030342106773852073e-01 5.160085362818244148e-01 3.544572731892168260e-01
-3.801488226049323793e-01 -5.370765094355162139e-01 8.693383231089801821e-01 6.503629904370195058e-01 5.092055871701207659e-01 -1.410438939269685610e-01 -6.747992926474881692e-01 -8.362107177822525328e-02 -5.763242890150024333e-01 -6.630243677274834102e-01
-6.685594011247404655e-02 -1.097114658316543645e-01 -6.903519099102474188e-01 3.332067799711281864e-01 -3.807826730132501947e-01 -5.762941012691794596e-01 7.956881128340065334e-01 -1.530420121722734228e-01 -1.317745151874757936e-01 3.561142506341103409e-01
-1.494085847967100977e-01 6.057389241960331461e-01 -4.882425053432594697e-01 -6.684185530522108731e-01 2.554796403512363812e-01 1.322864834929951550e-01 -4.419331712848402482e-02 2.591297989531380908e-01 3.159202434382930025e-01 2.465104742661416437e-01
3.089179115152900779e-01 6.333508737663420263e-01 -2.220748971764949509e-01 3.520769697491240025e-01 -6.083843242147668473e-01 -5.776894866373740722e-01 1.098724795563582740e-01 1.917553291109755087e-01 -1.171455774249769433e-01 -4.399150772135562715e-01
-3.436953515658721509e-02 3.194921330685809302e-01 3.506095225237547131e-01 3.130734792928078214e-01 5.172799372975387389e-01 -2.778276668687273965e-01 -3.697399290208597256e-01 -5.285260506118781565e-02 -5.640385418236956161e-01 -6.207253791277576177e-02
-3.535500738137346000e-01 5.875837049347641949e-01 2.766420775862756809e-01 4.285438620485721439e-01 3.984565483794743623e-01 -4.536184080464754631e-01 3.551628543041048802e-01 -2.573149669459227629e-01 7.152565961213503964e-01 -4.217572094729543086e-01
1.066610993788748574e-01 4.806898378378236109e-02 3.302044458878134608e-02 1.128924619126791748e-02 -5.988104322330279825e-03 -1.559375633456230523e-02 -1.147555965406511812e-04 2.019817044986839671e-01 -1.339705596859801055e-02 -4.698181780699821689e-03
1.188534697502892923e-01 -2.810205719852200065e-02 -1.043483608638366353e-02 -1.479712859252754475e-01 -1.833407454186999075e-01 -1.401734788995687153e-02 -4.767169498469094047e-02 7.398212097455038327e-02 -1.037966632552562579e-01 -2.519503284498078588e-01
3.824673280386381991e-01 -5.487495081201493319e-01 -2.850484177060745306e-01 -7.031225390485279503e-01 -6.891033740453948730e-02 -6.928539985971737813e-01 -2.039566596280541766e-01 -6.343652881904380259e-01 -2.096851310337798438e-02 3.144938969327821798e-01
3.141516185429742147e-02 -6.675414398304969910e-02 -7.582351519421165129e-03 3.011361646448152980e-03 1.804996588673808966e-01 -9.888574790578918972e-03 6.718916240011295338e-02 4.988056214424733265e-02 -9.584544170016556786e-03 5.785378626574225192e-02
1.134334406473626461e-01 2.431541829225109530e-01 -3.097347580394972308e-02 1.277919384129681257e-01 -4.057449320541407778e-02 1.500002770218600290e-01 -2.600466762793926523e-01 1.718389985505366369e-01 -5.039947761181984981e-03 7.088216874125019551e-02
-3.794252858897869118e-01 -4.033259893594606099e-02 5.790731314467424395e-01 -5.106061234471290927e-02 -2.527109486357748680e-01 7.098231615459814625e-01 -3.178785626430126188e-01 -5.157112381061047524e-01 -4.076882470524148538e-01 5.446033486149235436e-01
5.803712172531935165e-01 -7.543654754739735624e-02 -2.596642882526439822e-01 6.618567356744601282e-01 -2.619438334751983954e-01 2.617176048638008776e-02 -7.756069054516612216e-01 1.503446862621263258e-01 -5.354953232286567832e-01 7.418657443928469153e-01
2.394788702647056844e-01 1.613439511679636840e-01 1.315390506972794263e-02 1.113006583814784983e-01 -6.861093891729570793e-02 9.396326681031065553e-02 4.784096660426529618e-02 4.687617146052350942e-02 1.096414029449734873e-01 1.309821876916673344e-01
-5.198549318644115624e-01 -8.462186486761942295e-01 1.555871359120220010e-01 6.036361912601321267e-01 -2.753665256659768024e-01 5.896513653013002454e-01 -8.403335024901877892e-01 -6.974502769648617539e-02 -6.876920668291064409e-01 6.391969620355875126e-01
3.823250461653343851e-03 3.220473311408639933e-03 1.842378358698559468e-02 -1.900405436491657551e-02 5.733393277946804284e-02 5.500722913598375674e-02 -1.506315893442467663e-02 3.962079576166198380e-02 -4.496256829756101192e-02 -1.849453311718732978e-02
1.983967003372710536e-01 -2.349988151782846924e-01 -4.368779987823325772e-01 -2.994697039381566950e-01 4.348360404502837895e-01 3.656684950230803532e-01 -2.093253033999033785e-01 -5.280051661039928401e-01 -5.152158987230865961e-01 4.891345092142732609e-01
2.762500755848206202e-01 -5.045886764536103852e-01 -2.063047275077681264e-02 -3.358507874069238675e-01 9.795538353517610486e-02 -2.895972748089767346e-01 -3.837230981916291972e-01 -6.207926071163329812e-02 9.049700210938833173e-03 1.763734139254475031e-01
-1.062523720153818740e-01 -2.730940472949252573e-01 -7.483132906260138439e-02 6.503576863886190162e-02 1.873286682480878040e-01 2.048243494074173665e-01 2.234245694097065638e-01 1.846215816915321717e-01 1.152383041307105255e-01 8.994709974772484296e-02
-8.559856022953764576e-01 4.488729571856230338e-01 8.838415780591109272e-02 7.402256818573862418e-01 -2.688899763970672430e-01 -3.179499436807172730e-01 -1.515050064084176862e-01 7.619868465178135652e-01 -5.127731343098775735e-02 1.401012749211464903e-01
-2.411676983371499050e-01 8.390581481684482312e-02 5.651019520028458532e-01 -4.027715972982232606e-01 1.992211423751570620e-01 8.061677245695264560e-01 1.950654559048683179e-01 -7.679616929187668001e-03 3.365400108082924335e-01 -4.146354391795175620e-01
7.006952637671654514e-03 1.089378891394315874e-01 -3.178685904594986955e-02 -8.777983517487503162e-02 1.081640002855981109e-01 -1.514414717888459549e-01 9.565833979932247821e-02 1.049508747686770521e-02 -2.810109247812129629e-03 -9.380025283343498832e-02
6.119886166493403168e-02 2.111541774170705085e-02 1.989387171797632747e-01 -1.712610236327847743e-02 -2.344196339221224154e-02 -4.083324865270916704e-02 5.023130175355241395e-03 3.060883071121932308e-02 -1.059884088273048974e-01 2.131855369845031198e-02
-2.851446776287338558e-01 7.622942274076643931e-01 9.137797428037812697e-01 -6.200736805958646514e-01 -1.047029227090682801e-01 -2.470209203905030793e-01 -3.178769644128380256e-01 -2.269580467474811292e-01 6.791507823235362062e-01 -3.967001033904371532e-01
-3.376722058366247725e-01 -4.367159153527586657e-01 -4.450532808828155940e-01 2.739833598386955948e-01 -2.330000214219485333e-01 7.288678327367198451e-01 -2.082462931331513500e-01 -5.146443148034075543e-01 7.488600739181899835e-02 4.377886435936475529e-01
-5.075755281649291240e-01 4.419363641879460181e-01 5.393736799693160666e-01 -3.210351110068578873e-01 -1.556019576771041357e-01 3.177372569468727148e-01 -3.198835648948268329e-01 2.311506954581495077e-01 -5.809950487021179333e-01 -7.118106446754185468e-01
-2.341215626737865874e-01 -4.525046053265258661e-01 -6.237391183391099991e-01 -3.834119489336612618e-01 3.783120514719689464e-01 -5.359264407916840556e-01 4.717915460169654768e-02 -3.166232741114183291e-01 -3.662160543455555972e-01 1.458437049395070184e-01
9.949005975838176585e-02 -3.931581049005633544e-02 -2.314584103228753409e-01 1.605504605233227799e-01 3.198293943612473544e-02 -9.305381237933608995e-02 6.468513925909138984e-02 1.189059380184962628e-02 9.156725450311331560e-02 -2.091259962567357245e-01
-2.543411641760972008e-01 1.633866309291920893e-01 1.974312012233960800e-01 -1.455346519216837442e-01 -5.747926694723447527e-01 5.610979653712945270e-01 -1.222195971160504324e-01 4.370192036993248430e-01 -1.755054265166165473e-01 -5.473396651912079136e-01
7.567666413631010669e-02 2.804520391820120029e-02 1.992028247869031404e-02 6.549241646261011462e-02 1.059600874017482264e-01 -1.403272340886460579e-02 5.784598085706896611e-03 2.283522127075720415e-02 2.060659928032608501e-03 5.682104482011829209e-03
-5.653065788111493184e-01 -2.823261842036565161e-01 -4.561433726771604302e-01 6.324713721898069796e-01 -4.838373500896528956e-01 6.912113596577553754e-01 -3.440944905824372957e-01 -4.563202679516012994e-01 4.819801497266646972e-01 5.611095202710506546e-01
-5.398947887577290050e-01 -7.971257249730745453e-02 3.621362446379508548e-01 -4.027676814880054926e-03 8.202624544831368381e-01 -2.675165932630719223e-01 -2.277100512514574904e-01 5.789450481361219092e-01 -2.556367017707658063e-01 4.227504789763305015e-01
-4.403880152619528421e-02 -2.759081619070251346e-02 3.500887090652994582e-02 5.985555993701558580e-02 1.360054926993280525e-02 6.032587627429395610e-02 2.495720886854501525e-02 -1.381177048828614515e-02 3.071361047522400828e-03 1.200197824223902532e-01
-9.175310811509232445e-02 2.318611745816352432e-01 -1.936965077727643633e-02 6.801360912278034410e-02 1.589018967046002262e-01 5.079238528386289392e-02 -1.319121673043423260e-01 -1.333410806038888285e-01 -4.352165064891194701e-02 -5.913914337985483327e-02
8.799025390927259563e-03 -6.997980278984902713e-02 1.642761730520450603e-02 -1.644164873364078461e-01 8.738245085328590067e-02 6.397917613027524764e-02 -8.334554032744484475e-02 -2.224822429214429742e-01 -2.697357154701967574e-01 -5.281300211448465287e-01
5.182109167967271501e-01 -1.029572492772174302e-01 -5.265023751808844965e-01 -5.600043709781238332e-01 1.228209292752032583e-01 8.631999732623929500e-02 -5.127705674094144017e-01 -6.805893699966887589e-02 -6.191896827579153051e-01 5.108077888962021529e-01
4.610847301863348346e-01 -6.362943815875131692e-01 3.783376682231360810e-01 5.747832833457312551e-01 6.292166476776043238e-01 -3.056270513749628215e-01 4.009162238096498077e-01 1.719376225401928748e-01 -1.270529449398639411e-02 4.826373941746118224e-01
4.193800519915192870e-01 -4.463674264776021361e-01 -3.782156342312594788e-01 1.658133950827983816e-01 -1.395642283266680383e-01 -4.135922023856071217e-01 5.029635043182306697e-01 4.225270942297151278e-01 -1.274700000697241153e-01 1.119329886985095251e-01
2.125820415414404752e-01 7.906207600467018981e-01 5.095673300195071587e-01 6.025118618485811872e-01 7.222737893186251812e-01 -8.031504300759133574e-01 1.674390876923820826e-01 7.928688551108132865e-01 3.089495359496274851e-01 -8.702827180595354983e-01
2.672503275375181508e-01 -1.132376007832910647e-01 5.246797008896460224e-02 1.342603399815478771e-01 -2.051160791603116873e-01 3.472088079608930955e-01 -3.078664036345947833e-02 2.427367623774751015e-01 1.379220255743121848e-01 3.466773399022612390e-01
4.322840461875756546e-01 -5.382584415073800033e-01 5.565051272601923005e-01 -3.538111540122507170e-01 -1.773250108270805481e-01 -1.604780608953223220e-01 5.563943886753972556e-01 -4.456207904159651956e-01 3.266598226562862362e-01 -2.320620821633459230e-01
6.766387347234890104e-01 -2.550036001543870556e-01 -7.074584532560286299e-01 8.932583712407800025e-01 8.626010642852723065e-02 9.341072077569158028e-01 6.929450204352914922e-01 -2.708447988666320971e-01 -9.290677505436950590e-02 7.890342439403916774e-01
-2.186157261741779878e-01 7.105939941624358699e-03 6.405170247639412062e-02 -5.208942086175801789e-01 -4.263660362896721789e-01 -2.369811943536043464e-01 2.167019673515505063e-01 -4.048103424030769504e-01 -2.955270447864175032e-01 1.430319623082721703e-01
1.984392151108196889e-03 4.329124037383055845e-02 1.524588357073072484e-02 8.636896684644809752e-02 6.053041070713700844e-03 7.722954515803091835e-02 -2.310734260909016178e-04 5.142396287475307221e-02 7.145898725342863383e-03 1.676971397480108913e-02
-1.264168243053042373e-01 -6.032925402441844387e-01 2.757841618565632369e-01 3.312159629029476360e-02 4.914876176167723987e-01 -4.562131158437556233e-01 2.471393545612242948e-01 -3.982811799413462084e-01 7.146458918091789236e-01 4.418285213245455867e-01
-4.829829023820084721e-01 6.754005838469911982e-01 -1.036588051409710887e-01 -1.627695074348869952e-01 4.554884417545115305e-01 5.136601331863734909e-01 2.685414931890733325e-01 4.594887301476893726e-01 -4.627112495892498067e-01 -3.979041251873520757e-01
-6.495564538680756450e-02 -4.130615949771422324e-01 5.454673781397200577e-02 -5.801635520420473507e-02 1.532716944714096752e-01 1.782886640785460997e-01 1.127591670359695403e-01 4.086464913456051562e-01 -2.709714309335720106e-01 3.254849077067336616e-01
-6.774084908459118148e-01 3.952156370557657894e-01 4.481624820711108126e-01 7.199222755057214096e-01 1.306622061989497763e-01 5.890214904524764261e-01 -1.913521930817603245e-01 -8.453943751902165404e-02 7.054184793859207270e-01 9.197241687130902621e-02
-1.490440553093202170e-01 6.238754428449053702e-01 -5.614660569282202696e-01 1.914892176288633951e-01 3.062968994579365889e-01 4.261030176614873377e-01 3.999922218823784292e-01 1.154945543682797532e-01 -4.287467628558794264e-02 -1.581477458727100494e-01
1.216926246465594406e-02 -5.066310182474514749e-03 3.229254920160899017e-02 5.650133972215098249e-02 7.570697458466656149e-02 2.199362885382453309e-02 7.765681918522813337e-03 9.473396859623085808e-02 4.178312006707083498e-02 4.616175091460281155e-02
-4.907759822501291391e-01 5.993672805973423445e-01 -4.901038921507061552e-01 -5.610996366289549946e-03 5.723038607026728064e-01 -7.475756851738888376e-01 -7.993228073077890405e-01 2.622191194758306532e-01 -3.389415516878455104e-01 -7.029626870526964888e-01
-2.116562631625498736e-01 -1.550723531918084541e-01 8.021790139108035678e-02 1.385712400207520234e-01 1.407942804623267541e-01 -4.125362927818369552e-01 1.104596578967440429e-01 5.753092092405370783e-01 2.049505855872202076e-01 -8.224069836912574483e-02
-5.439888626107723946e-01 1.967103037044581337e-01 -8.094580235032197146e-01 -3.329542812727175338e-01 -6.752457764118344752e-01 7.873976462161361156e-02 -8.323842604863078698e-01 -5.071552846912005252e-01 8.002325039462570011e-01 6.870225915220425916e-01
4.437982710385572627e-02 2.784458894639709262e-02 8.136704793403450042e-02 -4.176643324101451255e-02 1.918859209635190299e-02 3.351378307932197098e-02 3.644929523564614110e-02 3.966237331253968934e-02 -1.098339672980638924e-03 1.895778627929832830e-02
7.448154664623178600e-02 -2.036657005352914829e-01 2.925245594137078631e-01 4.334616640717926517e-01 -4.832097536610029387e-01 1.859775900894991840e-01 2.242290841235315135e-01 3.746780561407174470e-02 -4.939684128220064308e-01 -5.553813890659521357e-01
2.090739716342389642e-01 -1.126513046218677316e-01 2.087465084124220382e-01 -2.606294872058419546e-02 -1.905272123005056772e-01 -2.250488250880023078e-01 2.280739223645565361e-01 -2.382783430712142048e-01 -1.051456772780445109e-01 2.768531963085582581e-01
6.965870644034310999e-01 -4.799899186812558449e-01 4.768085717892944775e-01 8.245662863844374080e-01 6.134325965470096564e-01 -3.286118244803162142e-02 5.271075492786946315e-01 6.936991838996597881e-01 5.925110863033774544e-01 1.054215687591813777e-01
9.692972187630563563e-02 1.150300845879650979e-01 4.732804630643681620e-01 -1.432292473208998107e-01 1.860438994195827700e-01 -1.967680025048121617e-01 8.836525265937263118e-02 2.647253648121012382e-01 -3.721162390813492760e-01 -3.559408271406068192e-01
-3.568848768080373213e-01 1.337310921527887497e-01 3.852053221379305170e-01 -5.816057060654087341e-01 5.703605945902255892e-01 -1.208090703693867063e-01 7.210838390543748977e-01 -5.607888054667982125e-01 7.488319019437109092e-02 -4.131645348578542182e-02
1.547639169613019006e-01 -2.147467671440540238e-01 -4.088491858610434071e-01 1.238670430966877685e-02 5.129188756364798374e-02 3.074233196039764804e-02 3.722879538164898805e-01 3.771074269174958249e-01 -2.840368757579185555e-02 -4.810403257083360473e-01
3.044176154083322872e-01 -6.139447224239403811e-01 -4.685713067566407708e-01 3.028855313161636989e-02 1.541275180878561579e-01 2.915698041116814299e-01 -2.633706063213075432e-01 1.998885587883295900e-01 -2.635632718568113875e-01 -4.027535933040258254e-01
-3.658404027031077199e-02 3.782236459978002285e-01 3.168544340564224404e-01 1.810028154383347965e-01 -5.072618305280257589e-02 2.232307736195826564e-01 -3.221255217514646940e-01 1.832356039899116495e-01 -6.309800458984307333e-04 -4.142448905038205731e-01
2.500625839703237152e-01 -1.879381945408029886e-01 -1.561913790319401640e-01 4.514203383133698066e-01 3.865774282456532207e-01 4.689621579453325806e-01 6.905568360555340846e-01 -9.485678551447128404e-02 -2.888474980899676803e-01 3.426082757288158032e-01
-5.091764735303930811e-01 -2.108902823542151417e-01 -5.585898190124816143e-02 -7.059082057014622567e-03 2.650902451202157284e-01 -2.274956289411847465e-01 3.899810841635207789e-03 -1.831808757935099730e-01 -2.857814693927374639e-01 2.370715130833593864e-01
-1.376986560914194302e-01 -6.117794276800769121e-02 -2.108150453985980777e-01 1.938817710893794843e-01 1.619231183752276870e-01 2.333710547321992124e-01 -5.659167632978791967e-02 5.346469918313513647e-02 1.411754062777784797e-03 -2.976401903560903575e-02
2.102609344349778420e-01 2.424516977768627901e-01 1.710868075628491358e-01 -2.131592966185646976e-01 -3.640246428831326320e-01 -2.432012612973001309e-01 2.381766195617100734e-01 -3.083000561629198333e-01 3.491880748480680752e-01 6.502924540838496414e-02
-1.978161575261496542e-05 5.351909761078177397e-01 -4.410899911819360364e-01 4.749531547078019167e-01 6.461706854644619913e-01 1.768782114336191480e-01 3.234142689504621027e-01 2.757358700724303335e-01 -4.688938614371269686e-01 -6.461545574512139734e-01
2.800011348704265490e-01 -3.687129765492253575e-01 -3.862617380368222331e-01 -2.310760418391533400e-01 4.677988730913328896e-01 -4.180069551056627558e-02 2.081857947745571064e-02 5.139114777249104149e-01 2.602690942932545659e-01 -2.424769006076747391e-01
-6.571238115855464190e-02 2.961402783413372708e-01 -2.508096159805400793e-01 1.818288442228891688e-01 -5.114331546442577592e-01 -1.680186416501422975e-01 3.094557091803430415e-01 -2.795651886700808997e-01 6.667160465294301730e-01 4.494624449253303289e-01
-7.226086750656997987e-03 9.253121714290600541e-02 2.096141722988285883e-01 2.035409210864735918e-01 9.094889909777997827e-02 3.508524099433665278e-01 1.678720827048199860e-01 -1.090953553752087579e-01 8.582193527210477124e-02 2.510255771480851550e-01
