6.280903393805326029e-01 -7.906642365161826724e-01 -1.144180818852633258e-01 -6.185936170705892412e-01 3.209609857687470980e-01 -4.557901782928402423e-01 3.528991003120237058e-01 5.918580335776641999e-01 8.054953348818295611e-01 7.069513885704883371e-01
1.489018795638963888e-01 1.206390858121862697e-01 -3.855130268647952718e-01 4.049584180490217733e-01 3.947957108611041543e-01 -1.069565509711880441e-01 -2.524311543822604920e-01 -4.294551787559511835e-01 5.158525130638568212e-01 -2.689229450761293494e-01
2.778322973665340312e-01 4.412732874317866205e-01 -2.004998280272836386e-02 6.552933675981252870e-01 -5.666240584352425502e-01 -2.937971465678941296e-01 5.538070696209860255e-01 2.539096582246763156e-01 6.821826088172771030e-01 -2.664749446862208493e-01
1.864410965114199625e-01 -1.429215424058729311e-01 -1.987763608818498076e-02 -2.588354580364215368e-02 -1.191438469217724477e-01 -8.264906769169583223e-02 1.404563465285480484e-01 -1.138459599561928992e-01 1.022104663382594897e-01 -6.257768475462685553e-02
-7.094998322562886053e-03 -3.040956826294529802e-03 8.206702281854831582e-02 -4.756786534523572800e-03 8.057832595114465535e-02 3.058128715078747839e-02 1.210579374555733646e-02 6.652040125035120488e-02 1.493796300397469065e-02 4.147498563487302115e-02
-4.455954125506662034e-01 -7.467120422389635914e-01 -4.072230509785351726e-02 -7.939372092044864049e-01 7.014865078144743027e-01 -6.939194041139435942e-01 5.530552150963301550e-01 7.123330652952618580e-01 6.743071657251372697e-01 2.296976347919739425e-01
-4.857543922205402077e-03 1.624674652671736219e-01 9.568659188485034717e-02 1.763291694370563295e-02 -1.507518046505265490e-02 6.140201346719785340e-03 3.756561067781875873e-02 1.845508290017989703e-02 8.030398199549643179e-02 7.973220065135537202e-03
-5.348083964487672093e-01 6.800718918392972823e-01 8.286307026905133377e-02 6.851919138536212150e-01 2.255261452544900791e-01 -3.245039476288594793e-01 -3.837662090114652425e-01 3.200908184947099389e-01 -6.045739353974789454e-01 5.596112621196143166e-01
-6.976378468349647699e-02 5.906023670472186904e-01 5.493300567506494980e-01 -5.612747362642535043e-01 -2.798908492161976125e-01 3.676617999747324728e-01 -4.134733525661360987e-01 7.202497080359621107e-01 5.175832450379220795e-01 -1.895293235910974206e-01
5.315368369479191168e-03 -3.715897704292457811e-03 -1.125855585241278441e-02 3.561982246629381843e-02 1.099875589182797153e-01 6.428833940830862292e-02 1.259454181840195981e-02 4.558654197446228989e-02 3.838477584373806845e-02 9.319623687388730107e-03
-4.213302748694126160e-03 1.202309491302744615e-01 4.514959411388917015e-02 -3.744520485501169615e-02 1.908541623753873262e-01 2.817774398891239110e-02 -2.325159077298856458e-02 1.204834903467069500e-02 2.681768620157635313e-02 4.030019470646470370e-02
3.422647469172023782e-01 -3.188770186002093388e-01 5.955106327317423176e-01 1.864058357645287656e-01 -3.493784718990306654e-02 -2.090144273197435953e-01 5.402649857017776114e-01 5.067657351601255744e-01 -4.532631533852447547e-01 4.087002645191605832e-01
-4.213562648755466711e-01 -4.419895227850557246e-02 4.405127702841621362e-01 5.789944281627812384e-01 4.677153813488446055e-01 -4.546005187723193841e-01 2.075105964213521670e-01 -1.357499202363854351e-01 3.156839554839373507e-01 -1.273055653313415192e-01
4.145925681449016964e-01 2.024955247756183574e-01 -4.652200277642388748e-01 6.349668587935606290e-01 1.742890281126598107e-01 5.296307393240540923e-02 7.444008629164485802e-01 -1.598686695908993483e-01 4.120507509263781620e-01 2.895719046808086228e-01
3.109313841005920676e-01 -5.498831876977434696e-01 3.644202854364966271e-01 -2.359808148141684936e-01 2.923347475616759339e-01 -1.800428812572728576e-01 -4.541620880658724935e-01 -1.671432064727984834e-01 -2.016238501584038112e-01 -6.815653142674767961e-01
-8.859660521971889210e-04 1.217456187435616254e-02 6.323496485076529616e-02 1.638953375149412861e-02 1.667337045592222344e-02 6.043842653315831259e-02 7.688482860247858146e-03 2.823944978378748350e-03 1.698614068104817645e-02 4.177045573964012493e-02
-3.760429030987449961e-01 9.351440320061570055e-02 -5.174434914313258416e-01 -4.408494869739213451e-01 -1.484711782519229119e-02 1.841096562381022150e-01 -4.619726327032760288e-02 3.485519248558887617e-01 8.954393275182929990e-02 2.415345886610887616e-01
8.297674729851544084e-01 -5.337672720411712479e-01 -7.693720598924340681e-01 4.700892764601407037e-01 5.960068153834070515e-01 3.149311555214108216e-01 1.115673325873182270e-01 6.657051869528861632e-01 8.042207108006910188e-01 -4.411909262174888435e-01
1.316852841219353374e-03 4.146519614803727272e-02 -5.876328274345596903e-01 -4.763410958060295131e-01 -5.774712247052066205e-01 2.848289915503044445e-01 -3.635274142874208025e-01 6.725263120696881591e-01 6.689827093418833359e-02 1.282936649205517789e-02
-2.937710058122986953e-02 2.161943616774518739e-01 -1.256079375687886024e-01 6.039157256902966120e-02 1.895934143237693048e-01 -8.349537070111395787e-02 -1.752533766038310292e-01 1.134072790122492985e-01 1.273699777921117604e-01 6.235852939962197722e-02
-7.259388036321689879e-03 -5.473391987226044336e-02 -2.290437543731679293e-01 3.533337059337850472e-01 -3.955130039584184853e-01 -2.643499698769596201e-02 1.676242277106354261e-01 2.107885579119386787e-01 -2.946851911733937013e-01 1.623289149133182729e-01
2.702258159374749669e-01 -9.014979873490350237e-02 -1.979723713256681117e-01 3.950001007333338587e-01 2.583766889066554384e-01 1.609306711827808989e-01 2.017216414656116397e-01 -9.017193815680482616e-02 -1.224470921822451569e-01 -2.120842051559898300e-01
5.477323540952180880e-02 3.994009715163955310e-01 -1.779812439219399800e-01 1.642163585057317410e-01 2.434661443489065102e-01 1.245145415811854672e-01 9.766796413551664946e-02 -3.290209853668905893e-02 2.344131757706447439e-01 -6.739742584246273538e-02
5.222543372790436900e-01 1.115893761743589618e-01 8.166425667003993638e-01 -8.842740196353031656e-01 -3.956940661005776128e-01 8.720083790166260895e-02 7.579953121129732185e-01 -7.725790607491302975e-01 -2.091002389933848127e-01 -8.073617670937235369e-01
-6.267333441215349188e-01 1.823876310638360421e-01 1.327205374198282828e-02 -6.650164614887033032e-02 3.358858095810839384e-01 -1.315020592563060642e-01 -6.816389518620659116e-01 4.604866776150947083e-01 -6.511209764223140350e-01 -5.961815466323153734e-01
1.072178443404050302e-02 -1.911478999639577500e-02 -1.655136048298967016e-02 2.406900042227220204e-01 -4.795364637774390260e-01 4.084286289050780283e-01 -2.016190063220968387e-01 -2.460287052226200338e-02 2.136018805524998732e-01 -1.153987314834094974e-01
1.707669891170029708e-01 -6.254399450707568420e-01 -8.071669459031943772e-01 -8.183846958473878219e-02 -3.100851255014697161e-01 -7.991877431172956792e-01 -6.671455730796627126e-01 -7.252896295775551616e-01 8.635639776859843630e-01 -5.173997272903003708e-01
3.677538704457296581e-01 4.725486506532804998e-01 -4.058207049915867060e-02 -2.680084094974434228e-01 4.402951306553188338e-01 -2.731871288773861095e-01 5.120841747677984390e-01 3.508320753980903595e-01 1.541475992840155573e-01 1.383306058951474515e-01
-3.188335334387329967e-01 2.924794104839083531e-01 -3.612382394610421515e-02 3.172139884032276758e-02 -6.891190290094033610e-01 -2.336855096109909657e-01 3.330709063408528459e-01 -6.512922076966402019e-01 3.844156213652602516e-01 -4.889097235392159043e-05
-1.701225546101859387e-01 4.724355764350890441e-01 6.103482076128333711e-01 -7.391774907127118821e-02 -2.030002148191931421e-01 -5.375925146101596663e-01 -2.578104451136924991e-01 -4.016819820957448495e-01 5.156841680681135687e-01 3.535582019998955716e-01
-3.802339184990971011e-01 -5.362047765020935275e-01 8.693396095408448820e-01 6.504506911855783002e-01 5.090296322921321615e-01 -1.410436884357472165e-01 -6.745775316958069201e-01 -8.365607484206569189e-02 -5.760756263953041856e-01 -6.630669666800663720e-01
-6.689219363665070694e-02 -1.096582668377981268e-01 -6.901490209084928384e-01 3.331810247587665419e-01 -3.807763016441759740e-01 -5.753254035316592852e-01 7.954020307941253032e-01 -1.531333908368430752e-01 -1.316852450561358245e-01 3.563635603922966077e-01
-1.494511522418725813e-01 6.055825328207725677e-01 -4.883622989592989461e-01 -6.682242482860790700e-01 2.552181018798931889e-01 1.322196379299937496e-01 -4.432466550825728963e-02 2.600690862706017681e-01 3.158395220304468509e-01 2.462495120056154285e-01
3.088575658954072489e-01 6.332466572715282904e-01 -2.220664566880022062e-01 3.519969560174933121e-01 -6.077541016069533120e-01 -5.775696452920309198e-01 1.101957221810824922e-01 1.916754472816064314e-01 -1.171722522782192993e-01 -4.398235819791863621e-01
-3.441122504394741877e-02 3.200746063089731086e-01 3.504517467276280218e-01 3.130430238310138447e-01 5.172456543109030802e-01 -2.777789687806360153e-01 -3.696586644094990715e-01 -5.280210458894898928e-02 -5.640531932507658608e-01 -6.215341573749833676e-02
-3.545569191996660319e-01 5.874248559518243651e-01 2.762942403919264600e-01 4.279047597510233225e-01 3.978462235276155612e-01 -4.541512587511826737e-01 3.549166863034717845e-01 -2.563643699074130144e-01 7.149245237732686498e-01 -4.215886876679318385e-01
1.029972200463332571e-01 5.434161885827853977e-02 2.945656869977373443e-02 1.149418074080300022e-02 -8.311895190853315490e-03 -1.842732360781175124e-02 -1.151416569226695451e-03 2.140245096728160545e-01 -1.235969888062394585e-02 -2.663353835692362781e-03
1.127168280266623718e-01 -3.301976812444325227e-02 -8.100633777055670989e-03 -1.423300465950039229e-01 -1.717993873073274946e-01 -1.213508859637111269e-02 -4.068798479813190427e-02 6.525209836103604277e-02 -1.030023387679637747e-01 -2.425815871809847424e-01
3.823463413094111418e-01 -5.486875738501022504e-01 -2.849002016906871382e-01 -7.030284277786256197e-01 -6.899392828667588740e-02 -6.919679954103193920e-01 -2.040924000992256349e-01 -6.344634297165737680e-01 -2.098147868598026697e-02 3.150873215371075564e-01
3.451155873988283329e-02 -6.483362144598556198e-02 -8.904827020142077817e-03 1.682649640958309035e-03 1.832805515217933445e-01 -1.368136543265112762e-02 6.605126448264402039e-02 4.620200934013150157e-02 -9.321653278716271473e-03 5.125493705826861257e-02
1.147697132996655656e-01 2.425668012652576755e-01 -2.946936234394018778e-02 1.305201124923481559e-01 -4.003024824102201229e-02 1.464645158761215260e-01 -2.552808771985378145e-01 1.699471343548133451e-01 -6.085933084343093241e-03 7.114343065747467942e-02
-3.783639524919527042e-01 -4.035149468002527384e-02 5.790331634804516403e-01 -5.126029222374069855e-02 -2.525022965703061506e-01 7.094300454617233909e-01 -3.177115814583578168e-01 -5.152811606743882278e-01 -4.077610618613650151e-01 5.450084929477309048e-01
5.803698500199494514e-01 -7.535974847017914979e-02 -2.596636765378713685e-01 6.618551764783717761e-01 -2.619432163902938315e-01 2.617169883118436458e-02 -7.756050782839556401e-01 1.503443320814795148e-01 -5.354940617136364489e-01 7.418639967122622192e-01
2.363304230356966240e-01 1.593120176833627277e-01 1.369081864216441582e-02 1.102685486099191509e-01 -6.739808302146296781e-02 1.014239743919006509e-01 4.934719901112365192e-02 4.599837555914459974e-02 1.078286068254854929e-01 1.289406853636809458e-01
-5.198674389950846964e-01 -8.461896231134442559e-01 1.559057703778336246e-01 6.036443985770393317e-01 -2.753876265984961935e-01 5.896320473146505758e-01 -8.403260028537091753e-01 -6.977815807576556728e-02 -6.876897025673287533e-01 6.391904277742318508e-01
3.673585396736969277e-03 4.458884042413181780e-04 1.259797182679355844e-02 -1.440543351811137546e-02 7.643202309201388434e-02 6.988315146363115182e-02 -5.743139708676642079e-03 3.815249467724704524e-02 -3.772048598912739609e-02 -1.551566392256037083e-02
1.980577653525526505e-01 -2.350337520645737754e-01 -4.370758241441876635e-01 -2.993536607308627251e-01 4.346758088276503340e-01 3.660237600554822612e-01 -2.096459372942680033e-01 -5.268006281315035233e-01 -5.150017512249960294e-01 4.886371121219413305e-01
2.759183326027453420e-01 -5.039672539211269564e-01 -2.062318170125754246e-02 -3.354284398983076176e-01 9.798390003469427401e-02 -2.892040105835891883e-01 -3.814375470935447709e-01 -6.194080563144937351e-02 9.013416447878223881e-03 1.761341006254253938e-01
-1.048566115714095609e-01 -2.697837225988002907e-01 -7.439354222812459561e-02 6.412472179990647003e-02 1.917130457222718520e-01 2.023121506431022343e-01 2.205424029435202327e-01 1.822499110815932744e-01 1.133971463174339445e-01 9.352253668055815483e-02
-8.559818082467742784e-01 4.488714183511892108e-01 8.837080727666010715e-02 7.403359170493579722e-01 -2.688914975299996346e-01 -3.179598491388645476e-01 -1.515054013679995870e-01 7.619821115069869144e-01 -5.128063647848667139e-02 1.400924060000929283e-01
-2.410807514994851575e-01 8.390379633514619129e-02 5.650986345964944535e-01 -4.027692997653896656e-01 1.992178661742317614e-01 8.061644725654574239e-01 1.950646740329650963e-01 -7.680249332021885783e-03 3.365386497174544522e-01 -4.146349233985114902e-01
1.071256743130519391e-02 1.081381820911562486e-01 -2.246636464766150337e-02 -8.223015041135676995e-02 9.778399627642567205e-02 -1.460801910677785032e-01 1.041323518486094030e-01 9.670875388311617887e-03 -1.841682848092573901e-03 -9.203485300895936083e-02
5.714690722694525105e-02 2.503803550042851475e-02 2.035035151202240766e-01 -1.684100202441219871e-02 -2.118637924713820397e-02 -3.958209366367847898e-02 9.026356592623753158e-03 3.206498594903067767e-02 -1.002173896056360314e-01 1.931470085506363163e-02
-2.850748596658522205e-01 7.618984002180063664e-01 9.133383507390241407e-01 -6.196532499701163932e-01 -1.046970382856027143e-01 -2.452378274348836484e-01 -3.178814216296477757e-01 -2.267684833850274473e-01 6.787892751971317251e-01 -3.963198932006191111e-01
-3.373746969214794222e-01 -4.367450216509434213e-01 -4.450637804596823677e-01 2.738879272494966211e-01 -2.331336912155292374e-01 7.290638608675230614e-01 -2.079812547119584409e-01 -5.147264707631775682e-01 7.482980120582771733e-02 4.376744446494484353e-01
-5.075730020385795793e-01 4.419330285002066039e-01 5.393675020072605797e-01 -3.210424352204505061e-01 -1.554704843999255570e-01 3.177183335797354458e-01 -3.198845256922614455e-01 2.311362584344532067e-01 -5.809998430141338766e-01 -7.117563129676908185e-01
-2.340794521816960128e-01 -4.525340131690069878e-01 -6.237169504737011261e-01 -3.827288033903028519e-01 3.782478868517992754e-01 -5.358791197076050450e-01 4.714071727041425908e-02 -3.165918715153739349e-01 -3.662199989845980053e-01 1.457800501340728305e-01
1.054607732398280817e-01 -3.888646755853707171e-02 -2.283617825783990363e-01 1.573964662590384977e-01 3.380400834039154478e-02 -9.319661671702511585e-02 6.490207503518677368e-02 1.583138644749501264e-02 8.953398340180077075e-02 -2.052055866044071863e-01
-2.533720138776966446e-01 1.633258561636954931e-01 1.975109374349146851e-01 -1.448640915439215193e-01 -5.743600339762147122e-01 5.610421835083265751e-01 -1.215725765168235162e-01 4.364126847420825572e-01 -1.755403835351692921e-01 -5.468826639839518000e-01
6.870222738169207144e-02 2.802752721761245583e-02 1.677767449361394769e-02 5.876195100693182988e-02 1.045480124264036165e-01 -1.876118266542682947e-02 9.934303177079727848e-04 3.233422598982592377e-02 4.708731291339956354e-03 6.304093160880614582e-03
-5.654606374985601258e-01 -2.821396826009104353e-01 -4.560801061013277646e-01 6.325109189398013809e-01 -4.841037275459013078e-01 6.904705078113997363e-01 -3.439581944151415827e-01 -4.549582435635131650e-01 4.821720131358611106e-01 5.615805595717775489e-01
-5.399095046190509617e-01 -7.971723153710698340e-02 3.621242183187444730e-01 -4.023681590012500968e-03 8.202566755121715181e-01 -2.675251658257732923e-01 -2.277219081689628999e-01 5.789933401083096065e-01 -2.556300592703348862e-01 4.227307940744722270e-01
-3.818667068279851806e-02 -2.475415630641277995e-02 3.236447479623130730e-02 5.974519164398841425e-02 1.725658161540611496e-02 7.269187704905920311e-02 2.193777488693423802e-02 -1.472368848686385172e-02 1.837481593344090624e-03 1.191467976910806220e-01
-8.790823618641650794e-02 2.310099300655026333e-01 -1.993535714924888486e-02 6.574487998132327871e-02 1.517702338002177298e-01 5.448163255616061268e-02 -1.232390577829096945e-01 -1.335675567167780853e-01 -3.973066088975357041e-02 -5.561117603831374628e-02
5.542451987781778569e-03 -6.860733702941368417e-02 1.548878416663615476e-02 -1.644221396800935320e-01 8.417461062858866416e-02 5.896868886436631291e-02 -8.169406563412347222e-02 -2.111864038327130322e-01 -2.667082771933931284e-01 -5.193532633546009691e-01
5.177760124748059800e-01 -1.007873615454309979e-01 -5.261033980388590825e-01 -5.594158733998639832e-01 1.223672891014581932e-01 8.618497990427299860e-02 -5.121389037167849434e-01 -6.817765877358011872e-02 -6.183269544915089844e-01 5.104228831706100200e-01
4.609896722171921146e-01 -6.362138515196033017e-01 3.782776166139282248e-01 5.747226623246641797e-01 6.291678891689874709e-01 -3.057013155039467467e-01 4.008926286779159742e-01 1.720307584602971396e-01 -1.274744246930061518e-02 4.826322220518037276e-01
4.188956502293038620e-01 -4.461396656012432960e-01 -3.764350331406249306e-01 1.653960925056056630e-01 -1.396373918791014856e-01 -4.134185709783901874e-01 5.023495768402569395e-01 4.220784682437072610e-01 -1.273740976442673534e-01 1.118138498096710870e-01
2.125820415414404752e-01 7.906207600467018981e-01 5.095673300195071587e-01 6.025118618485811872e-01 7.222737893186251812e-01 -8.031504300759133574e-01 1.674390876923820826e-01 7.928688551108132865e-01 3.089495359496274851e-01 -8.702827180595354983e-01
2.611854581765747363e-01 -1.124459043508479195e-01 5.051666491544689469e-02 1.321108981517647440e-01 -2.064749795080425832e-01 3.409517381870436625e-01 -2.995460259405425749e-02 2.481829805025400904e-01 1.366668103844393134e-01 3.485212035810065778e-01
4.322786995977759283e-01 -5.374905010006243433e-01 5.566587530972034736e-01 -3.542237481278404099e-01 -1.776600212664234124e-01 -1.609439757654881065e-01 5.568042721360145775e-01 -4.452731487659266629e-01 3.266839997901767045e-01 -2.321057602391841113e-01
6.766387347234890104e-01 -2.550036001543870556e-01 -7.074584532560286299e-01 8.932583712407800025e-01 8.626010642852723065e-02 9.341072077569158028e-01 6.929450204352914922e-01 -2.708447988666320971e-01 -9.290677505436950590e-02 7.890342439403916774e-01
-2.193017474804744849e-01 7.378151281722498088e-03 6.529437579635094524e-02 -5.206829892799346160e-01 -4.263783481591267299e-01 -2.379890476808790845e-01 2.159532634309352106e-01 -4.031138302480800628e-01 -2.951008734816755186e-01 1.426414862280437623e-01
1.324302926476825671e-04 4.875662332453473136e-02 1.552200143982160330e-02 9.553016427399652066e-02 2.032005200528406736e-03 8.032040314365025691e-02 -7.665225669165745071e-04 4.806214987205303935e-02 1.091526166374644918e-02 1.420141788613589820e-02
-1.265511610759318117e-01 -6.034079283181270625e-01 2.757836775963785625e-01 3.312744327094320484e-02 4.916544381780645900e-01 -4.561318028543603353e-01 2.473542869213549156e-01 -3.983800488276501017e-01 7.145890185935548367e-01 4.417546375158032945e-01
-4.830567035130265974e-01 6.761407111424295735e-01 -1.035377819300973418e-01 -1.625800373203102611e-01 4.553143362469704303e-01 5.135788206268315781e-01 2.686541546039353245e-01 4.593866837617773813e-01 -4.624677647615386133e-01 -3.979793841551084177e-01
-6.355512139627023105e-02 -4.111735707841577825e-01 5.375037434425945782e-02 -5.850386995061768874e-02 1.500163641529864422e-01 1.821275985422136368e-01 1.127271087555648532e-01 4.065800515607065901e-01 -2.679095713301000159e-01 3.241226309728573729e-01
-6.774086798605100102e-01 3.952154602687478757e-01 4.481628712030876205e-01 7.199214380439752370e-01 1.306621114822169860e-01 5.890212759565870426e-01 -1.913523184005083699e-01 -8.453247227855667512e-02 7.054182270544337996e-01 9.197277200002330899e-02
-1.490414410451782468e-01 6.238629095019170290e-01 -5.614668523835902869e-01 1.914830273916293957e-01 3.062898024846397727e-01 4.264273612279725345e-01 3.999851845869570877e-01 1.154915092885308858e-01 -4.287691023360244019e-02 -1.581523861193297464e-01
1.020426661677964301e-02 -5.192705716521988160e-03 3.206218089086760453e-02 5.364109557821405277e-02 8.052877881156217388e-02 1.731283267030853112e-02 1.007244002868601558e-02 9.993230102323422126e-02 4.514436887748716348e-02 4.355303277732268386e-02
-4.907774579558031314e-01 5.994440102021487693e-01 -4.901161250405171588e-01 -5.617947509089363418e-03 5.723059752683837820e-01 -7.475791130242542826e-01 -7.993271984214000980e-01 2.622108358513363657e-01 -3.389501399005694915e-01 -7.029647798269313963e-01
-2.113709383802643282e-01 -1.540874607641813665e-01 8.019623239881143451e-02 1.385185022494475615e-01 1.404582165469339117e-01 -4.120523121817499246e-01 1.103285433491654755e-01 5.763097169370591244e-01 2.046381285389286542e-01 -8.217274279485081712e-02
-5.440124350096349204e-01 1.966698383675013484e-01 -8.093641582677461033e-01 -3.328449088439648373e-01 -6.752151090687744661e-01 7.875450791651854299e-02 -8.323437432838309835e-01 -5.071825832102596632e-01 8.004506291974213816e-01 6.869230179643601719e-01
4.157791903734231465e-02 2.373898718051236853e-02 7.676205869419805428e-02 -4.033652713460648270e-02 2.095199151545131325e-02 3.877782577591779023e-02 4.113207645167121090e-02 4.650603332324038802e-02 -4.628316928776806055e-04 2.005625951347123417e-02
7.431011802275114264e-02 -2.028374324413375340e-01 2.923667505825303659e-01 4.332340282370135687e-01 -4.830223851562218118e-01 1.867024280834333194e-01 2.238142512394582229e-01 3.783700398216400390e-02 -4.937179392452067384e-01 -5.551481504303081849e-01
2.026202643988880003e-01 -1.078630819486557091e-01 2.039433077304863007e-01 -2.628022476143037495e-02 -1.896647492464567097e-01 -2.201400801547745978e-01 2.267602213249281240e-01 -2.298492977882416743e-01 -1.013779942728500194e-01 2.676963775193745287e-01
6.965858614082368616e-01 -4.799531549662944818e-01 4.768045609231436610e-01 8.245668362759117631e-01 6.134302950631741469e-01 -3.286271867636765542e-02 5.271072007469438381e-01 6.936985422359287501e-01 5.925118713859892638e-01 1.054212446169279782e-01
9.715270824446389786e-02 1.149791187203351300e-01 4.739384524441286328e-01 -1.431631898643495604e-01 1.858697237907633026e-01 -1.967426240042041141e-01 8.830403560833420540e-02 2.645833223036093695e-01 -3.720392083689343932e-01 -3.559039188782897600e-01
-3.568843529205442677e-01 1.337308958428547745e-01 3.852047566775717580e-01 -5.816048523000207915e-01 5.703597573320466907e-01 -1.207333032964705705e-01 7.210827805427112436e-01 -5.607879822594825647e-01 7.488308026994075495e-02 -4.131639283548992070e-02
1.539797261069382750e-01 -2.130378997871300584e-01 -4.066111527580116847e-01 1.193693000238263240e-02 5.086108402326427330e-02 3.391037889879939399e-02 3.718015930583238871e-01 3.750050571601560856e-01 -2.805678887649064313e-02 -4.784505851358902828e-01
3.043790015714709085e-01 -6.138854537939908429e-01 -4.680701145434241761e-01 3.029171444046292391e-02 1.540924354603883106e-01 2.915383759171498723e-01 -2.633598401363853037e-01 1.998593348987058593e-01 -2.633066236402029081e-01 -4.027233087832433056e-01
-3.650522481509647227e-02 3.794374216634101016e-01 3.164103583593694813e-01 1.806110966980737087e-01 -4.922474751895976330e-02 2.229546110020192151e-01 -3.217474844643084531e-01 1.829591770414986940e-01 -6.673146455158704806e-04 -4.137465512970696646e-01
2.500777044577831565e-01 -1.879727865409753507e-01 -1.561970341325285005e-01 4.513957654285407073e-01 3.865320027760986710e-01 4.693693189333399962e-01 6.905121940356028221e-01 -9.483129175530034816e-02 -2.886133506590682352e-01 3.426030245888597725e-01
-5.087993220622087920e-01 -2.094873868748425849e-01 -5.615897763879112992e-02 -7.257904502880982434e-03 2.659502877704531532e-01 -2.236880242184706435e-01 3.131847360564225281e-03 -1.823876786321235732e-01 -2.860310491248487796e-01 2.358966317775582078e-01
-1.331483707701208163e-01 -5.539955283397461627e-02 -2.012305790838583852e-01 1.816119856574212321e-01 1.555781897389526269e-01 2.230671994712820905e-01 -4.834363537075404837e-02 5.656608311661052296e-02 1.910478686219038800e-03 -3.167682461957588985e-02
2.091783668270873475e-01 2.433353806492774551e-01 1.702677341802918964e-01 -2.131195675923853172e-01 -3.638720651219093383e-01 -2.433390114545840310e-01 2.402636787373031713e-01 -3.068917738911691173e-01 3.483083566946738596e-01 6.466438249070059763e-02
-1.976187762956285393e-05 5.352885367507674852e-01 -4.410903033238224302e-01 4.749481433990918600e-01 6.461664620391067704e-01 1.768738342776396688e-01 3.234138496627037562e-01 2.757328494882178016e-01 -4.688935375549205808e-01 -6.461543411116335012e-01
2.796990195663361933e-01 -3.683353673375897586e-01 -3.848576331364652048e-01 -2.308281565171280969e-01 4.673240497549643879e-01 -4.051096936729993436e-02 2.079468987022609766e-02 5.133553079187908041e-01 2.600428168431505593e-01 -2.422862558100492281e-01
-6.536508699427023839e-02 2.960907238455397494e-01 -2.507728684138876285e-01 1.818205950910121993e-01 -5.113651317946669161e-01 -1.680193319440441979e-01 3.094495300500984536e-01 -2.796873033961553290e-01 6.665852223946696631e-01 4.493254015355166442e-01
-2.303665447698191766e-03 9.145921364773601514e-02 2.078908253521224159e-01 2.013554534415596953e-01 9.085228242009560362e-02 3.475830123498941937e-01 1.667933315250248738e-01 -1.097292981748127089e-01 8.460675407010129212e-02 2.474535041588233342e-01
