6.295672356729439256e-01 -7.967035863851897881e-01 -1.149692654712978629e-01 -6.200724622784813400e-01 3.226429859404351119e-01 -4.555640614742906824e-01 3.511753723693146756e-01 5.925255970758769308e-01 8.040774762156079891e-01 7.081473305520417094e-01
1.494890334873289761e-01 1.206239489016744243e-01 -3.884175708535599902e-01 4.039353552599916353e-01 3.958138888118559184e-01 -1.080103084362852989e-01 -2.521725263643709858e-01 -4.316793272131263515e-01 5.164032643857904281e-01 -2.683892861867282487e-01
2.789512895051812214e-01 4.417586246184557197e-01 -2.000208327983812873e-02 6.560249089337324424e-01 -5.671387579728662809e-01 -2.936462904436213384e-01 5.552161104059534225e-01 2.503178294339054033e-01 6.816511334504243846e-01 -2.661423150159812900e-01
1.611464673161898120e-01 -2.101887196862762264e-01 -5.697814891785388941e-02 -6.028576007510197399e-02 -1.670401563271001755e-01 -1.849463194983113346e-01 2.302414398722295585e-01 -1.990031348975749848e-01 1.673579084266619554e-01 -1.073015242232128325e-01
-2.280297654690617831e-03 -2.526164984442152376e-03 5.176092272095469266e-02 -1.254215291673005210e-02 9.659374809572100762e-02 7.975877973286539177e-03 1.695914499079107657e-02 6.123731262489947452e-02 3.189008373861166971e-03 3.303588973054377015e-02
-4.455960434636393463e-01 -7.472327468808096507e-01 -4.070519391868750170e-02 -7.938337891633256982e-01 7.016430570357410357e-01 -6.937990054282686669e-01 5.531182952415361065e-01 7.118257471244869850e-01 6.744210931760910022e-01 2.297492544437154949e-01
-7.501366303186145224e-03 1.531627748801303035e-01 5.409579314215008650e-02 6.165918395319493553e-03 -1.358063521894255742e-02 1.426332884733065576e-02 3.922384132051457556e-02 -3.202987069403462166e-04 5.091257938590295490e-02 2.942289730723057425e-03
-5.349677071427708652e-01 6.804050443363489631e-01 8.065346845893785199e-02 6.856093214063539998e-01 2.258817519093278825e-01 -3.245594102897917943e-01 -3.838988082008114588e-01 3.203118312715707017e-01 -6.048025770643792320e-01 5.599198696040469381e-01
-6.941365112935508896e-02 5.907357982334827673e-01 5.500792296773387990e-01 -5.605051747800100514e-01 -2.787711713168806726e-01 3.699946832815873554e-01 -4.189488417778592932e-01 7.196119638587749057e-01 5.170798355637461485e-01 -1.897482533669625493e-01
5.812586356933186794e-03 -2.865531834934178807e-03 -6.947879624323798943e-03 1.465256969319071040e-02 6.109055775705569263e-02 3.469481501302763143e-02 1.100898229389560973e-02 4.683655425842576242e-02 1.924763858337583816e-02 2.549244433211507455e-02
-2.493555782251981670e-02 8.467847613149551145e-02 7.904757410727344946e-02 -9.592300317276925004e-02 2.391460841634001355e-01 -2.083249594121657378e-03 -3.260884463206651512e-02 -1.179973345647127025e-02 2.718484929643230977e-02 4.785597923922526448e-02
3.423098999629100581e-01 -3.189046408906676122e-01 5.945577705356156484e-01 1.864259210658442967e-01 -3.494008674757158317e-02 -2.090341870892593046e-01 5.403179835236484596e-01 5.067483543024968728e-01 -4.533072144305859696e-01 4.087417439403788766e-01
-4.234319059436042476e-01 -4.349872630792590844e-02 4.435143790298531341e-01 5.823923430720180372e-01 4.658818146943897731e-01 -4.637254797816384722e-01 2.075694384513981638e-01 -1.353307736006892359e-01 3.166991765705454709e-01 -1.286540662016144310e-01
4.166823714574442450e-01 1.998665728937730202e-01 -4.654561815499548283e-01 6.379536762278497086e-01 1.758060133135775915e-01 5.490833874541481419e-02 7.418702319763681441e-01 -1.618166165120335787e-01 4.116908668801079751e-01 2.862795915231403088e-01
3.106893329038309948e-01 -5.501302772962611831e-01 3.575801322215654277e-01 -2.366655702284457818e-01 2.908169858324559653e-01 -1.810929929599297827e-01 -4.552917302292903146e-01 -1.670872707356285680e-01 -2.009296067890590232e-01 -6.843988618492939935e-01
-3.163768503044171385e-03 1.323853871239365557e-02 4.529409630266297698e-02 1.764801944774382556e-02 1.443145053054275574e-02 3.446034179062677782e-02 3.471550852457749685e-03 -2.883973325485505914e-03 2.338148003061146438e-02 3.783055344529325653e-02
-4.225879735045933727e-01 1.033013526496596585e-01 -5.562678943095085149e-01 -4.794856832137357472e-01 -1.081957625622229427e-02 2.098369943048615516e-01 -4.239203296892951611e-02 3.647464093183512834e-01 9.803734111593437328e-02 2.429173909675070020e-01
8.297687529152310004e-01 -5.337680953860333144e-01 -7.693732466615853527e-01 4.700900015806390164e-01 5.958831083409722451e-01 3.149316413079365495e-01 1.115675046817773824e-01 6.657062138141681684e-01 8.042219513244637241e-01 -4.411916067618030235e-01
1.582756411096381596e-03 4.203044065584165406e-02 -5.901550052403335966e-01 -4.771753436101700552e-01 -5.784856416086485709e-01 2.855865198067281119e-01 -3.642077976108589743e-01 6.683541298978656897e-01 6.725293092185846699e-02 1.282868041542029741e-02
-4.906956025381445374e-02 2.567292408625890809e-01 -1.381374831312347506e-01 6.048967108149119060e-02 1.855653956755160816e-01 -9.177892621042842147e-02 -2.174737814031278138e-01 1.534701073024196949e-01 1.572374033951021155e-01 3.359208493437634835e-02
4.172526482349521080e-04 -5.473349681240941705e-02 -2.439837977882307329e-01 3.686196227199512454e-01 -4.129929856583407499e-01 -2.463476276729106157e-02 1.806063202974792781e-01 1.864230125041274611e-01 -3.133738342639163510e-01 1.796111871579281205e-01
2.809344816846564008e-01 -9.438806649767529644e-02 -2.428589630161067658e-01 4.077161290038349706e-01 2.705938641157464297e-01 1.661610281467997829e-01 2.151875383814108311e-01 -8.741894882191843241e-02 -1.279825731111283726e-01 -2.138561112427382616e-01
6.103682299520402782e-02 4.300710732165049510e-01 -2.183353624789567127e-01 1.771209936573679700e-01 2.623733839972959836e-01 1.351188815081983685e-01 1.047220944553842320e-01 -6.680744804218401167e-02 2.518300663396621508e-01 -7.161278693290676345e-02
5.222945646048071655e-01 1.115294811954811727e-01 8.166509198077163134e-01 -8.842819704845833462e-01 -3.956387084525715414e-01 8.722676756194834569e-02 7.580258776398974829e-01 -7.725552110146872709e-01 -2.096292729151167933e-01 -8.078287497900712433e-01
-6.274393080055620242e-01 1.830484703831548321e-01 1.219887986698591116e-02 -6.603058651991716710e-02 3.367650841833991215e-01 -1.371474378224407376e-01 -6.832795717502750943e-01 4.638050918547126367e-01 -6.521256111461947169e-01 -6.021767060908631564e-01
1.159166597361468640e-02 -4.755518427646325541e-02 -1.610492984756827645e-02 2.503692815214879075e-01 -4.923713718855636801e-01 4.268240029835200233e-01 -2.085410666863524165e-01 -2.471426025311202271e-02 2.221689256497342280e-01 -1.166127683706110613e-01
1.709644462856561298e-01 -6.255162927656569005e-01 -8.097570868581164261e-01 -8.167195475942641558e-02 -3.101287445332124304e-01 -7.991111222767376399e-01 -6.674075053210924979e-01 -7.254347825390611293e-01 8.640653889448643987e-01 -5.172054494302176231e-01
3.691147475797378341e-01 4.743478976705073902e-01 -4.057808994231582728e-02 -2.686051189267811834e-01 4.391627053407574088e-01 -2.808608911736238944e-01 5.139980575889340209e-01 3.522425857567783591e-01 1.548696172120290204e-01 1.386104238414826717e-01
-3.190123609930057835e-01 2.884615126690963094e-01 -3.534686082455485573e-02 3.109386594138644280e-02 -6.906578035998574006e-01 -2.404916035971055022e-01 3.288163502426054707e-01 -6.536765469657103145e-01 3.863965675769303609e-01 1.122555186099353283e-03
-1.734168678144900333e-01 4.786769114847282403e-01 6.150056940575049369e-01 -6.974355349857366826e-02 -2.222929629006148156e-01 -5.407924979340322791e-01 -2.600227033684869293e-01 -4.139725763650154433e-01 5.215853239835963606e-01 3.625286428174892550e-01
-3.794169078351830593e-01 -5.427306277943881874e-01 8.691147779396040107e-01 6.493154671834957536e-01 5.111213493465335267e-01 -1.407643681472954544e-01 -6.768773563578022179e-01 -8.306574537869980401e-02 -5.789920204588743236e-01 -6.626021564027888555e-01
-6.648779220195411011e-02 -1.096659554716956086e-01 -6.922490699347924048e-01 3.339061943345614236e-01 -3.806183875116103676e-01 -5.823735303674257846e-01 7.986811854346342887e-01 -1.509808402383382153e-01 -1.319637116205658323e-01 3.530891750033939291e-01
-1.485536208498390298e-01 6.076341821686114253e-01 -4.887212910992624337e-01 -6.694893272824928854e-01 2.553250476480085629e-01 1.316883942459385060e-01 -4.273229465444748632e-02 2.513113560687281756e-01 3.149176247863433864e-01 2.502013237268232437e-01
3.104989437495532800e-01 6.366477881785850279e-01 -2.221271413509567361e-01 3.542957351675592448e-01 -6.193389803460827014e-01 -5.809341606396872804e-01 1.079606479165473171e-01 1.937836974683566083e-01 -1.161145036197997055e-01 -4.417922015105565925e-01
-3.385905183617759356e-02 3.151628388961921767e-01 3.519999618627974725e-01 3.137293395485254988e-01 5.179516211225366762e-01 -2.794411353615245952e-01 -3.706930363362523351e-01 -5.372392063934998407e-02 -5.647281954700410500e-01 -6.159905634661379248e-02
-3.529410446829361336e-01 5.907780326762953615e-01 2.740421873176751566e-01 4.300518661398124998e-01 4.041138658135854378e-01 -4.504928987090527359e-01 3.575755419234046273e-01 -2.650980256309079519e-01 7.192042545030655765e-01 -4.223183495299703272e-01
8.311546083670501295e-02 2.794095151424656753e-02 3.655095323121092254e-02 2.744349298775615020e-03 -5.170058086620150234e-03 -2.710088344543651676e-03 1.805603113314697495e-03 1.344661714486197757e-01 -9.583713408400484218e-03 4.158634296041626571e-03
1.736823366288488546e-01 -2.146939156888758721e-02 1.042238668216290999e-02 -2.071648278428516177e-01 -3.013907825914806660e-01 -3.791876873460153612e-03 -7.246239717091962351e-02 1.323272773666136493e-01 -1.254842664782707118e-01 -3.306925284230036732e-01
3.832725832659181209e-01 -5.494891192406216041e-01 -2.865174990983102576e-01 -7.038592522213943381e-01 -6.874723626263143372e-02 -6.975935822436408751e-01 -2.024175617590819876e-01 -6.333960264722254818e-01 -2.119967161191197574e-02 3.075071471986488558e-01
2.193776780751954120e-02 -1.044191213757152403e-01 5.423874255055759902e-03 -1.706123484668725654e-02 1.668854605724177376e-01 2.103199905183269353e-02 7.423495892242293337e-02 8.434831742181947423e-02 -2.898343282085319092e-02 8.679638700202869928e-02
1.162755876194040000e-01 2.513265322634909427e-01 -3.964734469902287534e-02 1.008501415706349186e-01 -4.567219958970076404e-02 1.852012706766514027e-01 -3.076555219761660798e-01 1.934192251706400301e-01 -1.220875012433092705e-03 7.212116043969919732e-02
-3.871280363230148458e-01 -4.154902981610678059e-02 5.806708547466803427e-01 -5.050579333044259017e-02 -2.540470665114652471e-01 7.136695116392269833e-01 -3.185806157455508547e-01 -5.213765684433201431e-01 -4.079552479132589893e-01 5.407150588958508086e-01
5.804148552125029115e-01 -7.633481609924765154e-02 -2.596748974125730469e-01 6.619144974388737612e-01 -2.619678160898084029e-01 2.610006422776770321e-02 -7.756588358758815804e-01 1.503441007311183963e-01 -5.355128136279342366e-01 7.419138045417681404e-01
2.552000546856466601e-01 1.773479350396774956e-01 7.154632565879599435e-03 1.187781019025251905e-01 -7.612869147627446265e-02 4.968080683997617292e-02 4.466608935781782308e-02 5.841652323705898153e-02 1.223168192940997656e-01 1.447281063907897014e-01
-5.196722160303838267e-01 -8.467334840593654377e-01 1.540439630013102357e-01 6.034632936597532638e-01 -2.750695493218409116e-01 5.897383874450414787e-01 -8.404601057324283531e-01 -6.941551723666210261e-02 -6.877306294447682600e-01 6.392250664731540244e-01
-1.507419240114671669e-02 2.835438277801828263e-02 5.644432915367719739e-02 -2.710964418702570614e-02 -2.975844577834104582e-02 -9.731869467418718944e-03 -9.452584794045512662e-02 5.517672820666036371e-02 -8.172018165763050845e-02 -6.576979574162629405e-02
2.018335156522951812e-01 -2.369931540095421840e-01 -4.394670583885162962e-01 -2.986595450386430040e-01 4.334495833970653522e-01 3.667544702955442548e-01 -2.064631239768317528e-01 -5.421751345245620080e-01 -5.206474488039654069e-01 4.965422457766907050e-01
2.834680452440392906e-01 -5.183523676689535398e-01 -2.137073585918954771e-02 -3.453274930284199740e-01 9.687945979316256451e-02 -2.986814308038609478e-01 -4.153257408341600732e-01 -6.599143144453051280e-02 1.048090888948804804e-02 1.815581667387322073e-01
-1.175401171694521740e-01 -2.977720763876931520e-01 -8.043400689850989382e-02 7.574753307127200797e-02 1.622198595997497161e-01 2.251475315837219437e-01 2.459490448635494042e-01 2.060281259765586181e-01 1.305551490922881586e-01 6.160540418679606028e-02
-8.565253585914618384e-01 4.481004554475006008e-01 8.862492839559535374e-02 7.385281123645860424e-01 -2.690104162006883293e-01 -3.179861647742820430e-01 -1.515841789420576680e-01 7.624662228376734019e-01 -5.122834555858442329e-02 1.403241026495561927e-01
-2.451938454704040982e-01 8.411906098358019890e-02 5.659478463165452666e-01 -4.033855374929357085e-01 1.996722452267104542e-01 8.072559594888758516e-01 1.952997577164169718e-01 -7.691078949811355064e-03 3.370152134392324639e-01 -4.150912683671277303e-01
3.900789173054567197e-03 1.469882285162066315e-01 -6.108148283128983502e-02 -1.570582884435572646e-01 1.823255975553785546e-01 -2.147190610456712057e-01 5.220273003312570805e-03 2.272963719109689570e-02 -1.131548549934514696e-02 -1.438391504115638930e-01
7.717598465271773012e-02 -1.825214219237926427e-02 1.647365855688712466e-01 -1.462610978549671280e-02 -3.901390589204400960e-02 -4.831928641287066423e-02 -2.627079463479511587e-02 2.960485258127044245e-02 -1.447018022290327000e-01 4.468460703456361705e-02
-2.860142953036062252e-01 7.673240251583292038e-01 9.164557879963538545e-01 -6.225843974050258023e-01 -1.041696520990439689e-01 -2.617479181542750055e-01 -3.140526509191606253e-01 -2.219401041764013371e-01 6.825995851962363137e-01 -4.091426470406920313e-01
-3.396666025464577521e-01 -4.367278078170547806e-01 -4.448920819700797891e-01 2.752382341464604809e-01 -2.322211140731929024e-01 7.256994288870542986e-01 -2.104092086103391546e-01 -5.145346889024606796e-01 7.551095730736637202e-02 4.402805301582932151e-01
-5.075990302853626845e-01 4.419711862791297352e-01 5.394378668147316036e-01 -3.209823313424555180e-01 -1.562982405549832310e-01 3.177329861060859684e-01 -3.198845357694553027e-01 2.312896147287047954e-01 -5.809659540739717798e-01 -7.123553945360600048e-01
-2.355761828801925528e-01 -4.540393350201962774e-01 -6.265156531298257114e-01 -3.944086478001617158e-01 3.808611328853377942e-01 -5.380285379463553008e-01 4.830632652705799807e-02 -3.183043348978925602e-01 -3.674750035608155829e-01 1.487052342875715971e-01
5.851262261466544379e-02 -4.600000945502018962e-02 -2.486614473032286721e-01 1.765636766509732225e-01 2.763503406858735384e-02 -9.494973965080022449e-02 6.782279510210166562e-02 -1.221324408983065317e-02 1.032719708284305232e-01 -2.374523999622774606e-01
-2.617309226766955654e-01 1.655122031761065149e-01 1.987994697839973179e-01 -1.494147755119068499e-01 -5.798081128924171823e-01 5.645649528010205920e-01 -1.296868390435849394e-01 4.419492893876880713e-01 -1.791848110747539802e-01 -5.519187928694827550e-01
8.670753458139494885e-02 4.174757109867277549e-02 1.125467191958232256e-02 9.940933269900088798e-02 1.178002711037439976e-01 2.862644702800529878e-02 3.133874871861325184e-02 -9.146503600334874098e-03 -2.741401188403909395e-02 1.240455859201632441e-02
-5.664403111885315534e-01 -2.823403717907054244e-01 -4.574340024620876521e-01 6.323736870960849910e-01 -4.816146043721545311e-01 6.953501404583306567e-01 -3.440267927615729970e-01 -4.620548492355838199e-01 4.826440372936286471e-01 5.606130675440822442e-01
-5.397655841360010642e-01 -7.965176336715625027e-02 3.621912848297053067e-01 -4.000552591547793489e-03 8.202704221177795629e-01 -2.675051561243738107e-01 -2.275867155867603853e-01 5.784768977613230501e-01 -2.557223614796606537e-01 4.230076629054842496e-01
-9.922090759942671367e-02 -5.451856669115386078e-02 6.006477144633963483e-02 3.801411996453175207e-02 -2.255377417336620893e-02 -1.784715775278276342e-03 5.414944857632784936e-02 -5.741878401815839889e-03 1.457795372896558174e-02 9.787582661349154833e-02
-1.088161676386556198e-01 2.417056219809700923e-01 -1.305089636936646730e-02 8.758355082652709289e-02 1.924964797907973146e-01 4.140465184770499019e-02 -1.773905132123377582e-01 -1.459658770031380115e-01 -5.832563149912300959e-02 -9.159945567710794934e-02
1.136516593345960127e-02 -7.913227725054761130e-02 1.079685265956032911e-02 -1.825296219199512016e-01 1.117681359507838312e-01 9.361571405229751619e-02 -8.832705951389770160e-02 -2.743019649321473685e-01 -2.866343125817130133e-01 -5.734679618368287990e-01
5.240556116915557894e-01 -1.207174832007499032e-01 -5.314163172074026775e-01 -5.670521233962471097e-01 1.277411995492090668e-01 8.745357821744115245e-02 -5.201055570688341012e-01 -6.681220859459363615e-02 -6.283669728632911289e-01 5.162803181722162016e-01
4.625120718924833896e-01 -6.369832570051564558e-01 3.788148612191082898e-01 5.754408426643801144e-01 6.315015577556168935e-01 -3.041144843048029789e-01 4.017768602655475418e-01 1.688581454571473905e-01 -1.222731609064727810e-02 4.822498077519165038e-01
4.264515024880976002e-01 -4.507183518085989271e-01 -3.963274096443783479e-01 1.707278053805301177e-01 -1.395191115643651669e-01 -4.171525603574300911e-01 5.110000797646849779e-01 4.281957951492104675e-01 -1.287861378899977649e-01 1.135819105465780132e-01
2.113255087827819734e-01 7.912856562979314612e-01 5.096925437717978458e-01 6.022429495469679983e-01 7.223463237432923290e-01 -8.033568974263252116e-01 1.672193177837454359e-01 7.939032690014777849e-01 3.088718174305538633e-01 -8.709744066757244552e-01
2.937090125335624080e-01 -1.214104812339682760e-01 5.463687448553924964e-02 1.367113481746140558e-01 -2.035528330113228479e-01 3.905147787723303732e-01 -4.021686464817229162e-02 2.321388084328906143e-01 1.441730298780349029e-01 3.400246929113195926e-01
4.344884841195034708e-01 -5.482836869304736904e-01 5.582799474543070906e-01 -3.534795534908210524e-01 -1.768307557792826168e-01 -1.569364069463878575e-01 5.525470949073371107e-01 -4.481893274271000482e-01 3.281080970156415866e-01 -2.356156378760774217e-01
6.766387347234890104e-01 -2.550036001543870556e-01 -7.074584532560286299e-01 8.932583712407800025e-01 8.626010642852723065e-02 9.341072077569158028e-01 6.929450204352914922e-01 -2.708447988666320971e-01 -9.290677505436950590e-02 7.890342439403916774e-01
-2.181042052302056555e-01 5.701815865431785098e-03 5.733343240961453341e-02 -5.284633765046115039e-01 -4.312542721299916226e-01 -2.342205507084083871e-01 2.236828529898404472e-01 -4.094240678988829152e-01 -2.994695742036118102e-01 1.456725044507858891e-01
4.272117198669010685e-03 3.968651992905877085e-02 1.458494276578583410e-02 6.293970897489600813e-02 -7.840244569685159842e-03 5.487146378481601305e-02 2.022878864727880970e-03 3.628518688649045448e-02 1.307461608567122950e-02 1.729046833148692106e-02
-1.252615917443320182e-01 -6.038432451721472694e-01 2.776687271397901280e-01 3.270158316161920348e-02 4.892569734022569894e-01 -4.552493215214719058e-01 2.439732791350213148e-01 -3.968986545110518294e-01 7.160716652465695109e-01 4.419380801139174975e-01
-4.827857792425718220e-01 6.689371583338831195e-01 -1.043244374158218413e-01 -1.642760520068098640e-01 4.578705204347856550e-01 5.146103170125349013e-01 2.671400945182972886e-01 4.609470385530081149e-01 -4.651872338942541485e-01 -3.976585514753441242e-01
-6.861749113832618652e-02 -4.262566193692695626e-01 5.940375403666951076e-02 -5.538675663172157315e-02 1.667849446602654162e-01 1.712499680326539930e-01 1.160030856037661401e-01 4.180506652385866939e-01 -2.852936615099601614e-01 3.345032816186273017e-01
-6.776958466435469841e-01 3.951428527080289022e-01 4.483858154440077404e-01 7.206241254477685487e-01 1.307896446378658539e-01 5.895340668863718880e-01 -1.914250902484772310e-01 -8.658968342222028713e-02 7.058481039612187757e-01 9.201750208909845186e-02
-1.491945232562615353e-01 6.245433453475125463e-01 -5.616914054097196241e-01 1.917879917097672915e-01 3.067345056325561092e-01 4.220996148756679389e-01 4.003954320778603804e-01 1.156547355502443586e-01 -4.277708387984239385e-02 -1.580652679667722549e-01
1.096939564460304092e-02 -8.468198681890734547e-03 1.389432768825553735e-02 4.863821712439612976e-02 6.248348619415769467e-02 3.372318795011072790e-02 2.827259175519177253e-03 7.032561037155089789e-02 2.227792097894665257e-02 3.886931418413703404e-02
-4.907594646494438662e-01 5.984004576175111501e-01 -4.899839378360481557e-01 -5.544859045070495152e-03 5.721826364957294242e-01 -7.475828034054625704e-01 -7.993043023569080807e-01 2.623492011335571417e-01 -3.388815052349755663e-01 -7.029663859255672609e-01
-2.166096217288565884e-01 -1.739970891359008676e-01 8.285246512539307107e-02 1.394172204271082460e-01 1.456799226071164022e-01 -4.214028768027255900e-01 1.130886618210696359e-01 5.761570412304218847e-01 2.106137548631170642e-01 -8.325070002907092315e-02
-5.441431242586183270e-01 1.975131142301453369e-01 -8.116311939814163656e-01 -3.336119091497003475e-01 -6.752701859779589588e-01 7.847593067193103789e-02 -8.327010623076109841e-01 -5.073372174704229298e-01 7.995592525295622810e-01 6.880710410171464453e-01
4.497363321505629119e-02 3.631108645145027236e-02 8.240110926983006123e-02 -7.545023550249126132e-02 2.166580770940100542e-02 -1.005130030617514339e-02 7.619794945846403850e-03 5.301844410143296063e-03 -3.264510581963963112e-03 9.232872794258144972e-03
7.628290700523590595e-02 -2.080306548345004225e-01 2.932241664070386888e-01 4.337848853549626238e-01 -4.839995662682081146e-01 1.827396827761154363e-01 2.290998064031651016e-01 3.632807258221634750e-02 -4.974246627007058441e-01 -5.596331007155534998e-01
2.547245325748037081e-01 -1.288690583792327093e-01 2.532858839719208666e-01 -3.560314851364088790e-02 -2.155435444245333287e-01 -2.563098274147584954e-01 2.236887396964744867e-01 -2.909758411511842446e-01 -1.398224013898777818e-01 3.257126351856359237e-01
6.966187217970745138e-01 -4.806261110180095053e-01 4.769200766744263742e-01 8.245864611619161400e-01 6.135122039753080347e-01 -3.284399795738893874e-02 5.270957241729913312e-01 6.937013270583770597e-01 5.924948398435713193e-01 1.054268781805028227e-01
9.377400556488151018e-02 1.159762053062582676e-01 4.678838828961294216e-01 -1.441725790423581399e-01 1.882262495281836201e-01 -1.976363977752703949e-01 8.898421194321645689e-02 2.663579789365467798e-01 -3.731108429075375432e-01 -3.569633697614382761e-01
-3.572689215591277057e-01 1.337796918337112451e-01 3.853723923400044216e-01 -5.818511185584002154e-01 5.706253902934097511e-01 -1.230653885320421165e-01 7.214007623754701282e-01 -5.610292466491297869e-01 7.491608087147712258e-02 -4.131130636273402240e-02
1.600498957959964608e-01 -2.216167801901642032e-01 -4.230880831391546359e-01 1.310075940675907609e-02 5.102666857635419079e-02 1.346480408379549087e-03 3.887443099406837632e-01 4.001793998416514619e-01 -2.900622023171098990e-02 -5.164147804997225588e-01
3.056434093330190338e-01 -6.161457893724812118e-01 -4.749005405055712337e-01 3.026435687117238690e-02 1.554565686987870177e-01 2.926159216342978375e-01 -2.638120718693915401e-01 2.010298355414643912e-01 -2.687817751146223677e-01 -4.037087172436377158e-01
-3.725978338450261496e-02 3.736267407407199981e-01 3.206864809419103235e-01 1.840927341259263883e-01 -5.820135446613650815e-02 2.226268819788141118e-01 -3.251063137444588635e-01 1.855306604223186662e-01 -2.614546906908794301e-04 -4.197451759510398284e-01
2.508584395299471304e-01 -1.880411010112394976e-01 -1.575338393843402351e-01 4.526198321154611404e-01 3.879106148143556254e-01 4.653671849721773834e-01 6.941303804163059255e-01 -9.277829707306557705e-02 -2.941497754855038615e-01 3.396314805395366787e-01
-5.135105751627209170e-01 -2.175453365528999539e-01 -5.316498844739862145e-02 -1.124436867287080186e-02 2.641500949113682051e-01 -2.489211796939823085e-01 5.620546319707823285e-03 -1.837856436077697497e-01 -2.875395416797333348e-01 2.403110979991404383e-01
-1.840571849216536826e-01 -8.314965916259875467e-02 -2.769111684795770301e-01 2.833754226458950476e-01 1.901148104914080483e-01 3.385152415953397442e-01 -1.370159945320647277e-01 5.483597877953213379e-02 -1.565632821009619192e-03 -4.064946354507671666e-02
2.156247575299061192e-01 2.403120643759157071e-01 1.746653943674320864e-01 -2.163258649216593110e-01 -3.664850369032557342e-01 -2.440534513483125778e-01 2.292446261033629640e-01 -3.197530675269882328e-01 3.555325154278610733e-01 6.602395701283719776e-02
-3.578761638074408108e-05 5.339352974027637977e-01 -4.411222950206772353e-01 4.750969803979728234e-01 6.464151599296023010e-01 1.769970535450649807e-01 3.232918463331013736e-01 2.758150983222941721e-01 -4.689582046514050861e-01 -6.462340727197075640e-01
2.855224439709451167e-01 -3.763013991206514697e-01 -4.032017817308597429e-01 -2.355208008016092813e-01 4.771840471514819937e-01 -5.594577993400075971e-02 2.102274451866271640e-02 5.241835686639200187e-01 2.650640321382493059e-01 -2.480207020834223341e-01
-7.115787499101407232e-02 2.979805697175482160e-01 -2.515130889276532278e-01 1.814198209686251895e-01 -5.126783881878340665e-01 -1.679188272776508395e-01 3.095781048919505340e-01 -2.776710766262762142e-01 6.695310904508194882e-01 4.523087150402635426e-01
-2.477822673510474485e-02 9.926359596651243566e-02 2.291823761388611103e-01 2.115499989081292276e-01 7.788116199163434838e-02 3.756418388775052963e-01 1.734229358115702280e-01 -1.019357011109182504e-01 9.167773803452483605e-02 2.660768836118462266e-01
