6.281487450163891761e-01 -7.912950849806338338e-01 -1.144765291625614023e-01 -6.186514908664062506e-01 3.211122081447209675e-01 -4.557338815264944110e-01 3.527717609353407946e-01 5.919073340310448961e-01 8.053835486784289843e-01 7.070139454519226430e-01
1.489639286951211783e-01 1.206399237781576178e-01 -3.857027366420587300e-01 4.048113838141920162e-01 3.948891710715805581e-01 -1.070406572530241684e-01 -2.524209043973883460e-01 -4.298965122806518990e-01 5.158936888289896716e-01 -2.688841031108666901e-01
2.779446617045148171e-01 4.413077666247943731e-01 -1.998289891697581366e-02 6.553813834849625541e-01 -5.667113686991026578e-01 -2.937772056114584251e-01 5.539585857567822513e-01 2.534791654135759020e-01 6.821129565802754868e-01 -2.662968334806024573e-01
1.794516172709383628e-01 -1.521799215103911418e-01 -2.750928003230046492e-02 -2.966188777492693648e-02 -1.262751305801767532e-01 -9.917374877713917847e-02 1.539561790007513420e-01 -1.254455310077722263e-01 1.128774313138499880e-01 -6.881634938496247744e-02
-4.955449631347014390e-03 -2.334359472037302735e-03 8.568084667083022965e-02 -6.018990314195927192e-03 8.570296363349325097e-02 2.558748547294974543e-02 1.342332392406866276e-02 6.201452583361934112e-02 1.480043620964535331e-02 3.808780638335679952e-02
-4.455959079308465798e-01 -7.467290855675451366e-01 -4.072300127710781759e-02 -7.939306797463605569e-01 7.015036520174958712e-01 -6.939092972006222215e-01 5.530587947217940892e-01 7.122517821936348303e-01 6.743142031525833913e-01 2.297007839906360094e-01
-5.084683601410239749e-03 1.681094095903586938e-01 8.161252836785237719e-02 1.415957938715341549e-02 -1.435320615115104684e-02 6.959323991133723603e-03 3.801066504532801121e-02 1.613558982227942043e-02 7.321836908635123708e-02 6.135745972354109297e-03
-5.348078643474145633e-01 6.800856024509913667e-01 8.261530954346850419e-02 6.852136819841576632e-01 2.255542001659378293e-01 -3.245045592588521322e-01 -3.837704596290906767e-01 3.201037018350624819e-01 -6.045795780747821313e-01 5.596222032936685187e-01
-6.971236813885425820e-02 5.906014732914459664e-01 5.495869558850209335e-01 -5.612414409046454500e-01 -2.798831430957580690e-01 3.681207763334685135e-01 -4.144320525640503572e-01 7.203384753119905781e-01 5.174604640858121440e-01 -1.894786568918124803e-01
7.783996114804389577e-03 -5.488218653583627760e-03 -1.273626755526802677e-02 3.389295913606769212e-02 1.088384070041765739e-01 5.198734621637030734e-02 1.169364105817439006e-02 3.900438472941828577e-02 3.418025290206733180e-02 1.238862206373745299e-02
-6.400925176933266667e-03 1.123999038922914168e-01 4.871948506553405028e-02 -4.680851497054405036e-02 1.996165879785176678e-01 2.490320040180941941e-02 -2.522005475015197395e-02 8.237822934133024952e-03 2.703238375018394285e-02 4.283047589979871450e-02
3.422649026548810203e-01 -3.188771636959782940e-01 5.954689140592922536e-01 1.864059205831155863e-01 -3.493786308736042401e-02 -2.090145224257164147e-01 5.402652315337410638e-01 5.067659657492233904e-01 -4.532633596295394529e-01 4.087004504864009125e-01
-4.214275951443715029e-01 -4.416240491269446400e-02 4.406233538015541518e-01 5.791211685812147625e-01 4.674553255970131938e-01 -4.552884819516707093e-01 2.075131674444243568e-01 -1.357280965672141293e-01 3.157177735428741694e-01 -1.273654166272945865e-01
4.147039040458335712e-01 2.022970532661268750e-01 -4.651164998970989117e-01 6.349768086485595431e-01 1.743258245881454949e-01 5.297101927895971757e-02 7.442110885899275718e-01 -1.599412473475030072e-01 4.120155622099511139e-01 2.893676039642692488e-01
3.106715160003725162e-01 -5.498508232717067568e-01 3.636199303697577045e-01 -2.359815359193609685e-01 2.921393283382479056e-01 -1.800630588381415265e-01 -4.541619597917989082e-01 -1.670656024344580604e-01 -2.014943671945668979e-01 -6.816782712329270133e-01
-1.418509210526611641e-03 1.487329212780538236e-02 5.801082730764767909e-02 2.036939641416117205e-02 1.555683531071130714e-02 4.498634747639685544e-02 4.996149700065450998e-03 5.161403189141441396e-03 2.059737829707917328e-02 4.323725157147874365e-02
-3.838028118380578668e-01 9.440811886966699040e-02 -5.227712096787334728e-01 -4.460636769617747910e-01 -1.474374265844581935e-02 1.859875724115634121e-01 -4.493819985139362039e-02 3.519599038882940678e-01 9.086179162110259722e-02 2.423710076316747952e-01
8.297674742279202986e-01 -5.337672728406092082e-01 -7.693720610447439823e-01 4.700892771642064538e-01 5.960041783756843126e-01 3.149311559930919047e-01 1.115673327544157295e-01 6.657051879499313873e-01 8.042207120051947378e-01 -4.411909268782727156e-01
1.324041420725867750e-03 4.151544131118244108e-02 -5.878976909812297924e-01 -4.763596580552080240e-01 -5.774885543417409561e-01 2.848655614298710725e-01 -3.635445794670049136e-01 6.721152975649050676e-01 6.692978646511259233e-02 1.282272495073829947e-02
-3.038979989989791172e-02 2.236581131931258404e-01 -1.283856966839254377e-01 5.978678047758351904e-02 1.858379407689479124e-01 -8.442361250058852407e-02 -1.832388279171833223e-01 1.215659868544953642e-01 1.313249348827652541e-01 5.661785478190588250e-02
-6.187497654189978366e-03 -5.431796061068839415e-02 -2.290993003347540358e-01 3.557043491118541678e-01 -3.983125907901720053e-01 -2.657577128567780236e-02 1.698735206500204542e-01 2.069623610950046266e-01 -2.963587005066178337e-01 1.647969688589946968e-01
2.714026348208303241e-01 -9.060536357956301690e-02 -2.057523576791435993e-01 3.964504194666572667e-01 2.601779351204492885e-01 1.617564882218212874e-01 2.034243640896141181e-01 -8.998481257619282692e-02 -1.231850008915933853e-01 -2.122718539335727017e-01
5.540623296815786608e-02 4.031219513373274221e-01 -1.840675207079630615e-01 1.656794847187072761e-01 2.456475445485441778e-01 1.256713237101352298e-01 9.852464769005628287e-02 -3.723784866831089668e-02 2.365144247226734220e-01 -6.799914768056833370e-02
5.222571067293686475e-01 1.115861230799041759e-01 8.166430278345638838e-01 -8.842746769554113984e-01 -3.956884494356053827e-01 8.720176726916385734e-02 7.579978921520109658e-01 -7.725772377148643066e-01 -2.091456802540310189e-01 -8.074233745500750681e-01
-6.267102816866024773e-01 1.823220479515323678e-01 1.305577186896126132e-02 -6.638716940195829586e-02 3.359970325212732756e-01 -1.320596249820356061e-01 -6.817801568450312377e-01 4.606656233327344752e-01 -6.512497104281312899e-01 -5.963681027524362355e-01
1.077700720133661395e-02 -2.263217563877331986e-02 -1.665284485120629987e-02 2.415651624430670275e-01 -4.807929532315565746e-01 4.099661800374863607e-01 -2.022433246806666363e-01 -2.457236297087673702e-02 2.143884985311631797e-01 -1.157294668959134298e-01
1.707748181898674222e-01 -6.254399313527299054e-01 -8.075569061850775832e-01 -8.181650887188304799e-02 -3.100785965401690603e-01 -7.991437380360987275e-01 -6.671647381045989755e-01 -7.253058800021147112e-01 8.636180860187645525e-01 -5.173582653439947610e-01
3.677800222132973640e-01 4.725758565855850413e-01 -4.058393204376226082e-02 -2.680277377247526349e-01 4.402926126207569735e-01 -2.737054029851800907e-01 5.121403505300267112e-01 3.508722111078512174e-01 1.541706919951442989e-01 1.383484720894549713e-01
-3.188984231284985871e-01 2.921294690862647481e-01 -3.603477824992370321e-02 3.177042919849221853e-02 -6.891950145641528858e-01 -2.346098506659824168e-01 3.327017460126592274e-01 -6.514408669400381102e-01 3.845807773116726169e-01 3.211926507353650721e-05
-1.702567531873302176e-01 4.728295555555114826e-01 6.109912467920555201e-01 -7.337818375290267037e-02 -2.050939252020692327e-01 -5.376119924851534559e-01 -2.575805206047104834e-01 -4.030342106773852073e-01 5.160085362818244148e-01 3.544572731892168260e-01
-3.801488226049323793e-01 -5.370765094355162139e-01 8.693383231089801821e-01 6.503629904370195058e-01 5.092055871701207659e-01 -1.410438939269685610e-01 -6.747992926474881692e-01 -8.362107177822525328e-02 -5.763242890150024333e-01 -6.630243677274834102e-01
-6.686156951012886540e-02 -1.097196195804733265e-01 -6.903856053892047928e-01 3.332256839652615876e-01 -3.807513331858644046e-01 -5.764135422254028640e-01 7.957100055565949903e-01 -1.530403563174261572e-01 -1.317998779582117141e-01 3.561300902607052454e-01
-1.493726750529129343e-01 6.057592346646020198e-01 -4.881546242990538187e-01 -6.684631201220732066e-01 2.555287942105167742e-01 1.323162742073114018e-01 -4.414461436382203369e-02 2.590516643889004267e-01 3.159357118847910262e-01 2.465345283337928572e-01
3.089501553927865851e-01 6.334122340091898895e-01 -2.220896164692733599e-01 3.521068248050542859e-01 -6.086454586167612257e-01 -5.777411134023641148e-01 1.098180996369069046e-01 1.917762770500588965e-01 -1.171566218710761165e-01 -4.399548485086999805e-01
-3.436370544253523895e-02 3.194277628854426121e-01 3.506423478119751747e-01 3.130787680200309286e-01 5.172790652159685587e-01 -2.778411093847117375e-01 -3.697483051130887044e-01 -5.287028083870434769e-02 -5.640266833123780410e-01 -6.205569217010404454e-02
-3.535500738137346000e-01 5.875837049347641949e-01 2.766420775862756809e-01 4.285438620485721439e-01 3.984565483794743623e-01 -4.536184080464754631e-01 3.551628543041048802e-01 -2.573149669459227629e-01 7.152565961213503964e-01 -4.217572094729543086e-01
1.066282667141153218e-01 4.878549640894701278e-02 3.300717272564737681e-02 1.174339125553203189e-02 -6.007442504316982262e-03 -1.594188802136545582e-02 -2.530805975304889244e-05 1.993231599674055721e-01 -1.337244502542638512e-02 -4.566332776144963607e-03
1.205081055287589159e-01 -2.699931511937132128e-02 -1.098511081704040514e-02 -1.489758664352709705e-01 -1.846288532780541447e-01 -1.395416186947644535e-02 -4.862036347644183715e-02 7.612906922436007973e-02 -1.039987288587036068e-01 -2.535557724362472176e-01
3.824673280386381991e-01 -5.487495081201493319e-01 -2.850484177060745306e-01 -7.031225390485279503e-01 -6.891033740453948730e-02 -6.928539985971737813e-01 -2.039566596280541766e-01 -6.343652881904380259e-01 -2.096851310337798438e-02 3.144938969327821798e-01
3.283317158308986933e-02 -6.610994361413083387e-02 -7.743482703625779486e-03 2.287406052166189845e-03 1.789767357118970670e-01 -9.866945624284003194e-03 6.595566014217425777e-02 5.176669465843012491e-02 -1.037971030238621535e-02 5.674326623640216227e-02
1.134627667721657407e-01 2.429368726732018813e-01 -3.139612086808381275e-02 1.279576910474327367e-01 -4.091657865661205151e-02 1.497579993534120524e-01 -2.598079871670015972e-01 1.716911191172079687e-01 -4.613363419700516194e-03 7.048289590433183538e-02
-3.794252544870960753e-01 -4.033203106106605929e-02 5.790766017665160970e-01 -5.105843889010611841e-02 -2.527080288079638914e-01 7.098270879565375946e-01 -3.178762590883653649e-01 -5.157114770362483114e-01 -4.076875885235467512e-01 5.445643967493518645e-01
5.803715623805937307e-01 -7.545383576790674895e-02 -2.596644426663331506e-01 6.618571292585795351e-01 -2.619439892444570539e-01 2.617177604985288994e-02 -7.756073666792115961e-01 1.503447756670953650e-01 -5.354956416698599675e-01 7.418661855556545337e-01
2.398620345397787235e-01 1.615515006391052555e-01 1.304943429760136060e-02 1.115017790952573390e-01 -6.870486152240178057e-02 9.324611873721584676e-02 4.795667834873384300e-02 4.697725133670992148e-02 1.097947349476960516e-01 1.311884975493231298e-01
-5.198520349279879271e-01 -8.462269280685353889e-01 1.555433125546954176e-01 6.036343097926277768e-01 -2.753599557569053058e-01 5.896524262383695536e-01 -8.403356252625285849e-01 -6.973713129015383927e-02 -6.876899704016089521e-01 6.391950045934162716e-01
4.284166926549554805e-03 3.540191803037268450e-03 1.953154410368468721e-02 -1.945740840426503707e-02 5.595982163955071781e-02 5.480169540496203362e-02 -1.699078892869029106e-02 3.988260763874724307e-02 -4.513052542996927319e-02 -1.819826681558023643e-02
1.983935640241723253e-01 -2.350033578861892847e-01 -4.368967715851264089e-01 -2.994591719331262669e-01 4.348535008460790441e-01 3.656019507392159196e-01 -2.093131062809873988e-01 -5.280042435755865071e-01 -5.152300291141083122e-01 4.891433339645244738e-01
2.762500755848206202e-01 -5.045886764536103852e-01 -2.063047275077681264e-02 -3.358507874069238675e-01 9.795538353517610486e-02 -2.895972748089767346e-01 -3.837230981916291972e-01 -6.207926071163329812e-02 9.049700210938833173e-03 1.763734139254475031e-01
-1.063713823590524410e-01 -2.732692376691240321e-01 -7.490188315088773530e-02 6.511332655465459918e-02 1.872299262246209794e-01 2.050192862654302561e-01 2.235841795375652086e-01 1.847485241511541976e-01 1.153283310939345052e-01 8.929868243545316386e-02
-8.559856022953764576e-01 4.488729571856230338e-01 8.838415780591109272e-02 7.402256818573862418e-01 -2.688899763970672430e-01 -3.179499436807172730e-01 -1.515050064084176862e-01 7.619868465178135652e-01 -5.127731343098775735e-02 1.401012749211464903e-01
-2.411909948966548534e-01 8.390607851700322695e-02 5.651030785515178678e-01 -4.027722980733118296e-01 1.992214797407042548e-01 8.061688118901766398e-01 1.950658974224090680e-01 -7.679375572143344424e-03 3.365403697213383283e-01 -4.146357705454858933e-01
7.024576177619141874e-03 1.087622934024829319e-01 -3.179860855234546008e-02 -8.844562280833881407e-02 1.083453246013057342e-01 -1.515687680683753813e-01 9.565226930113138182e-02 1.055894611532670960e-02 -2.793008535231898334e-03 -9.385036964085410882e-02
6.190261101648939640e-02 2.057357519814433100e-02 1.985954022655739282e-01 -1.715077137437420046e-02 -2.385173620780352277e-02 -4.098288065431776594e-02 4.323513176105802866e-03 3.022465025474681266e-02 -1.071172906705785965e-01 2.182282471890712935e-02
-2.851446776287338558e-01 7.622942274076643931e-01 9.137797428037812697e-01 -6.200736805958646514e-01 -1.047029227090682801e-01 -2.470209203905030793e-01 -3.178769644128380256e-01 -2.269580467474811292e-01 6.791507823235362062e-01 -3.967001033904371532e-01
-3.376611358277761821e-01 -4.367009231584741968e-01 -4.450266949806433447e-01 2.740083484882407938e-01 -2.329922565352782471e-01 7.288244841213136205e-01 -2.082697224639161737e-01 -5.146237196592752250e-01 7.488738775809217207e-02 4.378155468392092020e-01
-5.075755418886882531e-01 4.419363899610245228e-01 5.393736465988039352e-01 -3.210348059465735759e-01 -1.556007932370900848e-01 3.177378748364310668e-01 -3.198835008238639643e-01 2.311511856016069677e-01 -5.809947936345694064e-01 -7.118204178004110538e-01
-2.341247174835634215e-01 -4.525224546995241237e-01 -6.237407044932227196e-01 -3.835620721700903624e-01 3.783312327918716411e-01 -5.359412629221099733e-01 4.718945157883133040e-02 -3.166348979083044579e-01 -3.662264390932372105e-01 1.458721472021594079e-01
9.948447436393559329e-02 -3.960722098889311177e-02 -2.320552530484501219e-01 1.609876304992438611e-01 3.151912521137586326e-02 -9.334344410260789204e-02 6.487416090341840968e-02 1.149716450895099835e-02 9.216939707881949273e-02 -2.096743418790120994e-01
-2.543740179902140852e-01 1.634925418078043424e-01 1.975330922555930402e-01 -1.456274093529718872e-01 -5.748771413180751022e-01 5.613187078938894903e-01 -1.226032354439970384e-01 4.372386532049719055e-01 -1.755057067219247813e-01 -5.474795920168480379e-01
7.482589843594590617e-02 2.768474286363325348e-02 2.030543005166133078e-02 6.635013405913035844e-02 1.040988663662178321e-01 -1.472383374123615966e-02 5.957521539429706109e-03 2.348862222831881244e-02 1.372695896954909166e-03 5.967081271153963813e-03
-5.653307020009386008e-01 -2.823241027972081540e-01 -4.561424607120710406e-01 6.324730678908947468e-01 -4.838384894979055884e-01 6.912117612816016665e-01 -3.440950327334788561e-01 -4.563109843620989370e-01 4.819803357576496472e-01 5.611102911765044610e-01
-5.398896169229272513e-01 -7.970970820269158985e-02 3.621489726623701166e-01 -4.034500573158002722e-03 8.202696599911841746e-01 -2.675116538960567447e-01 -2.277029799134106802e-01 5.789332777619211612e-01 -2.556344402095300783e-01 4.227537515913445398e-01
-4.459263450144195645e-02 -2.796351072427455051e-02 3.564342377422389380e-02 5.968925492264243182e-02 1.395984121695911795e-02 5.930766459838258259e-02 2.535467622899292839e-02 -1.352402433227206831e-02 3.318060319517338649e-03 1.198168747084682184e-01
-9.211462371408869754e-02 2.324065492863937044e-01 -1.933400559537615249e-02 6.832918242164633116e-02 1.595809349760395346e-01 5.022597736922278927e-02 -1.323213306858227467e-01 -1.337509267727150508e-01 -4.360973095926701931e-02 -6.022930329383042319e-02
8.799528925730413370e-03 -6.998346448709331924e-02 1.643516409599209138e-02 -1.644340568973570726e-01 8.739084449599539284e-02 6.375013957754302463e-02 -8.335122172767277238e-02 -2.224982957856055099e-01 -2.697536147952918073e-01 -5.281648197800395961e-01
5.182109167967271501e-01 -1.029572492772174302e-01 -5.265023751808844965e-01 -5.600043709781238332e-01 1.228209292752032583e-01 8.631999732623929500e-02 -5.127705674094144017e-01 -6.805893699966887589e-02 -6.191896827579153051e-01 5.108077888962021529e-01
4.610848553683341566e-01 -6.363099249795070023e-01 3.783377545069122605e-01 5.747835533660242691e-01 6.292170520240024656e-01 -3.056273360654403470e-01 4.009162626050589706e-01 1.719377529284022155e-01 -1.270536421086992766e-02 4.826374896275898441e-01
4.195158159870249759e-01 -4.464422936701253897e-01 -3.785774407856256629e-01 1.659309268923891134e-01 -1.395486952690783988e-01 -4.136019216013570587e-01 5.031008648713862774e-01 4.226158847768828331e-01 -1.274837031482427552e-01 1.119837113130772027e-01
2.125820415414404752e-01 7.906207600467018981e-01 5.095673300195071587e-01 6.025118618485811872e-01 7.222737893186251812e-01 -8.031504300759133574e-01 1.674390876923820826e-01 7.928688551108132865e-01 3.089495359496274851e-01 -8.702827180595354983e-01
2.677154654553429713e-01 -1.134559526589015849e-01 5.263930237882266661e-02 1.342801711072940940e-01 -2.055550373438596867e-01 3.479485793898502988e-01 -3.097588549811055789e-02 2.421760420929457702e-01 1.379735999160363047e-01 3.473777434601161840e-01
4.322970139462465333e-01 -5.383985751743570747e-01 5.565227722770523799e-01 -3.538215208298677861e-01 -1.773303765728512504e-01 -1.604824189637149845e-01 5.564119260298188152e-01 -4.456539101021707028e-01 3.266699987770497748e-01 -2.320680442883056305e-01
6.766387347234890104e-01 -2.550036001543870556e-01 -7.074584532560286299e-01 8.932583712407800025e-01 8.626010642852723065e-02 9.341072077569158028e-01 6.929450204352914922e-01 -2.708447988666320971e-01 -9.290677505436950590e-02 7.890342439403916774e-01
-2.185522835822056031e-01 7.063579957187352334e-03 6.384375827882952936e-02 -5.209791506867303967e-01 -4.265096230875972116e-01 -2.368622441559257996e-01 2.167269900305135166e-01 -4.049818711744412325e-01 -2.955573309631461254e-01 1.431931382464508296e-01
1.648853126295176177e-03 4.385647242316905586e-02 1.519936100097997976e-02 8.545386083246010733e-02 5.222432332572963902e-03 7.795374156882885208e-02 -9.461537214824029341e-04 5.051599101442788564e-02 7.791097823680624007e-03 1.763051185437934654e-02
-1.264168272462813936e-01 -6.032925542792592077e-01 2.757841682724412324e-01 3.312159706083981497e-02 4.914876290508031764e-01 -4.562131264571558931e-01 2.471359497294943475e-01 -3.982811892070104998e-01 7.146459084347923651e-01 4.418285316033008225e-01
-4.829876905238966178e-01 6.752777127183746675e-01 -1.036645321242689183e-01 -1.627867737305476181e-01 4.555101776002647429e-01 5.136692277169730980e-01 2.685573891982189765e-01 4.595157084348262533e-01 -4.627119987500875609e-01 -3.979044973651786332e-01
-6.495564538680756450e-02 -4.130615949771422324e-01 5.454673781397200577e-02 -5.801635520420473507e-02 1.532716944714096752e-01 1.782886640785460997e-01 1.127591670359695403e-01 4.086464913456051562e-01 -2.709714309335720106e-01 3.254849077067336616e-01
-6.774084908459118148e-01 3.952156370557657894e-01 4.481624820711108126e-01 7.199222755057214096e-01 1.306622061989497763e-01 5.890214904524764261e-01 -1.913521930817603245e-01 -8.453943751902165404e-02 7.054184793859207270e-01 9.197241687130902621e-02
-1.490442176622611692e-01 6.238761224292921348e-01 -5.614666685303764115e-01 1.914894262171064898e-01 3.062972331056109665e-01 4.260801441167714754e-01 3.999926575918969496e-01 1.154946801759178104e-01 -4.287472298875750348e-02 -1.581479181422554003e-01
1.256851988128760388e-02 -5.074126806572129382e-03 3.191666347340919863e-02 5.611899597128886669e-02 7.694928822324192952e-02 2.135913153517798521e-02 8.121365528021326496e-03 9.290205290866865306e-02 4.147299185204836314e-02 4.767722252545966710e-02
-4.907759326061973404e-01 5.993610844440143692e-01 -4.901038580134404188e-01 -5.610888723969620004e-03 5.723035068726355368e-01 -7.475757990646096918e-01 -7.993227922662965446e-01 2.622191715951882607e-01 -3.389415796609442366e-01 -7.029626493731256920e-01
-2.116891996032583545e-01 -1.554209244250669142e-01 8.023720894552320571e-02 1.386090146383956723e-01 1.408382395509204243e-01 -4.126231072127928834e-01 1.104831834309822208e-01 5.754306888317671786e-01 2.049928889039020485e-01 -8.225676673927379001e-02
-5.439895264519096774e-01 1.967105437542104318e-01 -8.094590113019999311e-01 -3.329546875838829689e-01 -6.752466004285653245e-01 7.873986070941703386e-02 -8.323852762624608381e-01 -5.071559035835421225e-01 8.002087790428400460e-01 6.870234299102704334e-01
4.546935714438832266e-02 2.856083153701586413e-02 8.245225195821245801e-02 -4.268559358410768667e-02 1.998450863969970792e-02 3.256861152873908455e-02 3.741993497150648829e-02 3.824071373396784740e-02 -8.167558314912910311e-04 1.814387551077336139e-02
7.450661169760229574e-02 -2.036523258167524664e-01 2.925864712596503714e-01 4.333975230584526939e-01 -4.831760474932250138e-01 1.860017662114870352e-01 2.242636083656368573e-01 3.741118947664120314e-02 -4.939585421508645990e-01 -5.553667756279386802e-01
2.090951833094112089e-01 -1.126524887339822867e-01 2.087841953380892568e-01 -2.628084534165082281e-02 -1.905122880398091023e-01 -2.251239031229547161e-01 2.281048935845130521e-01 -2.382742585888904252e-01 -1.051536036653374639e-01 2.769145691626909711e-01
6.965869329819572853e-01 -4.799951163443841318e-01 4.768089382046873936e-01 8.245665447656591596e-01 6.134330972789674430e-01 -3.286104416375557058e-02 5.271072017958027267e-01 6.936988874172305142e-01 5.925108477875484780e-01 1.054214812801638340e-01
9.689636550169854201e-02 1.150472686981938025e-01 4.731746022505610716e-01 -1.432499569884457535e-01 1.860565645783375799e-01 -1.967700071906148818e-01 8.838415991864725929e-02 2.647502678055727032e-01 -3.721309069180272489e-01 -3.559518048654246036e-01
-3.568848768080373213e-01 1.337310921527887497e-01 3.852053221379305170e-01 -5.816057060654087341e-01 5.703605945902255892e-01 -1.208090703693867063e-01 7.210838390543748977e-01 -5.607888054667982125e-01 7.488319019437109092e-02 -4.131645348578542182e-02
1.547656347666918897e-01 -2.147473702344361579e-01 -4.088429572997760997e-01 1.238777968504961753e-02 5.127951480950107555e-02 3.074520331866330974e-02 3.722902224104845947e-01 3.771102007141908241e-01 -2.840435180568909659e-02 -4.810360358411130965e-01
3.044176154083322872e-01 -6.139447224239403811e-01 -4.685713067566407708e-01 3.028855313161636989e-02 1.541275180878561579e-01 2.915698041116814299e-01 -2.633706063213075432e-01 1.998885587883295900e-01 -2.635632718568113875e-01 -4.027535933040258254e-01
-3.658404027031077199e-02 3.782236459978002285e-01 3.168544340564224404e-01 1.810028154383347965e-01 -5.072618305280257589e-02 2.232307736195826564e-01 -3.221255217514646940e-01 1.832356039899116495e-01 -6.309800458984307333e-04 -4.142448905038205731e-01
2.500599040042524313e-01 -1.879438102825204127e-01 -1.562126304612869721e-01 4.514334075603647634e-01 3.865979545787485705e-01 4.688900509047481124e-01 6.905725003540849061e-01 -9.485606436255347718e-02 -2.889037328838244267e-01 3.426191141055062728e-01
-5.093244010688927625e-01 -2.108910031567570453e-01 -5.585238538961181942e-02 -7.076466280913067119e-03 2.653093276344957174e-01 -2.279109010920282175e-01 3.890584707312685301e-03 -1.832167982532410255e-01 -2.858384462027443451e-01 2.371674620620103646e-01
-1.376986560914194302e-01 -6.117794276800769121e-02 -2.108150453985980777e-01 1.938817710893794843e-01 1.619231183752276870e-01 2.333710547321992124e-01 -5.659167632978791967e-02 5.346469918313513647e-02 1.411754062777784797e-03 -2.976401903560903575e-02
2.102776973587866527e-01 2.422841180156517227e-01 1.711702974856312842e-01 -2.131467264444921461e-01 -3.640245465293575622e-01 -2.431916064680033074e-01 2.381895699379881493e-01 -3.083223234276762370e-01 3.492179289637402095e-01 6.507263324814348271e-02
-1.979426555053249840e-05 5.351766858375337499e-01 -4.410897018355899868e-01 4.749543463490709660e-01 6.461723102323110313e-01 1.768795476066085948e-01 3.234142752837044776e-01 2.757367689924160592e-01 -4.688938222390900412e-01 -6.461543695124108977e-01
2.800167898631426566e-01 -3.687577182376300389e-01 -3.864985586774631887e-01 -2.310862092559581582e-01 4.678343767626665928e-01 -4.179496222558426455e-02 2.080710805362242719e-02 5.139541497637605261e-01 2.602804233500244369e-01 -2.424874785902231822e-01
-6.581129639457300451e-02 2.961454789652932518e-01 -2.508067053063190999e-01 1.818308055342427454e-01 -5.114925077061701630e-01 -1.680251540571162383e-01 3.094614004186139744e-01 -2.795704627717769952e-01 6.667279957986097516e-01 4.494661770513265764e-01
-6.849363729411033115e-03 9.267543207168767172e-02 2.094719704350620215e-01 2.033373785261729794e-01 9.067531046598574507e-02 3.508694023757618630e-01 1.676902718244408230e-01 -1.086416672573844305e-01 8.572566035660007799e-02 2.507228591494943259e-01
