6.295148790701227126e-01 -7.963772339809330747e-01 -1.149983572553624350e-01 -6.200136078027488340e-01 3.226180676824377813e-01 -4.555579471443248485e-01 3.511852233304443849e-01 5.924545950645033754e-01 8.040114355800612733e-01 7.081019294893897698e-01
1.494585042828051324e-01 1.206247155897259976e-01 -3.879753351684355756e-01 4.039874589988902143e-01 3.957841484465530746e-01 -1.079329171028446666e-01 -2.521775190803184352e-01 -4.315195876189203972e-01 5.163654604331294751e-01 -2.683941071901203568e-01
2.789170513476767477e-01 4.416400720608282815e-01 -2.007784204281918422e-02 6.559009696292782410e-01 -5.670479958248521024e-01 -2.935471251067334753e-01 5.551377282950484826e-01 2.506272319111536029e-01 6.814872699767204889e-01 -2.658816590518255918e-01
1.578033923040388087e-01 -2.064143736123831285e-01 -5.610400784057241463e-02 -5.930251876105661207e-02 -1.644148062443651914e-01 -1.763701076888132546e-01 2.250326346292466084e-01 -1.927246625133793301e-01 1.616711351450217937e-01 -1.055375150659716987e-01
6.366710795072860665e-04 -3.673359618850737755e-03 6.510621325744964105e-02 -7.552854703693132749e-03 8.658987493533430724e-02 1.178402594566423101e-02 1.852241958274036468e-02 5.625743466451598590e-02 4.312402517256432900e-03 2.915149469764082013e-02
-4.455896546340391007e-01 -7.471113049272237738e-01 -4.071309862887531605e-02 -7.938259495337004479e-01 7.016366903854606152e-01 -6.937934560186095334e-01 5.531078446116391989e-01 7.118163760467864920e-01 6.744062785102525881e-01 2.297479681259043394e-01
-6.334534899691002426e-03 1.587183413160714596e-01 5.496491306621500983e-02 6.522852671633798914e-03 -1.265838232796953969e-02 1.102768553070549405e-02 3.874874274382327649e-02 3.175621357431544865e-03 5.628532049182385921e-02 1.820477176875069745e-03
-5.348922356577283654e-01 6.802692946451697198e-01 8.123975055791182731e-02 6.854479852571824239e-01 2.257660068351649285e-01 -3.245282198077499292e-01 -3.838411838189184633e-01 3.202304539913979897e-01 -6.046992229335715896e-01 5.597934422916323038e-01
-6.964709591103590558e-02 5.906720570168291218e-01 5.498464351166452158e-01 -5.604465528385398354e-01 -2.787211123644033339e-01 3.701891137295890144e-01 -4.185204835560764058e-01 7.198022342770349358e-01 5.171637526015632202e-01 -1.898340722592378738e-01
8.164314229485726201e-03 6.780980451209966996e-04 -7.334692929589343297e-03 2.299567804526522069e-02 7.846890626830721471e-02 2.625794149448988299e-02 1.125813892691482528e-02 3.990888975930658583e-02 2.840485279928653753e-02 1.697047074049615883e-02
-2.160387610387548563e-02 8.785150777989877979e-02 7.537021953310500677e-02 -8.852219149861943748e-02 2.328361155339599697e-01 1.283852584210135820e-03 -3.271571617478455374e-02 -7.783763003253659461e-03 2.634703038393429106e-02 4.923696398377242628e-02
3.422915065514818833e-01 -3.188955007762921956e-01 5.947131743554845418e-01 1.864184584078076024e-01 -3.493928339123581611e-02 -2.090270962747466654e-01 5.402990548103835389e-01 5.067798188097004664e-01 -4.532914767066819617e-01 4.087267258868571562e-01
-4.228718830353065949e-01 -4.377459530968230705e-02 4.426490101274900280e-01 5.814642754182905993e-01 4.662336467181362187e-01 -4.621344910231455771e-01 2.076358132155072811e-01 -1.354741508585945997e-01 3.164033842934529939e-01 -1.282380143868451783e-01
4.165902515638316150e-01 2.005415395142911839e-01 -4.647531405432019924e-01 6.367088040715357389e-01 1.752117108856832972e-01 5.403225770135008932e-02 7.425382192616054589e-01 -1.613706011776120108e-01 4.117430574899662576e-01 2.863388492095619298e-01
3.105586367982597906e-01 -5.499629065542422923e-01 3.580112893474204916e-01 -2.365446616856778650e-01 2.907917570261795981e-01 -1.809412778295179935e-01 -4.551366705832529669e-01 -1.670513394080837821e-01 -2.009623330717530965e-01 -6.840607278520727252e-01
-2.135218752686270441e-03 1.116186948600356166e-02 5.865346724140844958e-02 1.250365709513816259e-02 1.144886995221287666e-02 3.794052026094260621e-02 4.387304403580404195e-03 1.745960587779454842e-03 2.399106455823053416e-02 3.118767855489882473e-02
-4.206656032891862851e-01 1.030145318620814265e-01 -5.541789105777300550e-01 -4.771397595227842015e-01 -1.119915929972257508e-02 2.069120592610068921e-01 -4.156383133688062309e-02 3.634747407517445184e-01 9.825430748491083277e-02 2.430056573773131112e-01
8.297680625075005700e-01 -5.337676512651646776e-01 -7.693726065058369423e-01 4.700896104430239419e-01 5.959231694640778620e-01 3.149313792695807024e-01 1.115674118522180375e-01 6.657056599144043352e-01 8.042212821729075589e-01 -4.411912396690499394e-01
1.511738348724620895e-03 4.188311745674453551e-02 -5.896809456322994469e-01 -4.770122900153278001e-01 -5.782842748976939617e-01 2.854120857283775625e-01 -3.640692995933695331e-01 6.687838450020193726e-01 6.716150290273785461e-02 1.282499533636178267e-02
-4.675984881277842758e-02 2.510840698416539341e-01 -1.355336390829419979e-01 6.001265591952411466e-02 1.866891451202813690e-01 -8.934409707469813389e-02 -2.125969712461586725e-01 1.483130157118758563e-01 1.517925879606812356e-01 3.590893146647106127e-02
1.146303648436208149e-04 -5.511460953576077099e-02 -2.425467519776864089e-01 3.683786151411975740e-01 -4.122682764833014435e-01 -2.473970521157958444e-02 1.806543978009297335e-01 1.874823795942725801e-01 -3.123782678679186686e-01 1.786219476622258051e-01
2.798421810426639511e-01 -9.411221841677293309e-02 -2.393442466876389840e-01 4.062060881295068149e-01 2.695561528819512831e-01 1.656549841533308531e-01 2.137592824239749334e-01 -8.763247188141236321e-02 -1.275287915813453354e-01 -2.135006397945588830e-01
6.027368038773372322e-02 4.268713624622391123e-01 -2.141977171900646126e-01 1.756694386233249028e-01 2.604156934580485472e-01 1.337717371300729818e-01 1.040966416981916748e-01 -6.415276155254835688e-02 2.500522077071469784e-01 -7.135306350532606701e-02
5.222943036622328394e-01 1.115429131849364763e-01 8.166533502867137084e-01 -8.842825883419941357e-01 -3.956362277102656866e-01 8.722587507349330305e-02 7.580252983325294069e-01 -7.725532795136295094e-01 -2.096168906030616008e-01 -8.078265988770807482e-01
-6.272949679152782787e-01 1.830372404391928942e-01 1.260674322308663782e-02 -6.600424993507177096e-02 3.365359174979495327e-01 -1.360970706996107171e-01 -6.833116496822655428e-01 4.630612511778529616e-01 -6.517721469331900774e-01 -6.006973406126565607e-01
1.155765706934101800e-02 -4.573354500526607969e-02 -1.606637857478885115e-02 2.497273293075777389e-01 -4.911267881904911592e-01 4.257570917345577799e-01 -2.080108041982699496e-01 -2.465634415698626444e-02 2.216031002716959408e-01 -1.163254848492084326e-01
1.709378264532389613e-01 -6.255174269953009958e-01 -8.095943410794110839e-01 -8.169656654736337509e-02 -3.101248962506505391e-01 -7.991320196786875218e-01 -6.673788402999423219e-01 -7.254233023339001774e-01 8.640038694938358965e-01 -5.172412485120384540e-01
3.687464327672390074e-01 4.738002831302658979e-01 -4.054028718660537822e-02 -2.684857929541831223e-01 4.394517895465157031e-01 -2.794661213797943189e-01 5.134430074571539881e-01 3.518299877835827649e-01 1.546689104610612098e-01 1.385297056854914444e-01
-3.189542247300340971e-01 2.891173430655757937e-01 -3.561054726120900515e-02 3.117736696161183679e-02 -6.903064286643086911e-01 -2.391708843132436257e-01 3.290952110070681780e-01 -6.531544442354989544e-01 3.858725650760516657e-01 8.176276089806869740e-04
-1.729240576089736137e-01 4.773955034042486334e-01 6.139855941613117096e-01 -6.992537014795978390e-02 -2.201089396238666840e-01 -5.398761076320574004e-01 -2.594789040725102858e-01 -4.118559902375342752e-01 5.205343409240970054e-01 3.609063690126850243e-01
-3.793744586288653742e-01 -5.422822246109697542e-01 8.691032441387515073e-01 6.493543968285457879e-01 5.108765575238575218e-01 -1.408787098416108829e-01 -6.766638109409035540e-01 -8.313708976043833465e-02 -5.786249866787687157e-01 -6.625380479163599512e-01
-6.658835341846877642e-02 -1.095441665726967079e-01 -6.916265251479962739e-01 3.337443388911079944e-01 -3.806953629667368944e-01 -5.814434610201782982e-01 7.979669958946115083e-01 -1.515300374219137047e-01 -1.318384636740546623e-01 3.537469734837536683e-01
-1.485174152546240578e-01 6.072446533921952438e-01 -4.886979924202169423e-01 -6.691381809975824879e-01 2.551246193104398929e-01 1.317640066451352954e-01 -4.266997337379870026e-02 2.521281356628262138e-01 3.150706340550887274e-01 2.494671241826480201e-01
3.101304451099667348e-01 6.357936322677208985e-01 -2.220994559631304655e-01 3.538940600043246620e-01 -6.174820324133086791e-01 -5.801004318711162622e-01 1.080910556592311611e-01 1.933962763467189372e-01 -1.163349207609073038e-01 -4.413990785122506866e-01
-3.398706010106066627e-02 3.159267791458454933e-01 3.517924599624293047e-01 3.135910412166377781e-01 5.177962789615365713e-01 -2.790629173606665181e-01 -3.704919548406866991e-01 -5.363858631498555352e-02 -5.644794874101011217e-01 -6.162697515828201994e-02
-3.532741947175233599e-01 5.902605613098417248e-01 2.742541889788454590e-01 4.295452189290793199e-01 4.031244182216300875e-01 -4.506372360828903578e-01 3.570720341448275215e-01 -2.645594380172359150e-01 7.187368087727120658e-01 -4.220110237913473061e-01
8.424811880120160190e-02 2.543160989882822104e-02 3.383528271150530731e-02 3.249664355441438633e-03 -5.857514957352432869e-03 -6.311713794766621484e-03 5.574183709904045186e-03 1.453468473477810829e-01 -7.977995816599027859e-03 5.618252003341488339e-03
1.681198608918874071e-01 -2.338033763270691914e-02 8.181955938097265971e-03 -2.025722547371653082e-01 -2.894516589024780928e-01 -5.567909147008067404e-03 -7.017038275877691966e-02 1.281746627181175879e-01 -1.250661642384047756e-01 -3.229589415882871406e-01
3.831314891766193775e-01 -5.492785067366764418e-01 -2.862757555010549959e-01 -7.036427876775063206e-01 -6.876141846474492780e-02 -6.970927032014961888e-01 -2.025467429021412247e-01 -6.334080204667765779e-01 -2.111004047481704685e-02 3.086987037696711789e-01
2.351212069885322276e-02 -9.893566622404048605e-02 5.664324536385412744e-03 -1.541437415127233125e-02 1.660466565729440958e-01 1.764243856600515928e-02 7.463006449267349518e-02 7.873733020575694741e-02 -2.751815731651564498e-02 8.202337800044216809e-02
1.144582392264212045e-01 2.514221687691664542e-01 -3.798640372499992313e-02 1.035339429242979892e-01 -4.555472245127083902e-02 1.805934262515925814e-01 -3.012449318581461033e-01 1.899314766761105444e-01 -2.135501509170224799e-03 7.173134168436737235e-02
-3.863246013304046378e-01 -4.131294942159801503e-02 5.803226356709024758e-01 -5.053314479634587325e-02 -2.538585732819099716e-01 7.131781867087784166e-01 -3.185848872114665498e-01 -5.206810306042600756e-01 -4.080811094521628601e-01 5.411718080931140484e-01
5.804046757909600007e-01 -7.623264400874948943e-02 -2.596739775364664826e-01 6.619032058342086966e-01 -2.619611569878489421e-01 2.613973575726827314e-02 -7.756485772065320194e-01 1.503503071808812153e-01 -5.355095307105469660e-01 7.419045266155540608e-01
2.525839283648396161e-01 1.760957379947411250e-01 7.260585667060360029e-03 1.177077590429140841e-01 -7.519450397013219267e-02 5.450466724770146321e-02 4.389506708063812407e-02 5.802032811566006781e-02 1.205178762974247197e-01 1.432471572287656036e-01
-5.197133435028749027e-01 -8.466089341547359259e-01 1.541516210549150889e-01 6.035064742352118650e-01 -2.751221291337755948e-01 5.897277835009012703e-01 -8.404188596866054572e-01 -6.945479168962503946e-02 -6.876963069955944752e-01 6.392046069979473444e-01
-1.501833811787350349e-02 2.520017264304111326e-02 4.811868619064994107e-02 -2.591522191452970761e-02 -1.706348296771490608e-02 -1.044906931816669791e-03 -8.447630780041215370e-02 5.267567018939456336e-02 -7.357443332107066469e-02 -5.983832689167123409e-02
2.016819713097310340e-01 -2.370248075403630084e-01 -4.394693521130360048e-01 -2.980907153741982341e-01 4.330123777952638031e-01 3.666894730134254154e-01 -2.064045540828482184e-01 -5.410465498325663924e-01 -5.201367824240137328e-01 4.952554709082783724e-01
2.816449456862966660e-01 -5.149304812149372301e-01 -2.106131365634983724e-02 -3.429277785998314232e-01 9.659913777207219943e-02 -2.963787103690171398e-01 -4.088347459190160293e-01 -6.508742131562658684e-02 1.019842228286871495e-02 1.803714098826247336e-01
-1.160006041764863188e-01 -2.946264128262093274e-01 -7.967295416617801995e-02 7.427793059434244227e-02 1.645623576598263527e-01 2.226841574732660034e-01 2.430353314808689213e-01 2.031002692949344379e-01 1.283374957686174989e-01 6.492710361554189513e-02
-8.563274109946282797e-01 4.481776804911125067e-01 8.854279021807713590e-02 7.388747433175915091e-01 -2.689613038188409244e-01 -3.179650495179235925e-01 -1.515535985862427326e-01 7.622900975768956977e-01 -5.125139255824343737e-02 1.402501303329345139e-01
-2.445096420628348199e-01 8.407637699189894620e-02 5.657428665617482144e-01 -4.032362173269976036e-01 1.995630409814907469e-01 8.069680202466268382e-01 1.952430062159684898e-01 -7.681024809143127338e-03 3.368874609633724648e-01 -4.149646585348329975e-01
-1.897335074345763263e-04 1.413056309304648039e-01 -5.839781687165852830e-02 -1.487424879385531307e-01 1.714305654310824545e-01 -2.002361525223195771e-01 1.932525742805918378e-02 2.599584172447346950e-02 -7.183109422398551921e-03 -1.407640075162646942e-01
7.682203747925575588e-02 -1.403383968558572122e-02 1.660441625656289277e-01 -1.560117595661004129e-02 -3.735644790937323739e-02 -4.846276143808244535e-02 -2.185741861667139796e-02 2.980423815454965805e-02 -1.404545058542341907e-01 3.911884173083178540e-02
-2.859057407304165799e-01 7.671317153839244396e-01 9.165645682566365693e-01 -6.221861684312210983e-01 -1.042560879438505506e-01 -2.604302596570100548e-01 -3.146325609430253856e-01 -2.226053082870536604e-01 6.825640607441872953e-01 -4.074760108490106392e-01
-3.395479948616850208e-01 -4.367581015801705324e-01 -4.448606580966446566e-01 2.750807959107537948e-01 -2.321383808914004032e-01 7.258813522264842000e-01 -2.102580309109828294e-01 -5.144582925508532911e-01 7.540667276723536649e-02 4.400030198960843686e-01
-5.075909606722648348e-01 4.419623375227746953e-01 5.394251296275625052e-01 -3.209817922185109751e-01 -1.561737391968654742e-01 3.177810525193780489e-01 -3.198811514566418657e-01 2.312789506319259947e-01 -5.809609462887995734e-01 -7.123134137371474051e-01
-2.352069960735959919e-01 -4.533931638464018810e-01 -6.255321175298583780e-01 -3.918691730317681587e-01 3.801908908101747087e-01 -5.369574689203596707e-01 4.795132455766539653e-02 -3.175502902984976838e-01 -3.668744662746105667e-01 1.478826040698731914e-01
6.262224317467518508e-02 -4.601335576087917795e-02 -2.470215440137727425e-01 1.756369568914244172e-01 2.651816982876090134e-02 -9.471548318390796140e-02 6.894921299583381402e-02 -1.044614339497778807e-02 1.020818434775705441e-01 -2.337744072140706120e-01
-2.618244059207908703e-01 1.655917180450149073e-01 1.986038980371407359e-01 -1.496023774824199459e-01 -5.795729813990084800e-01 5.641951768727315741e-01 -1.289623803690438664e-01 4.419451760870344303e-01 -1.788154749244594832e-01 -5.516672104874057458e-01
8.130722175193286216e-02 3.809424543006114522e-02 8.711571563766054224e-03 9.100111556525584955e-02 1.148661561101291806e-01 2.232734423541807983e-02 2.964523435759369024e-02 -4.624026025359270070e-03 -2.387783912039620482e-02 1.063105066609599039e-02
-5.664882543045134389e-01 -2.822913872704485572e-01 -4.572770140842535302e-01 6.322556776732025652e-01 -4.817824877518405158e-01 6.947132629875388821e-01 -3.439249244057541732e-01 -4.616664037230388540e-01 4.826983769090630316e-01 5.605591038060262488e-01
-5.397787714898134581e-01 -7.967807546632915683e-02 3.621654813608502499e-01 -3.982044151165879849e-03 8.202278568289913530e-01 -2.675027932282001419e-01 -2.275656793822290469e-01 5.785576848621879487e-01 -2.557358610563403856e-01 4.229565599394491948e-01
-9.084362928484772393e-02 -5.028796703077841046e-02 5.606785312025924090e-02 4.036547628955127615e-02 -1.715540913992219182e-02 7.358627438378560412e-03 4.942102001330365979e-02 -6.551653019289489441e-03 1.307390341143457695e-02 1.017481601111877437e-01
-1.066426674878373088e-01 2.426073307581970429e-01 -1.315862036735498258e-02 8.474582243716269336e-02 1.878922911042773813e-01 4.030658453306733280e-02 -1.732443281301503102e-01 -1.455427419696515290e-01 -5.672117485888591298e-02 -9.021999308955025443e-02
8.919468585294023158e-03 -7.738452292040617908e-02 1.100993423215097973e-02 -1.807418902410785344e-01 1.086936888660733763e-01 8.757598160878607430e-02 -8.658295135016205735e-02 -2.719486731771674215e-01 -2.844142447524719564e-01 -5.690742633282748209e-01
5.236107023776570557e-01 -1.193882664252043230e-01 -5.309052891120784601e-01 -5.664677810202149999e-01 1.272741710645944879e-01 8.717228003344575094e-02 -5.192670061150257421e-01 -6.685248399716994805e-02 -6.272283716648870966e-01 5.158043831878760255e-01
4.620002381094692190e-01 -6.368456884443870480e-01 3.785118269616540299e-01 5.753108852283560504e-01 6.311027443029025852e-01 -3.044731393262902763e-01 4.016942496686849995e-01 1.692247676608951701e-01 -1.217023071183309484e-02 4.825900367399588164e-01
4.252715410056416290e-01 -4.498131991320668543e-01 -3.933780714394198297e-01 1.699270486449590833e-01 -1.393220603570200500e-01 -4.164308691862871337e-01 5.095692898629520240e-01 4.270832252793721473e-01 -1.285191279338429027e-01 1.132272370143595636e-01
2.114498274516227738e-01 7.910839890789106432e-01 5.093989611148537211e-01 6.021646196048817679e-01 7.222085729744709415e-01 -8.030365646469618257e-01 1.672468325348987483e-01 7.937614919625852750e-01 3.089994759339986241e-01 -8.708902045967962247e-01
2.896806157860716269e-01 -1.195513756260833671e-01 5.401757806876695406e-02 1.376823302629548440e-01 -2.043495820941268193e-01 3.838736609043119086e-01 -3.827917761066321894e-02 2.327691409909359854e-01 1.452259407519083390e-01 3.431712525525036916e-01
4.342474830420324228e-01 -5.466808468232736695e-01 5.581385789927711949e-01 -3.536391283826926801e-01 -1.766459789907837141e-01 -1.575194092747869146e-01 5.528552364716886602e-01 -4.481673585421703798e-01 3.275726149748907079e-01 -2.351306658078066714e-01
6.766387347234890104e-01 -2.550036001543870556e-01 -7.074584532560286299e-01 8.932583712407800025e-01 8.626010642852723065e-02 9.341072077569158028e-01 6.929450204352914922e-01 -2.708447988666320971e-01 -9.290677505436950590e-02 7.890342439403916774e-01
-2.179672700030144128e-01 5.778789388721072146e-03 5.779166804832411991e-02 -5.273366061964773754e-01 -4.306200612863298471e-01 -2.341264699269663685e-01 2.229251517461402765e-01 -4.094637833054540210e-01 -2.990680020856831822e-01 1.452808970998535620e-01
3.849153111028165083e-03 4.212308261643752522e-02 1.742727818948208718e-02 5.825073579303240850e-02 -4.361529828570584813e-03 6.865271563111684239e-02 -1.884889272081336246e-03 3.818607208454047330e-02 7.695882995133941640e-03 1.689055174191704534e-02
-1.255739460050168954e-01 -6.036861720338522197e-01 2.775502045385775385e-01 3.268535093419709658e-02 4.894535107967979970e-01 -4.551705682172393908e-01 2.444657514388702824e-01 -3.969667084361581111e-01 7.158812097565530053e-01 4.419392073678666821e-01
-4.826816652446825895e-01 6.695723068483936391e-01 -1.043249403538262648e-01 -1.642141734439434009e-01 4.574884919133727634e-01 5.144155096966874785e-01 2.675488615853696683e-01 4.607776877954366523e-01 -4.647407202455531849e-01 -3.975550726050787742e-01
-6.772129454967650009e-02 -4.245745393125583966e-01 5.828725402487316964e-02 -5.584026867783073445e-02 1.640802617675224673e-01 1.718581450815893641e-01 1.155940012147260998e-01 4.164629733531371447e-01 -2.829450677662931901e-01 3.316878351958102988e-01
-6.775956769383232325e-01 3.952058583874878406e-01 4.482579774614814938e-01 7.204623238865575097e-01 1.307270345716556592e-01 5.893691572907123755e-01 -1.913829412740962466e-01 -8.624121450438720915e-02 7.057283757412118330e-01 9.196337765298956413e-02
-1.491534472518680488e-01 6.243659369262598569e-01 -5.615974859973701383e-01 1.917182890349342084e-01 3.066273832715868397e-01 4.227482213523502397e-01 4.002851559467418552e-01 1.156112912475626420e-01 -4.279277777515086423e-02 -1.580647320897703989e-01
1.062068990804435238e-02 -7.290240641056118694e-03 1.576387721971607772e-02 5.084056339125721247e-02 6.586103822020983323e-02 3.378280015998406244e-02 4.290945751384981147e-03 7.350017426407097487e-02 2.751021105793458391e-02 3.701934940967174098e-02
-4.907570583445816093e-01 5.985401895354290902e-01 -4.900034638776922247e-01 -5.555778347920336570e-03 5.722093436720790960e-01 -7.475773940865546585e-01 -7.993052002211216145e-01 2.623295803230026868e-01 -3.388919398665583560e-01 -7.029624630079231995e-01
-2.156761133145392306e-01 -1.708854263372147075e-01 8.247813874595522066e-02 1.393282621432713753e-01 1.447874962304709079e-01 -4.196052416250634076e-01 1.125855798481342346e-01 5.750814455341983766e-01 2.095715959809048845e-01 -8.298157532828435989e-02
-5.441705082842362984e-01 1.974461930146681754e-01 -8.115657635742471454e-01 -3.335583511176059557e-01 -6.752856784953930047e-01 7.848049586936270416e-02 -8.326723307271822749e-01 -5.073398962288667713e-01 7.997305055485752767e-01 6.878940764450185430e-01
4.578692982792618299e-02 3.374239709566413670e-02 8.011760971814509136e-02 -6.831554430528667676e-02 1.833050684062513536e-02 -4.564633115516913975e-03 1.613731068279635958e-02 9.802803360865402355e-03 -3.881564403522787775e-03 6.764421931120067830e-03
7.627267413885276126e-02 -2.075001127439989046e-01 2.927476508116819143e-01 4.343540446490775642e-01 -4.841169530813995703e-01 1.829037827965914464e-01 2.289158860430477727e-01 3.630983485760860136e-02 -4.972453172591574377e-01 -5.589992229314828531e-01
2.499346886797463307e-01 -1.279509950884331060e-01 2.518999989764077463e-01 -3.574580065791287120e-02 -2.174347003781549603e-01 -2.498978378825152113e-01 2.258354598232512889e-01 -2.836677702557250935e-01 -1.344956925614818888e-01 3.197878171725516694e-01
6.966119566259358908e-01 -4.805582015003160290e-01 4.769040005728242826e-01 8.245856032884640863e-01 6.135036646248629433e-01 -3.284392848679693055e-02 5.270972612688733516e-01 6.936994346504853359e-01 5.924979947546353820e-01 1.054257278959859073e-01
9.444137843557662282e-02 1.157400658840991442e-01 4.684855398679986238e-01 -1.440192660171975836e-01 1.878165574444396468e-01 -1.974094363453328949e-01 8.888099652311014232e-02 2.661019989619840542e-01 -3.730920171466254320e-01 -3.568254274882310395e-01
-3.570932864225518921e-01 1.337633538174718140e-01 3.853083081786712327e-01 -5.817617891431057231e-01 5.705159762306825089e-01 -1.225731618366856651e-01 7.212781755487004398e-01 -5.609432444949602470e-01 7.490044870934300936e-02 -4.131945807524488312e-02
1.594676281302157272e-01 -2.207237072971028891e-01 -4.197836360727978944e-01 1.274807679062465136e-02 5.094808029291929274e-02 5.727541758596911906e-03 3.860545136374827213e-01 3.961520572861426670e-01 -2.825933179332711098e-02 -5.106157880629522694e-01
3.052979665806843657e-01 -6.155090006300626415e-01 -4.737830101489286516e-01 3.026805880397649001e-02 1.550668662623880534e-01 2.922947322163700901e-01 -2.636713438012208699e-01 2.006734670764736550e-01 -2.674265370957262800e-01 -4.034643245813187562e-01
-3.700991489243665028e-02 3.740754955304500529e-01 3.198288472428347240e-01 1.834118590439938190e-01 -5.697938111414520973e-02 2.225992237158151699e-01 -3.246056214508553084e-01 1.851798870631872207e-01 -4.026002414851917346e-04 -4.187762939456499689e-01
2.507235663586318553e-01 -1.879120844824241909e-01 -1.569319934570947705e-01 4.524166059454707844e-01 3.876097491616556923e-01 4.661860044740803177e-01 6.932807018403345234e-01 -9.336085265691772273e-02 -2.933373461320070708e-01 3.404202955150998355e-01
-5.125037175378144294e-01 -2.168241186599506876e-01 -5.333707528834613631e-02 -1.067193389394263670e-02 2.635787540316503197e-01 -2.470495509298833992e-01 5.617871126184303433e-03 -1.835150229920082809e-01 -2.870398654891493928e-01 2.398238110907360554e-01
-1.816944578338919591e-01 -7.984362185004890977e-02 -2.677050688475640094e-01 2.698618886487088586e-01 1.843848023246020540e-01 3.306840839608838900e-01 -1.296881002891788481e-01 6.044307037302611846e-02 3.423469495239522272e-05 -4.415077487412227830e-02
2.144851651222724476e-01 2.400751982087621084e-01 1.738942017287484210e-01 -2.160165603778582966e-01 -3.657197897558901456e-01 -2.438009691360071007e-01 2.306951011313802813e-01 -3.184300297331802976e-01 3.543656576356947752e-01 6.575071140685313786e-02
-2.463697462118174270e-05 5.341331270021925093e-01 -4.411051601612662187e-01 4.750468495784982981e-01 6.463438360444951902e-01 1.769633884625942677e-01 3.234207506301500223e-01 2.758037457599118447e-01 -4.689318474555151384e-01 -6.461980584060565969e-01
2.843462162590607578e-01 -3.747296958023338398e-01 -4.006052589908222772e-01 -2.345492896646398928e-01 4.751497448502013388e-01 -5.343796423420783814e-02 2.095662923612123807e-02 5.220213260716577430e-01 2.640196196094258818e-01 -2.467721073608602489e-01
-7.007155632204208062e-02 2.973449098321848116e-01 -2.513033157582644228e-01 1.814890757503028196e-01 -5.127338666008672829e-01 -1.677614865251574328e-01 3.096452650091124914e-01 -2.780879021510357929e-01 6.688426913129584817e-01 4.517282882246221876e-01
-2.381859733982628555e-02 9.813232020839859904e-02 2.270111284050037592e-01 2.111469553090450924e-01 8.023475293239941408e-02 3.732596927978239498e-01 1.733257625362077947e-01 -1.035438454669787428e-01 9.156247012312609956e-02 2.656327055258614345e-01
