6.305149437553696501e-01 -8.012557815428689167e-01 -1.147872586762620079e-01 -6.208905901693083651e-01 3.239033386882578802e-01 -4.555476972632659383e-01 3.504826032795783086e-01 5.932207383132882539e-01 8.032716791507517051e-01 7.094460085656298931e-01
1.500141593825586872e-01 1.205900822153482543e-01 -3.899055781036131485e-01 4.033039447945348521e-01 3.975788953626425148e-01 -1.101977480323938219e-01 -2.518259560650383255e-01 -4.319712004124856564e-01 5.173686663925126661e-01 -2.686570517984539497e-01
2.817812222873513628e-01 4.430955112686795760e-01 -2.028935685885675105e-02 6.594935309659238909e-01 -5.707636870313620436e-01 -2.947285056279728144e-01 5.594415057838449945e-01 2.476875182400960496e-01 6.822102542000535452e-01 -2.663176930256531127e-01
1.477586252128426092e-01 -2.660035893542814223e-01 -8.402825659563903371e-02 -9.286269931370313979e-02 -2.111689219960836972e-01 -2.487191268287779755e-01 2.978501327966919243e-01 -2.622589946713305142e-01 2.114928187412214722e-01 -1.320434509930716593e-01
2.640279805782425309e-03 -3.550563142928279525e-03 4.819150017044013246e-02 -1.676041607418724683e-02 7.479630018205866981e-02 5.417144435314645047e-03 2.121603233550869300e-02 5.377031540429814960e-02 -3.892766792051242063e-03 2.295470741982418711e-02
-4.456306977961466687e-01 -7.477272891887859485e-01 -4.075063998554630251e-02 -7.937796741369222975e-01 7.019635119092821895e-01 -6.937337712185421834e-01 5.532744419153766691e-01 7.114810455434016356e-01 6.747232996205235755e-01 2.297725555083049709e-01
-7.797803738117139311e-03 1.395667282695020328e-01 4.206807136735583180e-02 4.334508796448957937e-03 -1.143299895541409830e-02 1.566100156034996860e-02 4.745421677848138398e-02 1.586505715708199944e-03 4.147738448885542051e-02 -6.631673745922909632e-03
-5.357988348066217155e-01 6.819286016930568017e-01 7.733133117220197805e-02 6.873752204880145822e-01 2.268685976875604859e-01 -3.249203930144101693e-01 -3.844317324990301765e-01 3.210373521297827937e-01 -6.057341746113079628e-01 5.613763707408695458e-01
-6.857563841995843734e-02 5.914176297839677243e-01 5.523825917530470475e-01 -5.615248799051703044e-01 -2.797932365992860104e-01 3.700027197578507066e-01 -4.236332784490399184e-01 7.190082949352427644e-01 5.176638138506545195e-01 -1.893712568446949129e-01
3.326236833353532225e-03 -7.778073857063273581e-03 -3.537462992859559223e-03 1.246001734593452787e-02 4.615850239390341392e-02 1.813924046679325081e-02 9.257710580576124226e-03 3.677595548202406556e-02 2.252928730974245244e-02 2.792273740360791401e-02
-3.468848626469996088e-02 6.630033751681765897e-02 1.027173341492603476e-01 -1.376089897734361078e-01 2.657167731052917370e-01 -1.235217858752366352e-02 -3.776391336261558651e-02 -2.720084285193729440e-02 3.269026751464584185e-02 5.264893486462942501e-02
3.426915044898217189e-01 -3.192149798541640271e-01 5.929918849504203227e-01 1.866323528411306387e-01 -3.494493946289944919e-02 -2.092239855881483090e-01 5.408564854973670899e-01 5.065887276149857454e-01 -4.537470531546811126e-01 4.090760837819512608e-01
-4.282477986625441990e-01 -4.234043279557684475e-02 4.501571691018359522e-01 5.897832314393386399e-01 4.670842751626421707e-01 -4.770712315245110857e-01 2.081006600288724806e-01 -1.355618153067092158e-01 3.191955277468147556e-01 -1.310054779981667805e-01
4.229991476279905127e-01 1.955594026716751255e-01 -4.648951713091927229e-01 6.431833511843563222e-01 1.748324763372108848e-01 5.455491691572932067e-02 7.448775420661775115e-01 -1.656666252339500656e-01 4.124190562668948457e-01 2.852866024238302489e-01
3.118701651346633130e-01 -5.508713486091543210e-01 3.549802934747114391e-01 -2.375274461987746111e-01 2.906613201864378659e-01 -1.826940484652126717e-01 -4.567519584037958436e-01 -1.679482687920679229e-01 -2.002423587319613618e-01 -6.874012140587180131e-01
-3.536772589639124078e-03 1.359968309751309785e-02 3.421376833673503426e-02 1.792045627490845838e-02 9.290002901672081079e-03 3.804469560940519635e-02 9.873859865406278344e-03 -4.434289490897648164e-03 2.596337890696298958e-02 2.830844273942062506e-02
-4.625558279681843410e-01 1.149210504177974601e-01 -5.934671395817712192e-01 -5.134886209309873495e-01 -1.151325324417633647e-02 2.245165439329739887e-01 -3.699926430318369736e-02 3.927286854912585001e-01 1.065117818470787542e-01 2.429778602385629649e-01
8.298840417567951988e-01 -5.337427164656934897e-01 -7.693514087526692746e-01 4.701693632921257193e-01 5.955473230752714731e-01 3.149063984210815903e-01 1.116743730190724593e-01 6.656039052492708219e-01 8.042247700371485397e-01 -4.411077289950307567e-01
2.117348043534901178e-03 4.286437404306204374e-02 -5.941791662036238764e-01 -4.789655625141361339e-01 -5.806727003053467895e-01 2.870515423040608249e-01 -3.656180591060063101e-01 6.665922329005264935e-01 6.781467589826709053e-02 1.295728376710812528e-02
-5.784032000422684866e-02 2.872225916046498573e-01 -1.469082406624571957e-01 5.263524927192429759e-02 1.755574647320609916e-01 -1.007950331898275070e-01 -2.497842928012947161e-01 1.879951434506356989e-01 1.793440893113269763e-01 1.098781669662687345e-02
5.810034040248876659e-03 -5.567747560518120781e-02 -2.592656293625892894e-01 3.854409772542691237e-01 -4.344679555854077946e-01 -2.764702725493116409e-02 1.938396485844673667e-01 1.773302014117247860e-01 -3.256451238527251490e-01 1.906311919750389994e-01
2.900546762053783367e-01 -9.594787265660582876e-02 -2.700350418921680928e-01 4.213459641147858648e-01 2.789810546182003859e-01 1.698387777496936646e-01 2.261011893787629734e-01 -8.712146202835774345e-02 -1.319195600438228255e-01 -2.187245480786105811e-01
6.616338461873449983e-02 4.559477150478958851e-01 -2.472722221843120238e-01 1.891683679816490715e-01 2.798482692827012341e-01 1.455999186239780863e-01 1.107213107844990108e-01 -8.830280535136990350e-02 2.674727538607009625e-01 -7.387833846590140252e-02
5.223553080712409757e-01 1.111988507902937767e-01 8.167900073560854235e-01 -8.843597201074229197e-01 -3.957094733223805449e-01 8.727286423481003808e-02 7.581854516826190826e-01 -7.726856458885095202e-01 -2.096821056778976344e-01 -8.086891895728524071e-01
-6.296170843420143548e-01 1.837777366286498792e-01 1.062411349507638887e-02 -6.593162604903327062e-02 3.377099477457333188e-01 -1.404918640493422466e-01 -6.868905257577609946e-01 4.696738171524174610e-01 -6.553690471015307661e-01 -6.117855513568708492e-01
1.386669820195235957e-02 -7.464407293704782009e-02 -1.776751297729108059e-02 2.635640431336523926e-01 -5.105324911435019652e-01 4.516634433807254490e-01 -2.190772499572759269e-01 -2.639607042818165397e-02 2.329154195126069415e-01 -1.173527288071321423e-01
1.711554874857575126e-01 -6.255626489093912834e-01 -8.107754054415136080e-01 -8.161342544294641899e-02 -3.101895944835400543e-01 -7.991464564130301707e-01 -6.675584216946340854e-01 -7.254347248103647505e-01 8.643561376270053609e-01 -5.170795183106621229e-01
3.725288777786160965e-01 4.783336328674128168e-01 -4.058778465419629611e-02 -2.704380860070648707e-01 4.413829623177454864e-01 -2.911910609511619841e-01 5.197617403711773942e-01 3.563032130336252767e-01 1.572504673939691122e-01 1.400758067581606425e-01
-3.202260863107857514e-01 2.862578906605860452e-01 -3.428408356982103056e-02 3.087681715898519391e-02 -6.934092468544611476e-01 -2.467895581099240065e-01 3.289430280732362211e-01 -6.575471867399952375e-01 3.892147800015995918e-01 1.574290855424872754e-03
-1.746997346914792582e-01 4.814175560370407281e-01 6.170220125511355347e-01 -6.371786025923226182e-02 -2.348281945909231339e-01 -5.451214369678557548e-01 -2.581074421158978671e-01 -4.175570085725989200e-01 5.250844883120803219e-01 3.681140733640593798e-01
-3.791903641068909980e-01 -5.477423863975744434e-01 8.694495952434292407e-01 6.489106595544709144e-01 5.133027954534326032e-01 -1.406732951742875048e-01 -6.792653711434195607e-01 -8.241987638320476262e-02 -5.820905426878414390e-01 -6.623398530697606201e-01
-6.638366453126146038e-02 -1.100086689609704321e-01 -6.950135157977500588e-01 3.352540520410583480e-01 -3.820926454541017092e-01 -5.904894946707779368e-01 8.030741004303283415e-01 -1.496689628187381771e-01 -1.326491576009892759e-01 3.506329560610703111e-01
-1.486734115903060871e-01 6.099921547798340393e-01 -4.908104506672921197e-01 -6.713072929359047425e-01 2.525204851031174758e-01 1.312864714156632417e-01 -4.200537537552776618e-02 2.480665267070584212e-01 3.151928904567756207e-01 2.539759429005490343e-01
3.130709476156418591e-01 6.415855871903349827e-01 -2.224792250229951640e-01 3.586622054259325787e-01 -6.321895646598768570e-01 -5.868269727641850508e-01 1.077134032474968972e-01 1.979407134107364630e-01 -1.140650839633716856e-01 -4.451470044502218726e-01
-3.310588690243496113e-02 3.138805788584551060e-01 3.535935711260433378e-01 3.144145483920443573e-01 5.188535532695219832e-01 -2.837918430179329210e-01 -3.722223179588003417e-01 -5.542155224087368798e-02 -5.659117571228428067e-01 -6.123974192943339862e-02
-3.532360400474721107e-01 5.954236099616547762e-01 2.720343389875645168e-01 4.346218481655731991e-01 4.103924604763489192e-01 -4.511039359493356216e-01 3.616059641450527495e-01 -2.709018089629404713e-01 7.220405149772072262e-01 -4.240906592651639828e-01
6.242284748261807403e-02 1.338596133606531971e-02 2.779180626991594946e-02 -6.647615356189851867e-03 -2.044015454559929782e-03 -5.841188739026900202e-03 8.647563219927661624e-03 1.097431965416958283e-01 -1.750485154954461563e-03 8.827603575872488423e-03
2.147993608835705448e-01 -1.695676457875252424e-02 2.217604957908662217e-02 -2.590572661005904331e-01 -3.857611615013447071e-01 -1.131884605646050167e-02 -9.647341026111783124e-02 1.737365987161344216e-01 -1.318704465590918862e-01 -3.990290033762616262e-01
3.846474064439420748e-01 -5.512778872891554993e-01 -2.878825805850634412e-01 -7.060235693704869364e-01 -6.898597937032836802e-02 -7.018893945991282468e-01 -2.020863801839129226e-01 -6.343777048245055061e-01 -2.182023802925728978e-02 3.008862710669725771e-01
1.537671737534451223e-02 -1.287357291009053051e-01 8.925975697430893474e-03 -3.533603623860273601e-02 1.614632468744290339e-01 3.844235946903590273e-02 7.974493848399723250e-02 1.172584015376751387e-01 -4.166510510647040283e-02 1.061445163841268358e-01
1.249083817670576108e-01 2.563682030385234789e-01 -4.757992755013308595e-02 8.463198185182403688e-02 -5.718349729519033031e-02 2.118008739072249347e-01 -3.423469921968019247e-01 2.086850536455125971e-01 5.096727885412415809e-03 7.580683310340254055e-02
-3.943126349109707940e-01 -4.484612812699886181e-02 5.835664589831845994e-01 -5.127771886666045165e-02 -2.567141212894865632e-01 7.175944189126263195e-01 -3.183380631915233017e-01 -5.299725059274458250e-01 -4.084663753317818724e-01 5.385222714131651101e-01
5.809629191153786731e-01 -7.744374088325474415e-02 -2.598317157181065928e-01 6.626233764622883049e-01 -2.620032916030119452e-01 2.552533549328988433e-02 -7.760869648935321274e-01 1.497718380386026671e-01 -5.356662249606936044e-01 7.423993087519096257e-01
2.660334667778347373e-01 1.885191927980634785e-01 3.315982455143478766e-03 1.255293191011389586e-01 -8.453335113422028035e-02 2.301091972294353610e-02 4.196890363349857489e-02 6.578540350141588722e-02 1.288112711011090150e-01 1.572300331404530016e-01
-5.192396588575426408e-01 -8.481328575439435191e-01 1.528586534382651851e-01 6.030909619459899895e-01 -2.743313715526680130e-01 5.901591149263392122e-01 -8.409321618687212174e-01 -6.903785892930387746e-02 -6.881633035270254828e-01 6.393230110290918367e-01
-1.774195505802288533e-02 3.723103880408390465e-02 1.062354012510735302e-01 -1.047701290752493276e-02 -1.094818126769989131e-01 -9.563253693568314617e-02 -1.443990464250504702e-01 4.822108899475666816e-02 -1.189141342338146251e-01 -8.046571294927561124e-02
2.043413310291598006e-01 -2.405051719853256720e-01 -4.425175138916873085e-01 -2.968875876098397981e-01 4.299182212476543308e-01 3.701309052811536104e-01 -2.047194745426133000e-01 -5.492774813119599697e-01 -5.242482304994372511e-01 5.020483606168967272e-01
2.915282053895639214e-01 -5.316852419401514318e-01 -2.440593295379129765e-02 -3.546852776992212575e-01 9.722197314640367016e-02 -3.070831627205136694e-01 -4.372635278855209195e-01 -6.865536576148308090e-02 1.066347855581699020e-02 1.865756911423444020e-01
-1.293179673818255493e-01 -3.223873495421517021e-01 -8.815971493690834271e-02 9.245242736721699661e-02 1.486010033427200838e-01 2.450906778457618840e-01 2.734954298310881549e-01 2.342603134726236047e-01 1.504007578311468141e-01 3.800669244964065968e-02
-8.589778825493524783e-01 4.483093647543651139e-01 8.933009185520145168e-02 7.370534645751397607e-01 -2.696899737473228420e-01 -3.185457718533118987e-01 -1.519629244056023010e-01 7.647110395700538188e-01 -5.114100019578231987e-02 1.410755488800334856e-01
-2.520421494121909411e-01 8.474967065838476254e-02 5.694029680661246706e-01 -4.058069626617057390e-01 2.011026662457961189e-01 8.119547127157364930e-01 1.963786404658500462e-01 -7.834014412281714232e-03 3.390218575675708057e-01 -4.172403914272743708e-01
1.277814693867694064e-02 1.619991233336535996e-01 -7.737902781447345002e-02 -1.988965695667579137e-01 2.200791653442813745e-01 -2.686852191252045996e-01 -4.603591294747424317e-02 1.753803235194108939e-02 -2.454447178277533587e-02 -1.694000733012039073e-01
7.198203151300082425e-02 -5.378536007742557717e-02 1.528223470007302742e-01 -9.064141993512674425e-03 -4.427312943997750022e-02 -6.437685245097891917e-02 -3.830052638049409597e-02 3.239893498800460597e-02 -1.755665281666725919e-01 6.507222266918950837e-02
-2.868110474278823263e-01 7.708224722182923649e-01 9.186653630747995125e-01 -6.234276434290719759e-01 -1.047601570275936839e-01 -2.697462096542720400e-01 -3.108327386764589972e-01 -2.179337990141078929e-01 6.839098128283596090e-01 -4.196865441040541489e-01
-3.419208179795310554e-01 -4.373052272766498882e-01 -4.462005356756808538e-01 2.765956231940733812e-01 -2.326426101663262858e-01 7.242628699328237385e-01 -2.124199095664878745e-01 -5.162602281048294106e-01 7.632521932354677241e-02 4.438550810981581329e-01
-5.078257366468607037e-01 4.421986097058301368e-01 5.397642319286041213e-01 -3.209110092117881119e-01 -1.573027058263493649e-01 3.169554697453961789e-01 -3.199572236481488252e-01 2.317160271199212862e-01 -5.810898610246275631e-01 -7.131086188162958361e-01
-2.396202174445481170e-01 -4.593560058392138212e-01 -6.352809878837235580e-01 -4.088111908173391318e-01 3.863158213458211532e-01 -5.456137301058476829e-01 5.048031209398162744e-02 -3.231433003280870797e-01 -3.720120765147669206e-01 1.540995971170709966e-01
2.859336322335948380e-02 -5.302560707844794496e-02 -2.598602627113626440e-01 1.886014579036938144e-01 2.312508806797725774e-02 -9.712862839523320191e-02 7.045733224553800411e-02 -2.928697326979619320e-02 1.132553956755191632e-01 -2.530666265386082303e-01
-2.677627728952828301e-01 1.646665032816419516e-01 2.001487126364619729e-01 -1.546115170300087771e-01 -5.902365160091868068e-01 5.665426044153416552e-01 -1.318438661868628625e-01 4.454448212234086713e-01 -1.810736194688947198e-01 -5.559604569877512059e-01
9.839114197601858680e-02 6.086953076945853663e-02 -5.751101697281823209e-03 1.330075861712573804e-01 1.325378985750239047e-01 6.484996973256972053e-02 5.531772995886409527e-02 -1.915898460956775087e-02 -3.985139029601607319e-02 2.297945100448288425e-02
-5.666833072199588539e-01 -2.825623321450561054e-01 -4.578988598810637689e-01 6.334020614682426276e-01 -4.813452624630180643e-01 6.986593063190578157e-01 -3.442285740843488151e-01 -4.647082278954679513e-01 4.835501662568111869e-01 5.619544371486667744e-01
-5.395939136346553644e-01 -7.964894056311093429e-02 3.623441436215099620e-01 -3.782422861828549192e-03 8.204201384574875133e-01 -2.674586550404388086e-01 -2.281341893651759600e-01 5.784986928616341340e-01 -2.557725649857329753e-01 4.234403281632045934e-01
-1.433697733398243968e-01 -7.347078797168397901e-02 7.809502796647196932e-02 2.890121404131701724e-02 -5.028815435603964379e-02 -3.465448304664353607e-02 7.813359913325382267e-02 2.112241973374415303e-03 2.379626962839196530e-02 6.866478966936995221e-02
-1.223074082160180293e-01 2.479004060419286171e-01 -8.346012527248855561e-03 1.038752632938572257e-01 2.169382711914990547e-01 4.362765890152749820e-02 -2.081706045433954766e-01 -1.569333982498672120e-01 -6.520116467116460202e-02 -1.168043305296129070e-01
1.325401623507516634e-02 -8.504842448855899628e-02 1.220191680940337434e-02 -1.921237363777860696e-01 1.223454167201408205e-01 1.050078316583514665e-01 -8.866612225769873734e-02 -3.045676540933737186e-01 -2.973068386159807841e-01 -5.978063950266235826e-01
5.283943262698551635e-01 -1.314141393696002247e-01 -5.348169932250926850e-01 -5.720978009314422463e-01 1.315137332745610066e-01 8.830123590823248103e-02 -5.286050740875186671e-01 -6.640183644925350126e-02 -6.364133319031263225e-01 5.206228491346690523e-01
4.643010142849456900e-01 -6.386170444636584120e-01 3.798396705928241968e-01 5.762605834105284375e-01 6.324390130783874575e-01 -3.034209965062125147e-01 4.031882541587397117e-01 1.679731402796774131e-01 -1.165105913042014871e-02 4.834470370084689161e-01
4.308647709266659187e-01 -4.533895906489228134e-01 -4.056613274844407258e-01 1.736935945318894003e-01 -1.407860481008467168e-01 -4.196905179992307944e-01 5.162078174260738006e-01 4.320045406652090469e-01 -1.297061831053241687e-01 1.146343211547343893e-01
2.078770280652844915e-01 7.925459342314714606e-01 5.077572015360488633e-01 6.002102851529954597e-01 7.216622541207238228e-01 -8.029586455775814535e-01 1.669409428780508631e-01 7.972759850101032164e-01 3.092923660887401671e-01 -8.712729107765776471e-01
3.137378481510324502e-01 -1.284200187715488495e-01 5.853233881931113602e-02 1.435882232922011947e-01 -2.087042329646412731e-01 4.209411513673852467e-01 -4.778076085337895629e-02 2.310476817026125007e-01 1.514717453110207557e-01 3.400158042555048166e-01
4.420207711092197789e-01 -5.579108487943044148e-01 5.651303800641811481e-01 -3.557636767314676929e-01 -1.843762611162717835e-01 -1.576042082390996801e-01 5.515963530202453446e-01 -4.533133754775212076e-01 3.279954885713085577e-01 -2.392731860241905095e-01
6.766662696220173689e-01 -2.550179482222822425e-01 -7.074167716214960766e-01 8.933002255226977217e-01 8.627992266662118381e-02 9.339185712802617889e-01 6.929653596399870663e-01 -2.708355484490164722e-01 -9.291042408540810260e-02 7.890262546593415083e-01
-2.188079260980467233e-01 4.887684089338066237e-03 5.183953780382043880e-02 -5.358659107365630891e-01 -4.370494780363521348e-01 -2.346259473009104923e-01 2.297235833113769055e-01 -4.128543354783144048e-01 -3.034687605206999317e-01 1.479776084891809007e-01
8.118015782534694288e-03 3.733942043458739896e-02 6.021549189267084816e-03 6.425908962522064449e-02 -9.695555287614791157e-03 5.417493807596558686e-02 2.634012831724235194e-04 2.937097439669368246e-02 6.310636224266638790e-03 1.168490103513845565e-02
-1.229468665130858396e-01 -6.053285736023463759e-01 2.813534085168246102e-01 3.225755152824674732e-02 4.854216816457032624e-01 -4.565494720577385479e-01 2.411732491946218526e-01 -3.984838206948943529e-01 7.163955102529259156e-01 4.425352750935619972e-01
-4.833694922163822572e-01 6.656241207076710742e-01 -1.046904805556668761e-01 -1.659936475282260682e-01 4.618565970544456500e-01 5.157610817266341519e-01 2.641083335669601184e-01 4.633074550757176335e-01 -4.678305826337370021e-01 -3.978006733925348870e-01
-6.894212016602051241e-02 -4.433233077710313497e-01 6.361445923373044986e-02 -5.115087342356815225e-02 1.768046846941448980e-01 1.716625877146761292e-01 1.251287308222962247e-01 4.265691921807363562e-01 -2.991930137426002667e-01 3.483284124049402797e-01
-6.788340125038108130e-01 3.946636297741387689e-01 4.492302854233956588e-01 7.222428273895785678e-01 1.313803634990287350e-01 5.906708586819741091e-01 -1.917412388296822756e-01 -8.925532524254574385e-02 7.067787293607509236e-01 9.209469414591546499e-02
-1.495148215536287184e-01 6.259910286235793597e-01 -5.629013885351842328e-01 1.923436864766035204e-01 3.076653642906235220e-01 4.185390873190574235e-01 4.013292233349662341e-01 1.160971003876047208e-01 -4.274831527918843826e-02 -1.582516527502957904e-01
1.780640272239287364e-02 -1.475757831829060777e-02 1.575548195493646497e-02 4.115197412387387038e-02 6.070578246790479804e-02 3.558056799855486424e-02 6.950237007616931993e-03 4.449704609240753839e-02 1.109322421551171139e-02 3.731730083398256820e-02
-4.908669753303687155e-01 5.967401619585539496e-01 -4.897309363435243257e-01 -5.188105263118016237e-03 5.718660444674426024e-01 -7.479715035587327643e-01 -7.995094258800716780e-01 2.629056887819069543e-01 -3.389218716024127165e-01 -7.032107884475444770e-01
-2.240744964966032426e-01 -1.925249747659395494e-01 8.711888497088494943e-02 1.410342580181835892e-01 1.538415207701389065e-01 -4.360606895424893881e-01 1.171901837908917166e-01 5.871541130679091003e-01 2.199527480886076802e-01 -8.524627938987915099e-02
-5.443381199882659782e-01 1.979278263619404787e-01 -8.121752856391010189e-01 -3.337995925482729054e-01 -6.751062243415945074e-01 7.814555464310170285e-02 -8.327835459425114717e-01 -5.075175429750858891e-01 7.986979929727340277e-01 6.885128358039407370e-01
5.234179153097645587e-02 5.421741638182493023e-02 8.830008417567046519e-02 -1.239607035228077331e-01 3.585989627132779578e-02 -4.934772630237133084e-02 -2.340489032735931091e-02 -2.461530550787841345e-02 5.721945209035787794e-03 -2.258558452085892947e-03
7.807705760507181736e-02 -2.097966531944324142e-01 2.947999172881648478e-01 4.346151621066360882e-01 -4.867185397142760328e-01 1.788016059898653309e-01 2.345363401942618109e-01 3.840759792395914696e-02 -5.011909916646968277e-01 -5.675515447453819418e-01
3.063782024683716632e-01 -1.639230180384646796e-01 3.002830811474844763e-01 -2.944696713301086372e-02 -2.471103385240963068e-01 -2.981236520889068431e-01 2.200566104201292505e-01 -3.577936112202682595e-01 -1.745017424556840613e-01 3.820978899079544022e-01
6.966065360423986386e-01 -4.808845032959325749e-01 4.771452003706146416e-01 8.241803633860388389e-01 6.137561072279379415e-01 -3.270159592090818995e-02 5.269341844658677054e-01 6.938346782496628284e-01 5.926451373863678151e-01 1.055305891033521404e-01
9.187726816458818835e-02 1.171487735027574584e-01 4.627893754506152146e-01 -1.457724982741185615e-01 1.901166115514317245e-01 -1.990027413243701249e-01 8.916978124039340314e-02 2.681013754881486078e-01 -3.748329538782104731e-01 -3.592157744758607829e-01
-3.597709549223358505e-01 1.337721809530295070e-01 3.863649744257391383e-01 -5.832121220733483824e-01 5.722963675312577880e-01 -1.264328675569989235e-01 7.232691827515257410e-01 -5.623361445093068012e-01 7.514568599752884104e-02 -4.118439070149943620e-02
1.635545215307505074e-01 -2.318794082450702509e-01 -4.387066920572263440e-01 1.557461014722465349e-02 4.932125827764691217e-02 -1.701209529428706832e-02 4.018153796982485426e-01 4.252282785604618587e-01 -3.405706033665744509e-02 -5.549328044911115976e-01
3.076629873284266736e-01 -6.193750712280565729e-01 -4.803634620040024283e-01 2.945412947454942310e-02 1.573234268878721809e-01 2.945223396799487858e-01 -2.647899766764306162e-01 2.028095250899708268e-01 -2.744180257937606227e-01 -4.057794059485965166e-01
-3.846271394687807849e-02 3.732650455490315600e-01 3.259438240153714750e-01 1.888557812408714898e-01 -6.474615843810908877e-02 2.236061138118137226e-01 -3.302296983672977637e-01 1.882778958249768930e-01 -1.134373711146390842e-03 -4.306986929463461067e-01
2.520672525166784417e-01 -1.878745992116689634e-01 -1.591221381788108791e-01 4.539138842973009513e-01 3.895684259009154493e-01 4.634850910868124063e-01 6.979355299625483733e-01 -9.169934391393955164e-02 -2.979525534179352508e-01 3.379820991297060040e-01
-5.172038027963569151e-01 -2.263532521177445689e-01 -5.247041626779941348e-02 -1.863322788313681588e-02 2.643430367256901503e-01 -2.657141194415766350e-01 9.462018111983676663e-03 -1.872844390020861893e-01 -2.885267830255776045e-01 2.429591055574516489e-01
-1.906310888548415350e-01 -1.151143476304912622e-01 -2.969258573957687108e-01 3.439735788256989557e-01 1.902110040662790824e-01 3.748192887539603113e-01 -1.776415660019707299e-01 2.907973311324484056e-02 -1.787985307580253549e-02 -2.429532703043581904e-02
2.231149544968800968e-01 2.405454686690679522e-01 1.794187463754914891e-01 -2.200629335059922642e-01 -3.723690751905376350e-01 -2.462153677496299320e-01 2.235991960596781514e-01 -3.290119056057774771e-01 3.631770280116221050e-01 6.758457999810919825e-02
-1.858314098074969277e-04 5.331696090478524885e-01 -4.414461191375266824e-01 4.756645440343115760e-01 6.475031790834737677e-01 1.773220001899412090e-01 3.218849114441765247e-01 2.759620119625937895e-01 -4.693651728843788451e-01 -6.468159186641275760e-01
2.944275163386730898e-01 -3.874236321715017195e-01 -4.244254248885953040e-01 -2.421041628631231679e-01 4.919982771384103226e-01 -6.560779355982974959e-02 2.189976709488435092e-02 5.395381955403814045e-01 2.728246640546045931e-01 -2.576978484471331154e-01
-7.521217687957067188e-02 3.017636111960206868e-01 -2.545136162782646871e-01 1.809851389636186747e-01 -5.157865696043073545e-01 -1.678024827253716544e-01 3.092094657204212949e-01 -2.762587776902237779e-01 6.739892095215029855e-01 4.566434947775639408e-01
-4.620051049558769607e-02 1.077691164242390864e-01 2.502823797252058946e-01 2.252244694747978504e-01 7.858784584516959049e-02 3.993875495153919042e-01 1.802106707945422825e-01 -9.962841432680628884e-02 1.009150989888707023e-01 2.861122893363285402e-01
