6.281527724689236480e-01 -7.911147955526440789e-01 -1.144743952589536984e-01 -6.186753667524245159e-01 3.210650858513246497e-01 -4.557639334301300527e-01 3.528060714123372188e-01 5.918978883377969957e-01 8.053875315171099558e-01 7.070136651835022823e-01
1.489435538105807200e-01 1.206337334685054913e-01 -3.856594438503128108e-01 4.048301813232054180e-01 3.948766176568216379e-01 -1.070455268133202742e-01 -2.524205325632711272e-01 -4.298220564356003970e-01 5.158932532227600287e-01 -2.688938725644455796e-01
2.779005951912324468e-01 4.412915635196483777e-01 -2.001185996084725235e-02 6.553810769947677750e-01 -5.667177631258689674e-01 -2.938029325299272299e-01 5.539190527736717051e-01 2.535796062884643765e-01 6.821440728606756876e-01 -2.663608316432590772e-01
1.797285064894556805e-01 -1.500078272704506999e-01 -2.468819068368115210e-02 -3.027825392297028850e-02 -1.238629401469027030e-01 -9.438121792429604584e-02 1.497783621551938005e-01 -1.217909409164417422e-01 1.077750540773600857e-01 -6.560508355017614923e-02
-6.938989744630823589e-03 -2.897528194713436690e-03 8.350931995852202416e-02 -4.891315534298566574e-03 8.132692337875793709e-02 2.441419682602708266e-02 1.218455557589297536e-02 6.700953266179382473e-02 1.573848751292524287e-02 3.939240213963753762e-02
-4.455955268473009157e-01 -7.467187656396828688e-01 -4.072280106998410476e-02 -7.939309389010390516e-01 7.014983023419490982e-01 -6.939106305178347478e-01 5.530574384901333351e-01 7.122849868631735415e-01 6.743116510201424552e-01 2.296998818645851204e-01
-4.827398170025337665e-03 1.695970979622112851e-01 8.765644357102006512e-02 1.483024000211622187e-02 -1.429465863916258746e-02 6.286040626816009370e-03 3.850082204088147581e-02 1.661014471941005613e-02 7.243833901236344797e-02 6.637026330931714187e-03
-5.348083606815071667e-01 6.800803795991657852e-01 8.269103301831243202e-02 6.852059274237519704e-01 2.255454487057647617e-01 -3.245032203648703928e-01 -3.837686445187381001e-01 3.200997617051468125e-01 -6.045767702056734638e-01 5.596183678763378966e-01
-6.957412790902640920e-02 5.905481417615924267e-01 5.495977832526767193e-01 -5.612592771303711592e-01 -2.799304303313642217e-01 3.677143251383241385e-01 -4.138588336535694023e-01 7.200929550591899098e-01 5.174239327312756265e-01 -1.892937044885576459e-01
6.238598192972641052e-03 -5.603060461004191403e-03 -1.078208371769153254e-02 3.178749942513429266e-02 1.056028267493070716e-01 6.182822214732477256e-02 1.472497069633547581e-02 4.094475472454577741e-02 3.375696562698558834e-02 1.397776325490591998e-02
-6.350612995685060713e-03 1.157984214552638946e-01 4.856122291536263402e-02 -4.640701743388114808e-02 1.987981335234926816e-01 2.810123074693450518e-02 -2.543220372959874992e-02 9.570305040253024309e-03 2.629835933408372281e-02 4.338624896817828286e-02
3.422648207967820544e-01 -3.188770874314293402e-01 5.954876733641263353e-01 1.864058760011728377e-01 -3.493785473141439168e-02 -2.090144724365666784e-01 5.402651023207120096e-01 5.067658445480769380e-01 -4.532632512243928158e-01 4.087003527391833146e-01
-4.213958373587909367e-01 -4.415982718811232999e-02 4.405848462581050673e-01 5.790814975855675950e-01 4.675112352804480786e-01 -4.549549976563920239e-01 2.075009407894464197e-01 -1.357276785442427247e-01 3.157048072975705555e-01 -1.273510735560696161e-01
4.146688184297041557e-01 2.024051199456775585e-01 -4.651315082044771843e-01 6.349525885031657157e-01 1.743017713646721478e-01 5.295556269519307441e-02 7.442480298911555714e-01 -1.599169183085487056e-01 4.120225637403246988e-01 2.894179907418301112e-01
3.107582291869284141e-01 -5.498679607822646309e-01 3.638153178473885752e-01 -2.359720943333055709e-01 2.920841431857069126e-01 -1.800484803257786093e-01 -4.541548329651067251e-01 -1.670737680659217517e-01 -2.015144866423689840e-01 -6.816538389552071475e-01
-1.107326491247250617e-03 1.771353319684655647e-02 5.553616029478861821e-02 1.432773679983122793e-02 1.537817681368128069e-02 5.561940396311115808e-02 3.111448011995301619e-03 7.607561006070789368e-03 2.273685790590442013e-02 4.418610709848022622e-02
-3.822864663608596669e-01 9.409262428592586602e-02 -5.216271013457027816e-01 -4.448864133208238480e-01 -1.488583042647537852e-02 1.854348372229745190e-01 -4.508129828525817007e-02 3.510383160620175746e-01 9.072534106389623654e-02 2.423349574720027599e-01
8.297674737614654239e-01 -5.337672725405513408e-01 -7.693720606122405048e-01 4.700892768999452298e-01 5.960049269312730491e-01 3.149311558160529656e-01 1.115673326916980235e-01 6.657051875757044046e-01 8.042207115531011530e-01 -4.411909266302567190e-01
1.322548526701891949e-03 4.150592344566559483e-02 -5.878207044618206645e-01 -4.763552156296894657e-01 -5.774841297615523894e-01 2.848582647700904635e-01 -3.635406728854286285e-01 6.721882899466798955e-01 6.692401741880869837e-02 1.282389245611662530e-02
-3.145803595189253232e-02 2.222753311896451534e-01 -1.271041105635973556e-01 6.096489624258308315e-02 1.875878189616259906e-01 -8.386055615520758566e-02 -1.810749159171765599e-01 1.190111502221189166e-01 1.311417845164436491e-01 6.019595842754046910e-02
-6.619036949644978123e-03 -5.448328036160166726e-02 -2.293117909574339808e-01 3.551744664752618519e-01 -3.977373268325558042e-01 -2.660537099452318921e-02 1.692504789705507606e-01 2.079152597532922808e-01 -2.958507837779754124e-01 1.639641557136329031e-01
2.711041976635010786e-01 -9.044498707116706282e-02 -2.039728175909182317e-01 3.961397021284946418e-01 2.597538763678381990e-01 1.615787097615124512e-01 2.029575163329025989e-01 -8.997106113983081854e-02 -1.229491346508643501e-01 -2.122308642462744921e-01
5.532790428979687813e-02 4.026120116929995385e-01 -1.833283588509422857e-01 1.654760942902969989e-01 2.453296447494855426e-01 1.254984592915769082e-01 9.840621775711132224e-02 -3.644573020669920893e-02 2.362221981008152116e-01 -6.791962159447703651e-02
5.222554500540109723e-01 1.115884777644502168e-01 8.166429008026167002e-01 -8.842745117510040220e-01 -3.956936960014234561e-01 8.720153961059841363e-02 7.579957556848456734e-01 -7.725788555291833726e-01 -2.091231290559754652e-01 -8.074090252393721912e-01
-6.267066786112518439e-01 1.823438323473949851e-01 1.313601297812209447e-02 -6.638729785829260155e-02 3.359446043229653012e-01 -1.317983208307574039e-01 -6.817157054318443432e-01 4.606279918681461805e-01 -6.512141371887671948e-01 -5.963045045731859561e-01
1.076716255508548131e-02 -2.159306591296033043e-02 -1.663763270895081414e-02 2.413444960255337057e-01 -4.803537555530011383e-01 4.095916816315748887e-01 -2.020585782152576337e-01 -2.454991645891999377e-02 2.141926576182899555e-01 -1.156237496368323348e-01
1.707732731670861537e-01 -6.254435559039348558e-01 -8.074838428045272298e-01 -8.182259891939197560e-02 -3.100818650030573442e-01 -7.991600844212282118e-01 -6.671623868417400072e-01 -7.253048299730615600e-01 8.636059056694292968e-01 -5.173742225510024051e-01
3.677646037256916411e-01 4.725577740604992028e-01 -4.058196897884798482e-02 -2.680157563035894808e-01 4.402807487112856411e-01 -2.734263768014972285e-01 5.121107608894120977e-01 3.508516279384646941e-01 1.541595177724363608e-01 1.383388729086490743e-01
-3.188786910070081637e-01 2.921525916415150803e-01 -3.606848771314186131e-02 3.175593941686444266e-02 -6.892039471364034275e-01 -2.344017890626514666e-01 3.328157253343606570e-01 -6.514102441168619917e-01 3.845383530683491591e-01 8.213098747670125019e-06
-1.701676152725158098e-01 4.728069829076084196e-01 6.109329520648288936e-01 -7.365538972592923506e-02 -2.046347729621479927e-01 -5.377337782328347471e-01 -2.576740864568340394e-01 -4.028297524952429431e-01 5.159618464144560823e-01 3.541868904424538833e-01
-3.801476105150312645e-01 -5.369142812743002979e-01 8.693112183621258815e-01 6.503525240896443904e-01 5.091825671679358623e-01 -1.410307657350874377e-01 -6.747831115926574697e-01 -8.362915639382689781e-02 -5.763197471630048252e-01 -6.630151018839406385e-01
-6.686456812149649265e-02 -1.096864551679718469e-01 -6.902772041568449035e-01 3.332326957939920065e-01 -3.808211869462133081e-01 -5.760288202998075091e-01 7.956172212423007206e-01 -1.530775954483312717e-01 -1.317569459868942749e-01 3.562043319252303775e-01
-1.494473560166757753e-01 6.057108600885970917e-01 -4.882845409938291747e-01 -6.683463276584221679e-01 2.553772550232831229e-01 1.322538671987807390e-01 -4.423233586061019879e-02 2.593119051304832445e-01 3.158965025691110595e-01 2.464469986571577731e-01
3.089132916005120633e-01 6.333414019068209777e-01 -2.220715760123246063e-01 3.520717043840062010e-01 -6.083752257338261860e-01 -5.776808472024402841e-01 1.099930970825685611e-01 1.917524613805988987e-01 -1.171438254948875685e-01 -4.399084982160603730e-01
-3.437938133723572598e-02 3.195532279503981443e-01 3.505767624486131329e-01 3.130692024325990586e-01 5.172808066963239249e-01 -2.778191276001655274e-01 -3.697305077165663478e-01 -5.283065841307776900e-02 -5.640502501128394908e-01 -6.209085378228425267e-02
-3.537269065861374240e-01 5.875337607502482129e-01 2.765297596178685757e-01 4.283672624224595937e-01 3.983989809699271523e-01 -4.536837264924665769e-01 3.550861335114468553e-01 -2.571224581698658973e-01 7.151087580250110598e-01 -4.219131176179558573e-01
1.069663416572880221e-01 4.804570846993216904e-02 3.248068984265832515e-02 1.150802914775074688e-02 -7.070079847307308464e-03 -1.725860529132383983e-02 -1.007627536154883410e-04 2.047936511730665265e-01 -1.284898204456549377e-02 -4.986944726078823033e-03
1.175324386225502227e-01 -2.957166347381346913e-02 -9.409291060899339573e-03 -1.464124767007368988e-01 -1.800537967169407727e-01 -1.319834501067748168e-02 -4.563855898536142708e-02 7.209589408895446250e-02 -1.034571850558678036e-01 -2.491383921610535179e-01
3.824275084628157018e-01 -5.487228112573372396e-01 -2.849946360772254161e-01 -7.030957511488914458e-01 -6.891943646810450019e-02 -6.925476768796108296e-01 -2.040100588974376183e-01 -6.343972986367752975e-01 -2.095642335905110315e-02 3.146491687702513418e-01
3.363488276151888751e-02 -6.623011712302032117e-02 -8.751188164517822998e-03 2.443423202146416048e-03 1.790436099602703002e-01 -1.062455599574492829e-02 6.565061328143025066e-02 4.997222230405028859e-02 -8.394329030062904276e-03 5.561866280326457218e-02
1.132550698031615372e-01 2.440873235596739965e-01 -3.029803446874317074e-02 1.279988257095006354e-01 -4.010627358544511384e-02 1.496974024002336590e-01 -2.596703755726402219e-01 1.719582032689699336e-01 -6.050979520993719253e-03 7.145724744189814459e-02
-3.794036254131498143e-01 -4.027739320685409102e-02 5.791261042590852837e-01 -5.112671647663628166e-02 -2.526100266931886607e-01 7.098248306475446467e-01 -3.179168797047283723e-01 -5.156382053739424487e-01 -4.077686190856663062e-01 5.447413856229692541e-01
5.803712172531935165e-01 -7.543654754739735624e-02 -2.596642882526439822e-01 6.618567356744601282e-01 -2.619438334751983954e-01 2.617176048638008776e-02 -7.756069054516612216e-01 1.503446862621263258e-01 -5.354953232286567832e-01 7.418657443928469153e-01
2.387603758121602249e-01 1.609477923709322633e-01 1.314461851467673727e-02 1.111071714580777470e-01 -6.825614850368341702e-02 9.585894559643584611e-02 4.788009674046828784e-02 4.673080894393381868e-02 1.092196015351249716e-01 1.305066952374298039e-01
-5.198601123898273224e-01 -8.462122548808045375e-01 1.556257290997516141e-01 6.036403014521956045e-01 -2.753737572263440514e-01 5.896484048368657582e-01 -8.403334569800643417e-01 -6.975491160857812123e-02 -6.876939345172458085e-01 6.391977165436023567e-01
2.335860732903298747e-03 2.807856780023477300e-03 1.672580264614882684e-02 -1.854362661871539891e-02 6.157491591223811234e-02 5.680872060801233497e-02 -1.278789029700607219e-02 3.931287177263700916e-02 -4.325367086290270863e-02 -1.754295370871349763e-02
1.982365615858804053e-01 -2.350688621142269785e-01 -4.369751597504474283e-01 -2.994391955818527240e-01 4.347961743346016594e-01 3.657848050661990369e-01 -2.094880535340539474e-01 -5.276596800845860802e-01 -5.151155344045015294e-01 4.889675247129983138e-01
2.761693586393383915e-01 -5.044413521938549971e-01 -2.062421354224763803e-02 -3.357535109176548738e-01 9.794892088690504428e-02 -2.895140326484688664e-01 -3.832302760009652087e-01 -6.206200714369990157e-02 9.046384678471528287e-03 1.763216839212627118e-01
-1.058370121335213132e-01 -2.723272407406426288e-01 -7.476641482175053199e-02 6.483438988922068935e-02 1.886027130835480625e-01 2.042051408567242266e-01 2.226939484976081796e-01 1.840671424155731484e-01 1.146974382601095854e-01 9.022599127358327253e-02
-8.559841529128963122e-01 4.488753969986193360e-01 8.838400815099926866e-02 7.402654602009285378e-01 -2.688895211038708766e-01 -3.179494053175991319e-01 -1.515047498752454536e-01 7.619855562970638818e-01 -5.127722660658379922e-02 1.401010376971408566e-01
-2.411464724764687817e-01 8.390496429041453819e-02 5.651007275045129008e-01 -4.027707552959080006e-01 1.992197805671789279e-01 8.061666705960135459e-01 1.950652115222895333e-01 -7.679886137930768721e-03 3.365395656372092148e-01 -4.146354053800588857e-01
7.472859674835082879e-03 1.102238726429101562e-01 -3.044866801719387298e-02 -8.677631695403710543e-02 1.063215555392513639e-01 -1.494311389544059343e-01 9.598114687154864211e-02 1.147758679224022277e-02 -2.875850899844372300e-03 -9.460438874187088176e-02
5.995882636225188800e-02 2.186650771374218372e-02 2.008507382321939871e-01 -1.665351240452654993e-02 -2.239574354531108716e-02 -4.034552015967159816e-02 6.818515013470760784e-03 3.024983047554750948e-02 -1.040956870123323219e-01 2.060260999005407434e-02
-2.850868226976007169e-01 7.620855210817587544e-01 9.135684115992662724e-01 -6.199740776396196473e-01 -1.047311538287839933e-01 -2.464567597352096129e-01 -3.178098459114000462e-01 -2.268798764447972349e-01 6.790364623085707318e-01 -3.966360732094880159e-01
-3.376408193049799111e-01 -4.367303602180525601e-01 -4.450832698778766638e-01 2.739417652421884397e-01 -2.330330020604044206e-01 7.289720917749141771e-01 -2.082293866206197663e-01 -5.146687286410320805e-01 7.486174227169754836e-02 4.377289104186396496e-01
-5.075748968070759037e-01 4.419356671454532925e-01 5.393723471944091852e-01 -3.210372369497210832e-01 -1.555618510822830702e-01 3.177330128447619639e-01 -3.198835567257812262e-01 2.311459763989788252e-01 -5.809962006423292635e-01 -7.117999969373426383e-01
-2.340998111150445760e-01 -4.525126623285310457e-01 -6.237266267905378081e-01 -3.831239095024432939e-01 3.782875737967015817e-01 -5.359035372857045010e-01 4.716830465013223395e-02 -3.166045104561049928e-01 -3.662121533670774087e-01 1.458184181016214109e-01
9.996839183436360965e-02 -3.897213997784709089e-02 -2.305841816526493782e-01 1.597452522252589546e-01 3.256242708826206922e-02 -9.290298939010155355e-02 6.434645410511234676e-02 1.298552952363367895e-02 9.056171886125026493e-02 -2.080254790175335711e-01
-2.539838422209999003e-01 1.634730303820531583e-01 1.977350471550113342e-01 -1.456045890737039383e-01 -5.748657462125501549e-01 5.608351174574911502e-01 -1.219006195724621211e-01 4.367761198961524483e-01 -1.756435609069056658e-01 -5.471012583737980828e-01
7.319912446819007434e-02 2.707540618801518306e-02 1.924944520429611866e-02 6.278861879352701236e-02 1.031941239416857281e-01 -1.577915819892835789e-02 3.936605897314674959e-03 2.617933862584039331e-02 4.218054019841632404e-03 4.386613178409725505e-03
-5.653065788111493184e-01 -2.823261842036565161e-01 -4.561433726771604302e-01 6.324713721898069796e-01 -4.838373500896528956e-01 6.912113596577553754e-01 -3.440944905824372957e-01 -4.563202679516012994e-01 4.819801497266646972e-01 5.611095202710506546e-01
-5.399055935465065792e-01 -7.971652283062496958e-02 3.621288391544223439e-01 -4.026552229827073254e-03 8.202593676742391260e-01 -2.675231759187770009e-01 -2.277194995878893402e-01 5.789692990017825114e-01 -2.556300075048599796e-01 4.227351011292795335e-01
-4.273832238528402910e-02 -2.685100449917033824e-02 3.455485172996719534e-02 5.990195898555568388e-02 1.536331597754666926e-02 6.331532557382947568e-02 2.429432262862729272e-02 -1.436469146979128635e-02 2.685620849418870418e-03 1.188037897477301347e-01
-9.095512954770124114e-02 2.322817961820825006e-01 -1.929992663959182245e-02 6.752940894235925917e-02 1.576935455886754600e-01 5.059503075392542126e-02 -1.304324119132620197e-01 -1.334558195359468735e-01 -4.306154391999385267e-02 -5.823845223077954436e-02
7.705112057016900821e-03 -6.984380860975700211e-02 1.662698214018351953e-02 -1.641559486160462100e-01 8.675302328946887798e-02 6.281071223421971772e-02 -8.297841637198451192e-02 -2.221591732566977895e-01 -2.692156048736624729e-01 -5.271982187672108466e-01
5.181181363080998858e-01 -1.026396168698088807e-01 -5.264081101894507730e-01 -5.599041077889692630e-01 1.227989394145838631e-01 8.630454259290457064e-02 -5.126787609610052865e-01 -6.804675172678942285e-02 -6.190788230298448491e-01 5.107163338636810934e-01
4.610555028054893478e-01 -6.362825269273655326e-01 3.783148049594351470e-01 5.747520279752935668e-01 6.292073903717472216e-01 -3.056389004159189571e-01 4.009021487689998220e-01 1.719625251008380928e-01 -1.273206481760727829e-02 4.826119981524129021e-01
4.193050638085904502e-01 -4.463128503015410531e-01 -3.778963470621833909e-01 1.657179739603013013e-01 -1.395565480211359843e-01 -4.136127051495808726e-01 5.028568923472822583e-01 4.224189792837149682e-01 -1.274703510973674569e-01 1.118379119308940267e-01
2.125820415414404752e-01 7.906207600467018981e-01 5.095673300195071587e-01 6.025118618485811872e-01 7.222737893186251812e-01 -8.031504300759133574e-01 1.674390876923820826e-01 7.928688551108132865e-01 3.089495359496274851e-01 -8.702827180595354983e-01
2.655972493631289510e-01 -1.132769302226164787e-01 5.204773107325417342e-02 1.337788788066175683e-01 -2.056649774846968648e-01 3.457354832257062971e-01 -3.040709699848753375e-02 2.434179047894646786e-01 1.377808057208701475e-01 3.471590981136648546e-01
4.323268640244251060e-01 -5.380842746067746596e-01 5.566512222961296219e-01 -3.540323507625257049e-01 -1.775035114960424598e-01 -1.606962523022124889e-01 5.565541549350058181e-01 -4.455204137287527844e-01 3.266535863907460424e-01 -2.320929483097282087e-01
6.766387347234890104e-01 -2.550036001543870556e-01 -7.074584532560286299e-01 8.932583712407800025e-01 8.626010642852723065e-02 9.341072077569158028e-01 6.929450204352914922e-01 -2.708447988666320971e-01 -9.290677505436950590e-02 7.890342439403916774e-01
-2.188727296827212287e-01 7.109159751732751012e-03 6.434059696960617303e-02 -5.210373475071105043e-01 -4.267613727056769335e-01 -2.370799660321674107e-01 2.164303288642658862e-01 -4.044655984860926479e-01 -2.954890855428226604e-01 1.428627954431127278e-01
5.454647820503310228e-04 4.717873138313333908e-02 1.374463190878048684e-02 9.070253228388179545e-02 7.469505050970284832e-03 8.149767669094172551e-02 -2.341687095479769447e-04 4.871780723705623067e-02 5.952422945550375592e-03 1.479838524138832150e-02
-1.264107239478175770e-01 -6.032503981365353596e-01 2.757574734017073648e-01 3.309517556284452544e-02 4.915158701308107725e-01 -4.562044247421039866e-01 2.471422099085436863e-01 -3.982320401361991724e-01 7.146469445973662182e-01 4.417530243790797617e-01
-4.829829023820084721e-01 6.754005838469911982e-01 -1.036588051409710887e-01 -1.627695074348869952e-01 4.554884417545115305e-01 5.136601331863734909e-01 2.685414931890733325e-01 4.594887301476893726e-01 -4.627112495892498067e-01 -3.979041251873520757e-01
-6.477825726740052414e-02 -4.124591148307598654e-01 5.432320371784003094e-02 -5.801519158781024560e-02 1.526570988965220976e-01 1.791697447749626415e-01 1.126477725235408844e-01 4.081391628664678417e-01 -2.703352134374065741e-01 3.249711808775620492e-01
-6.774084908459118148e-01 3.952156370557657894e-01 4.481624820711108126e-01 7.199222755057214096e-01 1.306622061989497763e-01 5.890214904524764261e-01 -1.913521930817603245e-01 -8.453943751902165404e-02 7.054184793859207270e-01 9.197241687130902621e-02
-1.490430078511656153e-01 6.238705254699652425e-01 -5.614663316736018261e-01 1.914867134955238193e-01 3.062940262142035963e-01 4.262071479804025453e-01 3.999894976089073406e-01 1.154933938751005612e-01 -4.287590231168336707e-02 -1.581499682676709984e-01
1.100557426279622462e-02 -4.730768840204698129e-03 3.190011576220153772e-02 5.760750985679843894e-02 7.611377807229921522e-02 2.217232190227683489e-02 8.465916544066210900e-03 9.633240577161619744e-02 4.082284505353020454e-02 4.483087494842822457e-02
-4.907757831332831278e-01 5.993720256523055179e-01 -4.901078914199550329e-01 -5.612678231821321105e-03 5.723051371683037791e-01 -7.475766306978411935e-01 -7.993244382985462693e-01 2.622177750904600702e-01 -3.389448713167137472e-01 -7.029631361865955608e-01
-2.115583335402539955e-01 -1.547186340037395580e-01 8.019547634035209538e-02 1.385356561134020170e-01 1.406793994706867501e-01 -4.123609857922517774e-01 1.104128734821355762e-01 5.756546853329739255e-01 2.048500497179257807e-01 -8.220846743794471556e-02
-5.440086102723147299e-01 1.966843086288432296e-01 -8.093932905996507055e-01 -3.329005359625925031e-01 -6.752208774814512093e-01 7.875016296243673997e-02 -8.323614466849134086e-01 -5.071668451445806580e-01 8.002931970717849230e-01 6.869625326367478912e-01
4.234104400884231706e-02 2.689524840230315267e-02 8.009626594977459213e-02 -4.183264017974418214e-02 1.851398451727983771e-02 3.417750735343338259e-02 3.734971977116055553e-02 4.225560044368323331e-02 -4.300487709441993081e-04 1.908638765984693730e-02
7.441926902594177273e-02 -2.035364748807514668e-01 2.925373289020507528e-01 4.334108309170023876e-01 -4.831646792697956716e-01 1.861463246250749659e-01 2.241372112784538184e-01 3.749534080780959205e-02 -4.938894967999433172e-01 -5.553316797036340624e-01
2.079271108234652943e-01 -1.110914580715211264e-01 2.089756509342866053e-01 -2.702176086174559039e-02 -1.915224139335283127e-01 -2.238245920027258362e-01 2.269976884176056753e-01 -2.362261088635831119e-01 -1.048261658219593051e-01 2.751189253001668500e-01
6.965866157716480433e-01 -4.799795962641647540e-01 4.768071955487766522e-01 8.245664537531328664e-01 6.134320340478872646e-01 -3.286148432531726948e-02 5.271074282497918428e-01 6.936989424222684830e-01 5.925114337173028600e-01 1.054214637331927495e-01
9.697362429536511563e-02 1.150392839936282274e-01 4.732731281084627817e-01 -1.432257428863402959e-01 1.860167417216917751e-01 -1.967665017726341337e-01 8.835596760383566950e-02 2.647160041718367718e-01 -3.721120601006278061e-01 -3.559444614501908188e-01
-3.568847736390373671e-01 1.337310534935349238e-01 3.852052107819990967e-01 -5.816055379336582121e-01 5.703604297092346176e-01 -1.207970129247725316e-01 7.210836306020044217e-01 -5.607886433528392889e-01 7.488316854698744141e-02 -4.131644154194172303e-02
1.545584560655161588e-01 -2.141606751297930877e-01 -4.081873277776346121e-01 1.235985695728841760e-02 5.118467811606408624e-02 3.150944783990596021e-02 3.721831614241365993e-01 3.767345615837079942e-01 -2.818397625688649072e-02 -4.805135791031832082e-01
3.044068883222515454e-01 -6.139289505243452627e-01 -4.684794872960488799e-01 3.028965544070851348e-02 1.541137668859977328e-01 2.915622806392154098e-01 -2.633704257730716258e-01 1.998798693498567425e-01 -2.634714244903216818e-01 -4.027480411607431976e-01
-3.658121632623364400e-02 3.783861811782500695e-01 3.168239660874817565e-01 1.809651748453594000e-01 -5.072344048462067850e-02 2.232286476768987338e-01 -3.220978490222429769e-01 1.832072939773469467e-01 -6.324692271214169209e-04 -4.142129176199387808e-01
2.500768928489057186e-01 -1.879640172306330514e-01 -1.562093093210616401e-01 4.514340984307860793e-01 3.865630143345342717e-01 4.690400159518022805e-01 6.905557103660053819e-01 -9.484849474572512595e-02 -2.888230568478469262e-01 3.426146671822203338e-01
-5.090294372462479400e-01 -2.103725254083790297e-01 -5.613798202351465150e-02 -7.187319636115989917e-03 2.653182769399520247e-01 -2.270511700284169321e-01 3.569884535871045619e-03 -1.829993871109109882e-01 -2.858382949514496341e-01 2.365827845861009915e-01
-1.355414931426707770e-01 -5.864746652564581386e-02 -2.072579541189092656e-01 1.891003613459427135e-01 1.618173505355526010e-01 2.284587849759680267e-01 -5.355034853633657693e-02 5.423423048541570896e-02 8.662944360640197289e-04 -3.008996618413251750e-02
2.101416485949859081e-01 2.426917183535692302e-01 1.708727980714202788e-01 -2.130909229861221443e-01 -3.638743493332955437e-01 -2.431586831010062733e-01 2.387927695837900322e-01 -3.081675783921890566e-01 3.489821333032497308e-01 6.491091224810266458e-02
-1.980465681348987666e-05 5.352296918264175529e-01 -4.410897095338006668e-01 4.749515327379674745e-01 6.461699177699934404e-01 1.768770876338586762e-01 3.234139224297041260e-01 2.757349551491703465e-01 -4.688934513634467338e-01 -6.461540814304171931e-01
2.799073733887835203e-01 -3.686178969929454485e-01 -3.858108958556812906e-01 -2.309975287508929664e-01 4.676660989419909042e-01 -4.158488326517225525e-02 2.080393575445138588e-02 5.137496436526544086e-01 2.602098222615056300e-01 -2.424321353874411278e-01
-6.552382039426066229e-02 2.961237569292464733e-01 -2.507928891965312546e-01 1.818167430443831112e-01 -5.114830991781332825e-01 -1.680103541057595962e-01 3.094500252460060663e-01 -2.795797069447543137e-01 6.666779561833959811e-01 4.494218566755412425e-01
-6.488919101613907503e-03 9.256677786453169909e-02 2.091613536234246951e-01 2.031968350436270110e-01 9.078061975205858891e-02 3.502540002460648449e-01 1.674879118903607467e-01 -1.091075698777670688e-01 8.576302663525255110e-02 2.502353185858120499e-01
