6.411532047411835356e-01 -8.230555665276745314e-01 -1.172705388186145448e-01 -6.293554715306347580e-01 3.337290402890159546e-01 -4.611800729921295972e-01 3.463602916690680655e-01 5.991203989651345818e-01 8.107564650248798577e-01 7.229342998681840271e-01
1.540409995450271741e-01 1.214680134105193543e-01 -4.323087237736898403e-01 4.339649319293656382e-01 4.250501792776521515e-01 -1.206361888579146335e-01 -2.528095194544225932e-01 -4.498622605879583625e-01 5.386164523480938549e-01 -2.819331264481300114e-01
3.123033032355708727e-01 4.615593796502733270e-01 -1.867645672851657099e-02 7.045634888067506818e-01 -6.260332497625138437e-01 -3.148863633647643878e-01 6.078410788861993153e-01 2.505098258838894254e-01 7.171828330883358582e-01 -2.777465407664477248e-01
1.342931309919467298e-01 -3.866493266955930430e-01 -1.382007360376777683e-01 -1.698920698655219108e-01 -3.127915933368037305e-01 -3.424928967353538800e-01 4.297811043387282370e-01 -4.244680755574039566e-01 2.653366807369640923e-01 -2.123215498904854059e-01
1.907281189169717645e-02 -1.910744460445203477e-02 5.689301377043928104e-02 -2.338096834601128063e-02 2.618986095524084359e-02 -1.421020285184700603e-02 1.129387622267822265e-02 5.947761438605396467e-02 -1.674128522517413092e-02 2.964653582396352058e-02
-4.475811669862460040e-01 -7.529924914224493948e-01 -3.974839439146439501e-02 -7.953740851852442173e-01 7.067451471185450806e-01 -6.948173748676750305e-01 5.560184628593469736e-01 7.146938564244423864e-01 6.793452897175100702e-01 2.285490657523586711e-01
-2.142372616572781746e-02 9.389676529840360053e-02 3.727222547095259547e-02 -3.956761496375956616e-02 -1.378163219268104932e-03 2.844808299999990880e-02 6.014705315151241960e-02 -4.578248011639358787e-03 -1.177671510862668240e-02 -6.066430537887652213e-02
-5.519711426784832398e-01 7.046811539337852759e-01 6.628771436686205221e-02 7.061744756369346954e-01 2.326551803794254802e-01 -3.311875342001189271e-01 -3.958133842709657957e-01 3.287072964105050010e-01 -6.212416379472970318e-01 5.819697995763777332e-01
-7.179974953093916368e-02 6.057943179182174731e-01 5.632992852266219819e-01 -5.734789220682449118e-01 -2.840568220684704936e-01 3.756007417435955897e-01 -4.462175037061822391e-01 7.305821076911261924e-01 5.304549016871681344e-01 -1.936449863140444205e-01
-5.151197452839776682e-03 -5.885902582381334278e-03 -2.964812617344547273e-03 1.425944811948050284e-02 2.337518398044560047e-02 1.238518876760812126e-02 -2.613496994010920324e-03 1.495647334555986509e-02 1.868120136635166920e-02 3.639560830873073832e-02
-7.661770093423460326e-02 -2.185376246853630577e-03 1.902679690648856892e-01 -2.675496050429095884e-01 3.616725499850449999e-01 -8.606978232243971821e-03 -4.313440829612200100e-02 -9.247100700560982600e-02 2.387550724817498124e-02 8.183984236635555298e-02
3.546027752268993138e-01 -3.295724739148933047e-01 5.974996477913218085e-01 1.916094057173919063e-01 -3.477968138906516876e-02 -2.159677013457196315e-01 5.573850250346900070e-01 5.197777641925402925e-01 -4.686172859329064688e-01 4.174018958851478667e-01
-4.592625344666683151e-01 -3.404364736356668003e-02 4.950336660174824988e-01 6.379819825014552137e-01 4.885664062249535644e-01 -5.465373683489450629e-01 2.120299731287731970e-01 -1.459192481610590286e-01 3.420571537796610051e-01 -1.408220187503188559e-01
4.476545400073806968e-01 1.779594600732298804e-01 -4.787106507791542565e-01 6.802562044957802811e-01 1.874164009117171570e-01 4.451921549659514088e-02 7.684243511095844026e-01 -1.886166587309037745e-01 4.293568107245344101e-01 3.017537916156052824e-01
3.250044404301404843e-01 -5.698483539948453469e-01 3.520138025823508765e-01 -2.465909132151200833e-01 3.012714443939701892e-01 -1.936290367332977880e-01 -4.742265751414471153e-01 -1.793405487381508068e-01 -2.034050924127967508e-01 -7.116037525846481415e-01
-9.389714043937305576e-03 3.080264884620301236e-02 2.626917102689818595e-02 5.982645165932298260e-03 1.297248873563903657e-02 3.136845066508946872e-02 1.365077826077947150e-02 -1.399078035871251062e-02 4.633160114708751581e-02 4.397421607253323983e-02
-5.769544846865215515e-01 1.298329369147460111e-01 -7.219887738552174250e-01 -6.245195924935443843e-01 -4.272802402066042116e-02 3.114269233098176937e-01 -5.180146222581639981e-02 4.680701655554101448e-01 1.048649519672766317e-01 2.314617473573607753e-01
8.373561223458213520e-01 -5.369814635978623629e-01 -7.727378135278379911e-01 4.755295891512364981e-01 5.936055821365863183e-01 3.145597210278178180e-01 1.133808185355769937e-01 6.674419740389803124e-01 8.082844056550000378e-01 -4.407882365435822347e-01
3.594541061677565541e-03 4.354802341413978317e-02 -6.248326936740321580e-01 -4.925616461115249756e-01 -5.970460010656980510e-01 2.962520365491380092e-01 -3.770790560231984112e-01 6.779735083448674704e-01 7.248861966479967778e-02 1.159306558814751816e-02
-8.353869766321317392e-02 4.035988589672657167e-01 -1.831266420576173615e-01 5.406003331719132915e-02 1.776058765545181772e-01 -1.056756701452910702e-01 -3.527282229553024284e-01 2.893702136227105370e-01 2.753772832726635311e-01 -1.189847803926014254e-02
3.171420395757752059e-02 -6.476932964326988229e-02 -3.282327202285347800e-01 4.626252454754731791e-01 -5.287769171084547581e-01 -2.469288628312424350e-02 2.597927770692690652e-01 1.755242319821050945e-01 -3.856600571087859253e-01 2.250662731704022035e-01
3.285656338491003137e-01 -1.086575059745075317e-01 -3.590283957163789563e-01 4.869058870593136468e-01 3.279272599581765646e-01 1.781011411857028881e-01 2.758227139561560404e-01 -9.690555281197475723e-02 -1.521150301729753129e-01 -2.433849960636747800e-01
8.728087198741359132e-02 5.658608982253759967e-01 -3.250937042766803287e-01 2.441405426768709086e-01 3.517765374875596041e-01 1.765213791322789161e-01 1.300851460060935272e-01 -1.705331070668558990e-01 3.250684364849865116e-01 -9.410735476844465930e-02
5.295517639121455344e-01 1.050600184169207391e-01 8.254119909662658294e-01 -8.927628560688586346e-01 -4.009488814728300876e-01 9.261866164141924207e-02 7.671729618919210791e-01 -7.824662496192855698e-01 -2.131596876247636441e-01 -8.219643641162666103e-01
-6.512693026345601766e-01 1.865112589697549839e-01 -2.948063283814192099e-03 -6.331482056868992236e-02 3.494152396717885578e-01 -1.512308527128540525e-01 -7.094593111909817118e-01 5.011048830404315479e-01 -6.876960284993297590e-01 -6.625348089669276241e-01
2.775907264333491928e-02 -1.549553222547513376e-01 -3.325072483218735608e-02 3.301272087650559128e-01 -6.035248129453866239e-01 5.434825626571559987e-01 -2.669189731708465074e-01 -2.649373369365942005e-02 2.685507653676408313e-01 -1.182061080586633978e-01
1.730068354859175539e-01 -6.295461476730568329e-01 -8.220761886450111966e-01 -8.124188695657859338e-02 -3.121555357580284018e-01 -8.058767137895520571e-01 -6.731744434675764888e-01 -7.289239413218721042e-01 8.702163227742956142e-01 -5.197255671111181696e-01
3.969187871779583654e-01 5.078526241670520136e-01 -4.682983991860460021e-02 -2.760246028719386957e-01 4.627412658815288626e-01 -3.394841905398177095e-01 5.544879151423331987e-01 3.758722035752747326e-01 1.686392622904886729e-01 1.494887179295056046e-01
-3.374214531521017579e-01 2.918455269015909348e-01 -3.585024630172812393e-02 2.295994292210422338e-02 -7.185832096928855828e-01 -2.710797464811123825e-01 3.463008945295786845e-01 -6.897088665565537235e-01 4.026830298597877111e-01 8.719097672362253202e-04
-1.880462821029315612e-01 5.076817116891734205e-01 6.350661865243871773e-01 -5.176366921876870281e-02 -2.785254941568581777e-01 -5.930753105624912980e-01 -2.638041807986008513e-01 -4.405466949240647856e-01 5.645141553121043598e-01 3.976043053464053956e-01
-3.821249325693963916e-01 -5.598436318729970163e-01 8.742209603455399769e-01 6.527178091950284200e-01 5.194463321311727499e-01 -1.409986510913218971e-01 -6.847685424740935778e-01 -7.986686940437752458e-02 -5.896439108627176129e-01 -6.616488321691910146e-01
-6.932559000930302306e-02 -1.104453554333541671e-01 -7.190171969553171838e-01 3.473149773543396379e-01 -3.972831545714465284e-01 -6.362899710942768738e-01 8.335222167347943190e-01 -1.477342723560775561e-01 -1.398487155062357046e-01 3.488192589361129858e-01
-1.617480230511350314e-01 6.457929854344055531e-01 -5.325092927387694575e-01 -7.092910498864224422e-01 2.465847734365742561e-01 1.374163753041407754e-01 -4.230376793817893638e-02 2.525492306414356403e-01 3.304731567251434909e-01 2.865900476371550654e-01
3.316465469268094490e-01 6.753868256720887420e-01 -2.265600679613034851e-01 3.817538756641464248e-01 -6.785469555047434209e-01 -6.256597650199868799e-01 1.106794172076754484e-01 2.149659210129059028e-01 -1.085369960334904987e-01 -4.628936253123108746e-01
-2.015944456687548264e-02 3.163739114326043489e-01 3.610378622735739840e-01 3.195015976755162801e-01 5.407154320918249324e-01 -3.070954227887575105e-01 -3.958527305471861713e-01 -7.287580032313499545e-02 -5.847411636316177663e-01 -5.875097380300828287e-02
-3.687613138591089856e-01 6.150680179256032831e-01 2.568191506247064493e-01 4.730288546429130547e-01 4.418561928784089377e-01 -4.507624256609327196e-01 3.903073879490328024e-01 -2.970389406875205141e-01 7.508773032131419445e-01 -4.334042936712971805e-01
4.149580146511402251e-02 2.467759646827191039e-02 2.393475064673481617e-02 -1.911504272395082860e-02 -1.545718253520609979e-02 3.506776930735917841e-02 2.342049269515467450e-02 7.252410308581740128e-02 -4.860183731399761627e-03 2.884469989198348849e-02
3.233995509651266254e-01 -2.060831819507361051e-02 6.367768297519860177e-02 -4.083893863914880851e-01 -6.172833269111838161e-01 1.810929406028619765e-02 -1.495231610144418244e-01 3.302214783933333786e-01 -1.694955319670131688e-01 -5.740887995627709239e-01
4.079477662639192093e-01 -5.842268738006348716e-01 -3.074856147085855418e-01 -7.470939880838981528e-01 -7.482726864851772797e-02 -7.470494760616758212e-01 -2.120492094115765391e-01 -6.720966569818301872e-01 -2.709644288093851841e-02 2.852573290718334875e-01
-1.549778134144643750e-02 -2.787262335570385718e-01 -1.233979433206149577e-02 -1.508406569805509356e-01 1.188249782797496101e-01 1.871572474112826179e-01 8.435081781763281716e-02 2.748603288955077106e-01 -7.918420480734186806e-02 1.667771387000155370e-01
1.481824243068750602e-01 2.855411219884537721e-01 -7.510730914224962584e-02 8.003930333475363368e-02 -8.548723193886755001e-02 3.182467684224509208e-01 -4.775420083710596453e-01 2.627243036403153487e-01 2.198878129665314887e-02 9.754572691386055594e-02
-4.188149340106799290e-01 -6.050889180079711133e-02 6.060649032488668597e-01 -6.776825630116087296e-02 -2.637497564169543063e-01 7.498829060381322353e-01 -3.274404419205597105e-01 -5.746401514162836621e-01 -4.234594748015449439e-01 5.300462241224875859e-01
5.931394063994908095e-01 -8.786521102472466538e-02 -2.636737144106104935e-01 6.825188592406667976e-01 -2.672118805697596411e-01 2.365840412400853701e-02 -7.917155810616657297e-01 1.489166315259607964e-01 -5.433815946674237507e-01 7.571611389087392618e-01
2.943608752218273561e-01 2.574025510522439664e-01 -4.777529347890217479e-03 1.746033419308759549e-01 -1.359322113567733581e-01 -5.208590059463769767e-02 5.024389821054409816e-02 1.135405936004174471e-01 1.442736797637528545e-01 2.246956852315858955e-01
-5.189204804033910046e-01 -8.642271122017456397e-01 1.459936221957664482e-01 6.094023378038839756e-01 -2.709185180655334091e-01 6.070489907807372632e-01 -8.498898131632564024e-01 -6.857386589092370754e-02 -6.970229309682060004e-01 6.454297662684891357e-01
-6.315980512606200747e-02 6.643219856925294819e-02 1.859218076493308613e-01 1.532689477601330633e-02 -2.785352919108881609e-01 -2.851784796246777942e-01 -3.379505939451100671e-01 6.369651249476460109e-02 -2.097947342278365379e-01 -1.772472275523860608e-01
2.249431358584045026e-01 -2.555523782270445743e-01 -4.598239180219255151e-01 -2.946115382786921866e-01 4.172513351109271018e-01 3.812725193623154318e-01 -1.973252480671122411e-01 -5.855680963953465712e-01 -5.437776918318851793e-01 5.249992854856107005e-01
3.330141955304694035e-01 -5.937204679554385356e-01 -3.655418828775679196e-02 -3.922530503565646587e-01 1.209953030122233181e-01 -3.529107414076486648e-01 -5.209833456818708797e-01 -6.943871926291472763e-02 -1.363557101292513923e-02 2.091283670149953200e-01
-1.713913020559296452e-01 -3.997331965717849656e-01 -1.121253296873310767e-01 1.405903764368665321e-01 1.459437288507708930e-01 3.007739872298919037e-01 3.490097198319710436e-01 3.106210615094338601e-01 2.197881969744577002e-01 -9.459063516074898287e-03
-8.828796996473095016e-01 4.491423551940710301e-01 9.644884511899153023e-02 7.504114982931249234e-01 -2.770187673882337775e-01 -3.252711685237865136e-01 -1.554795977080451197e-01 7.861625781983125894e-01 -5.363918015881467827e-02 1.429990340805669113e-01
-2.927789693044667851e-01 8.857399392357125090e-02 6.037705925735818990e-01 -4.282168846206947932e-01 2.155176160997998025e-01 8.546997972786803954e-01 2.054213897579453274e-01 -8.674000159415735239e-03 3.557920443146744827e-01 -4.349000079707963651e-01
2.979296591098292910e-02 2.304648728142876524e-01 -1.562301779492369647e-01 -3.106938455764580165e-01 3.552124709894320387e-01 -4.248420744066718768e-01 -2.006197223999648116e-01 2.474381400823575175e-02 -3.702519988373791787e-02 -2.671026637063184106e-01
1.155063492191305517e-02 -2.157813383896328430e-01 1.385274831887770008e-01 1.052931407398963876e-02 -6.564387029621275571e-02 -1.231017291554552945e-01 -7.937309077494462961e-02 3.556835484580082168e-02 -3.010465855148544145e-01 1.277786373824416899e-01
-2.927360846201387257e-01 7.810567775698573634e-01 9.216048148283213504e-01 -6.310617887056221287e-01 -1.046673021121332509e-01 -2.888025340435820820e-01 -3.086115373965300224e-01 -2.081169069450139741e-01 6.846553826465860970e-01 -4.431439643190231426e-01
-3.548406121715425021e-01 -4.416831825378179643e-01 -4.610382459445062087e-01 2.823140901331641639e-01 -2.380465424404680230e-01 7.260265929365665727e-01 -2.183189084416205239e-01 -5.267215389185818664e-01 8.200449973508439072e-02 4.618467924520909818e-01
-5.137956508468886074e-01 4.481631886203272241e-01 5.449727163292470422e-01 -3.216808609237266081e-01 -1.641994531098756038e-01 3.136341650264279357e-01 -3.189360447358687289e-01 2.341630406082842175e-01 -5.850070343562141506e-01 -7.208147947845575665e-01
-2.749104678852298256e-01 -4.983682757446523115e-01 -7.059336072267025086e-01 -4.773774888177804154e-01 4.205564382497744003e-01 -5.971279559144212490e-01 5.458871624098633052e-02 -3.573882307692325400e-01 -3.997771379885481369e-01 1.876377016851793755e-01
-7.507454508672860294e-02 -8.578846631283465474e-02 -3.337335191766303555e-01 2.531059395193389072e-01 8.021913487670373141e-03 -1.093015747979783348e-01 7.884561425585309702e-02 -9.137983160248931702e-02 1.565579817044436550e-01 -3.352671399292403986e-01
-2.980546973828558377e-01 1.769928331254572995e-01 1.903610344282297695e-01 -1.865341559937486460e-01 -6.260296739720907500e-01 5.807846881209713930e-01 -1.396916731144779156e-01 4.745291642665053766e-01 -1.908711225691402669e-01 -5.898326869225787306e-01
1.691801516011960105e-01 1.235618318137244320e-01 -7.678872315832881157e-02 2.892028615149535575e-01 1.224036818653987252e-01 2.739776176091611726e-01 8.459394932378201670e-02 1.495083892563587279e-02 -1.049264386722279369e-01 2.357787070723415743e-02
-5.771156263258803154e-01 -2.956716827139908577e-01 -4.667251406058270935e-01 6.443050125377158821e-01 -4.804606714740278783e-01 7.390499990350897219e-01 -3.514708150662493313e-01 -4.794585408263283832e-01 4.848963872261702890e-01 5.701418947013352501e-01
-5.492538382366343175e-01 -7.904352985419860200e-02 3.706121637515226164e-01 -1.637053683630239950e-03 8.405424155925704799e-01 -2.689930214786313001e-01 -2.450808343634626740e-01 6.030097741165206804e-01 -2.605895056782240315e-01 4.296998031415577013e-01
-2.841432147065812708e-01 -1.310792414696042019e-01 1.522225669654164171e-01 1.995127136682704402e-03 -1.605441822879951630e-01 -1.056479137920468825e-01 1.694050606957321625e-01 3.126352069291638697e-02 6.602815810399041696e-02 2.698805978995533813e-03
-1.778386116197809841e-01 2.797383111013342916e-01 1.333427807026389819e-03 1.868161352313380263e-01 3.363019455069800046e-01 7.204749475834326677e-02 -3.160835214618373801e-01 -2.080841943643735037e-01 -1.060002498462165321e-01 -1.865786930897007645e-01
-2.226378642429862123e-02 -1.424746236220653384e-01 -1.261079857663892009e-02 -2.240112658314208360e-01 1.254124354670249353e-01 2.029204074736886132e-01 -1.205413355350827553e-01 -4.016068566084432523e-01 -3.474493353251085215e-01 -6.663329131732393940e-01
5.501881704969717735e-01 -1.681613260884985694e-01 -5.558905756707372969e-01 -5.969707403031919712e-01 1.492215608531831939e-01 9.011418401167725634e-02 -5.704857756519705614e-01 -6.723596616413354821e-02 -6.625552597297239554e-01 5.532795083499882915e-01
4.709871451126844688e-01 -6.516579391658366971e-01 3.817061864394873383e-01 5.910394796878308821e-01 6.338156879734508919e-01 -2.945822721351720186e-01 4.065586731701072432e-01 1.655180415453408049e-01 -1.057965260308363006e-02 4.918521835564945155e-01
4.537905456879649524e-01 -4.675556258807210264e-01 -4.418347304989101998e-01 1.865140194583909672e-01 -1.485453792453583499e-01 -4.403067345395951238e-01 5.473321379197084724e-01 4.533589642373184736e-01 -1.428346741520756247e-01 1.185129370632400925e-01
2.056096727802577684e-01 7.976172677248842824e-01 5.043577808009068741e-01 6.049517191176796427e-01 7.243089578199666256e-01 -8.122538255120583806e-01 1.687366106758809436e-01 8.066332742661475042e-01 3.108385770943562498e-01 -8.833501479602040574e-01
3.678167766517235759e-01 -1.945491767547548601e-01 5.773388225428092296e-02 1.835112527515339320e-01 -2.426159989058795929e-01 5.854296568491931252e-01 -7.950947246380578315e-02 2.414149391644485054e-01 1.562595607556018784e-01 3.533654487484026441e-01
4.675171713924910488e-01 -6.045253662129357330e-01 5.935723881118826206e-01 -3.568716927350775725e-01 -1.957938704564919641e-01 -1.696123465940554131e-01 5.657593058878156445e-01 -4.789463551782691120e-01 3.539550554831419338e-01 -2.585497225240019348e-01
6.782712476781050936e-01 -2.559609339227116864e-01 -7.089719067447166623e-01 8.962304283893612888e-01 8.786704239728390653e-02 9.336435017164808059e-01 6.955645604682083594e-01 -2.709627952575408005e-01 -9.395365535505886823e-02 7.906881003649248729e-01
-2.366529759406728606e-01 7.293680561896760325e-03 2.343154812903570569e-02 -5.882402106432598199e-01 -4.779103464346841079e-01 -2.581718695157683152e-01 2.704069583819240785e-01 -4.419638690333255737e-01 -3.300322125115877636e-01 1.521533337856256218e-01
3.943075064283266262e-02 1.407233208979942821e-02 1.905155346741718020e-02 1.131142182383034107e-02 -3.419495560463148981e-02 4.430087870943719142e-02 -2.014578242887386794e-02 -8.528432322113589127e-04 1.845264274202297605e-02 5.070242281583334926e-02
-1.243278901619470356e-01 -6.264945045471123075e-01 2.970901588031554796e-01 3.622593650367771090e-02 4.897882951659994766e-01 -4.603107795625197007e-01 2.327028824258187689e-01 -4.101663835345645270e-01 7.370804080395824132e-01 4.475531183205572749e-01
-5.030927273878353922e-01 6.747624459484170556e-01 -1.042826256782405092e-01 -1.748574289591098840e-01 4.885464375933363246e-01 5.332753431187576831e-01 2.602905822963488269e-01 4.796113550856596630e-01 -4.874040080774945660e-01 -4.111871878812397019e-01
-7.485451283412780654e-02 -5.243757073283059622e-01 6.844571334065283064e-02 -1.798282060792887743e-02 2.094005351850491969e-01 1.915779720611656411e-01 1.784633291521552922e-01 4.805211819684381269e-01 -3.665090538582151392e-01 4.151270441543793432e-01
-7.026631793222483102e-01 4.043907083281039760e-01 4.657358415504466165e-01 7.542774233113682669e-01 1.404587132586156140e-01 6.103618453961211499e-01 -1.991317325052710252e-01 -1.053968869115508855e-01 7.306348863582693420e-01 9.035770049384619917e-02
-1.577706245903850168e-01 6.536906607410430947e-01 -5.862265041313351466e-01 2.041130502767141974e-01 3.135466671624640989e-01 4.158142163331924879e-01 4.181219118114488653e-01 1.246913933445079475e-01 -4.375349623564875334e-02 -1.653148745290484722e-01
2.687675470523562260e-02 -1.077912963875877171e-02 6.628048987413673321e-02 5.972244369847771323e-02 -2.911087534908181340e-02 5.419950303261355379e-02 2.446146476675724671e-02 4.600900714401270214e-02 3.902362854943570297e-02 -4.258304483060781215e-02
-4.985312809215174945e-01 5.968995076150930279e-01 -4.915109512205995124e-01 -3.567719877607277226e-03 5.771335306329997694e-01 -7.554291677689987106e-01 -8.050050381441512526e-01 2.667219854775270127e-01 -3.425121684005292821e-01 -7.105186142995792986e-01
-2.642213019954223197e-01 -2.520855968876040687e-01 9.746989556842043656e-02 1.638929883799168097e-01 1.950832171822569905e-01 -5.104827754076883828e-01 1.317417422884578915e-01 6.708419804129641673e-01 2.732897304673712613e-01 -9.556008070825253164e-02
-5.523520085328016416e-01 2.051913157409646637e-01 -8.227344501047073599e-01 -3.412763045689180541e-01 -6.791457170436352442e-01 7.512310149146685101e-02 -8.403448284135269786e-01 -5.132945460153236494e-01 8.029382499546433571e-01 6.941596402801087917e-01
1.073167948000649241e-01 1.007726445954051225e-01 7.923823696330763167e-02 -3.324412721405358706e-01 6.204014535858889262e-02 -1.551899997541132392e-01 -9.658159523014724079e-02 -1.419556929090679820e-01 2.905166801245231273e-02 -4.361853152630493918e-03
1.014460738534313095e-01 -2.419483030313693550e-01 3.048781352334012928e-01 4.562299347075486344e-01 -5.217365441771939505e-01 1.898856401742575473e-01 2.644569602366211858e-01 3.784871872701651291e-02 -5.413882393127893433e-01 -6.159025795875674447e-01
4.117794842453112447e-01 -2.161431305930308355e-01 3.500458145128673149e-01 -1.306509380226905485e-02 -2.753235509181306551e-01 -3.898220490444432862e-01 2.400800417214055960e-01 -5.027279050819146722e-01 -2.214847525899488467e-01 4.943676816446392341e-01
6.975838450430926763e-01 -4.817553293340927079e-01 4.832645872161686618e-01 8.267135038850195183e-01 6.232483972853444243e-01 -2.886347207380750290e-02 5.276797335243746945e-01 6.981183642994910343e-01 5.983850237639399827e-01 1.043924158889083936e-01
9.204954512272282841e-02 1.286134534449953071e-01 4.559104984669101190e-01 -1.618104958252562231e-01 2.126056195241487756e-01 -2.198451246687397054e-01 9.970713429545902118e-02 2.902513099143134156e-01 -4.081018588776473277e-01 -3.918396751101661524e-01
-3.832973908319011191e-01 1.373123862055358468e-01 4.075042604093468412e-01 -6.059823882790811300e-01 5.984388584979996040e-01 -1.433478902484370543e-01 7.564992438804436503e-01 -5.839418177087617456e-01 7.846003974143489490e-02 -4.592536956742265808e-02
1.711872251949778934e-01 -2.700661601976007131e-01 -4.923158377900537785e-01 1.439495595967374419e-02 3.412946691419335710e-02 -6.240800039199900784e-02 4.563923224310117432e-01 4.961097579929231172e-01 -7.102858904414822983e-02 -6.744828917551645153e-01
3.232134003937080502e-01 -6.426972477084108570e-01 -5.020687752381288727e-01 2.759464187873164262e-02 1.713475680548212920e-01 3.049839979502005360e-01 -2.644873450327751563e-01 2.156438773285704880e-01 -3.013670637003708630e-01 -4.287839048748055548e-01
-5.713241572005548635e-02 4.205638920202420250e-01 3.838240285688829245e-01 2.178817854636977414e-01 -8.938518140826329228e-02 2.472716709158878368e-01 -3.808778488769155035e-01 2.214230435484820514e-01 -9.647324885155529259e-03 -5.194858368729229348e-01
2.673679064011425521e-01 -2.016451795227987287e-01 -1.743023634978868031e-01 4.811294173882729175e-01 4.185543927356709104e-01 4.754401228422798775e-01 7.430077327664789122e-01 -9.299900499502929130e-02 -3.333889475351784482e-01 3.472534207206050549e-01
-5.557802564183882410e-01 -2.561649633136997561e-01 -5.887503892050766074e-02 -5.704605472664749100e-02 2.848211344685830926e-01 -3.102774763526257029e-01 1.498817081666410818e-02 -1.985158978974367605e-01 -3.151964805525171442e-01 2.594212310306556191e-01
-2.358685378629470919e-01 -1.753665842462447944e-01 -4.067424793674978556e-01 5.095605880848468328e-01 2.560828653647471698e-01 4.450094629123685919e-01 -3.118366828620648401e-01 -2.563467605796970403e-02 -4.438712741854190097e-03 -5.936008756930065064e-03
2.456012863767422505e-01 2.374244201393757303e-01 1.944821913417884574e-01 -2.464512779017454525e-01 -4.054637272871554621e-01 -2.639248773167349738e-01 2.395983163133961757e-01 -3.644151701983892599e-01 3.984451192562509791e-01 7.039140145023002615e-02
-4.092622360706550319e-03 5.410947017496653411e-01 -4.485242142956485933e-01 4.847035659560797738e-01 6.633485374062481066e-01 1.834476963388940174e-01 3.112155800463105582e-01 2.781554435480717569e-01 -4.783036673182347598e-01 -6.588164534562802599e-01
3.279553419369714007e-01 -4.320138682221204562e-01 -4.974721956934781697e-01 -2.699615173945512092e-01 5.435997075236691511e-01 -8.172277000817737558e-02 1.890186797388285211e-02 5.989991182213176835e-01 3.027204686794948696e-01 -2.869876166003537121e-01
-9.607232228387792283e-02 3.341878637763420201e-01 -2.937055024550096483e-01 1.964759392562160922e-01 -5.533550312619062161e-01 -1.682566245092957935e-01 3.226281161144855525e-01 -2.871009874785951377e-01 7.260779403160680934e-01 5.075902747942474535e-01
-1.263553431730286003e-01 1.309059743600194115e-01 3.556291212526542789e-01 2.921592332062803998e-01 9.298159790973950511e-02 5.430395300190055119e-01 2.272668686665921534e-01 -7.599796529096715381e-02 1.455450041857425103e-01 3.839183539242995713e-01
