6.363229822065629149e-01 -8.149160381159494815e-01 -1.155175126693464421e-01 -6.255374448355875971e-01 3.286862150673425242e-01 -4.582503524550446961e-01 3.466263153543129860e-01 5.959787068267706767e-01 8.051885401135702169e-01 7.164179412986370066e-01
1.517683857966798944e-01 1.210958942642817449e-01 -4.126373553807078931e-01 4.160252762472427257e-01 4.102555053086316406e-01 -1.169353393113215095e-01 -2.519495512958205841e-01 -4.397070025865143506e-01 5.279936019219904075e-01 -2.749844880366121291e-01
3.009209575622762145e-01 4.562116421891860840e-01 -1.961043774716288157e-02 6.891224697708427938e-01 -6.059989062288564377e-01 -3.063501357567846584e-01 5.910257143410738712e-01 2.506329813053999600e-01 7.029353560042911342e-01 -2.759573127585967511e-01
1.412467324035353577e-01 -3.473065604096584602e-01 -1.186217928113263570e-01 -1.445663248323653394e-01 -2.844123516822449904e-01 -3.240693074715784716e-01 3.905922980408123024e-01 -3.727482528304386089e-01 2.450419827561392261e-01 -1.966588578831503231e-01
1.061125305685760474e-02 -3.840652211252628626e-03 5.143163771568728254e-02 -1.984734493422966178e-02 4.897759496643188520e-02 -6.501201070327137198e-03 2.145101813610761701e-02 4.725617613046798754e-02 -1.699988245328394945e-02 1.307573011378836830e-02
-4.465812037094418208e-01 -7.508867435263835155e-01 -4.083122654331892976e-02 -7.947651915840311387e-01 7.044884686325190160e-01 -6.943033889567122863e-01 5.547943398503815127e-01 7.123654757072732657e-01 6.770848547984057442e-01 2.290399419718713581e-01
-2.853829452356257922e-03 1.072025417153792265e-01 3.627537934257824698e-02 -5.424881362182101471e-03 -1.327969050510105671e-02 3.592419337399248291e-02 6.560778259604747864e-02 -5.773733794355756163e-03 1.716371084821758167e-02 -2.942767866835001647e-02
-5.453723551999994923e-01 6.948144687245761952e-01 6.804899438634733067e-02 6.986572253904745899e-01 2.304057222702915186e-01 -3.287128678877150878e-01 -3.904748002284124664e-01 3.257690599414138632e-01 -6.141430226643586066e-01 5.734584515776095515e-01
-7.049009573107656301e-02 6.002338706244599864e-01 5.602187475243798342e-01 -5.687558203668611201e-01 -2.831409066294793275e-01 3.749800676321911608e-01 -4.390951513095736614e-01 7.254919699661896981e-01 5.256651995406615985e-01 -1.911121466118016754e-01
8.139402758341017161e-03 -1.273741354704467296e-02 -4.397155853010097266e-03 1.163037918332667127e-02 3.014197174566281626e-02 2.533265184723340613e-03 1.144782189339809200e-02 2.170277544798732486e-02 1.844916575830868669e-02 2.566940200374518907e-02
-6.764580896613214822e-02 2.803056775656267291e-02 1.633932311626391798e-01 -2.280723571019243057e-01 3.319351886474875002e-01 -1.688403182502784192e-02 -4.530038967910824527e-02 -6.953574391327053961e-02 2.905605728825066958e-02 7.274620357203408216e-02
3.476966009904311483e-01 -3.232550695346484426e-01 5.936450646880748749e-01 1.890793619793262326e-01 -3.503653583322809822e-02 -2.123170592460179307e-01 5.480524083040319017e-01 5.108061574068664124e-01 -4.597423451972861286e-01 4.121202842384681375e-01
-4.508696666220943228e-01 -3.751087941630212863e-02 4.811175782410302970e-01 6.238042112679617057e-01 4.820403077190130170e-01 -5.277061355293706235e-01 2.123896814004074263e-01 -1.422518570725593845e-01 3.356538507190503506e-01 -1.379912021412879608e-01
4.388357868917424076e-01 1.855934758399365447e-01 -4.714174048251700277e-01 6.684939539868987035e-01 1.807248578580850917e-01 4.891734375917349692e-02 7.553233420187156488e-01 -1.805884643269195788e-01 4.219182045873876019e-01 2.920082762883889349e-01
3.194053215786816224e-01 -5.620013019192716675e-01 3.499409895602335618e-01 -2.424465074144836474e-01 2.972746142742592745e-01 -1.883000434231694720e-01 -4.667220512301030189e-01 -1.744354158705057056e-01 -2.021238193809143380e-01 -7.027668678287697368e-01
1.633120616909260496e-03 1.704197544674260906e-02 4.273356184228573745e-02 1.783309569400479133e-02 -1.589931192255065703e-04 5.360467690667264362e-02 1.489236352114431394e-02 7.104436674366815425e-03 2.136379617428095165e-02 2.782300287280227435e-02
-5.431091448847827907e-01 1.242016305324944447e-01 -6.794183229370397425e-01 -5.879094013477539349e-01 -2.805831490818132962e-02 2.961289636054638685e-01 -5.505965136490995060e-02 4.469275541754469949e-01 9.737744880524101809e-02 2.342632732190291500e-01
8.331969780039917284e-01 -5.348601090436124750e-01 -7.704258904954540688e-01 4.719720717076036354e-01 5.938071990162782088e-01 3.139462895977101486e-01 1.122698002073562046e-01 6.659940831017195917e-01 8.064422478242330161e-01 -4.417504317971877037e-01
3.111420641248683651e-03 4.405203305888758664e-02 -6.124338867741313530e-01 -4.875428497529704086e-01 -5.926389860655701947e-01 2.933590601964437550e-01 -3.726535875313879975e-01 6.705022677851256718e-01 7.056843284620492596e-02 1.312979068663784263e-02
-7.832518678136650425e-02 3.743770420307067637e-01 -1.804849103633827945e-01 5.305847422132522334e-02 1.773449753333157242e-01 -1.090894875774656714e-01 -3.240416209298614403e-01 2.707847814663709718e-01 2.538837643261833699e-01 -2.027067954947844777e-03
2.311156387991718589e-02 -5.976335037756872609e-02 -3.010669421104468779e-01 4.360988265396152919e-01 -4.948304919666490775e-01 -2.885208053404149375e-02 2.379193078756776103e-01 1.732567610737016095e-01 -3.685568734956971015e-01 2.064382406874952502e-01
3.171595097601991875e-01 -1.022030917217968821e-01 -3.341925969913980277e-01 4.670637610130912165e-01 3.118634823195204908e-01 1.765898074405274909e-01 2.642815683391793735e-01 -9.369050986214137733e-02 -1.466291310715007734e-01 -2.395674586264326666e-01
7.974866087625184785e-02 5.268780986184364856e-01 -3.002561683577276708e-01 2.256423351423750556e-01 3.267758383261342714e-01 1.672940920030260847e-01 1.238572886790392374e-01 -1.477810623115668742e-01 3.056603477342719755e-01 -8.495569797860719197e-02
5.252234538026537836e-01 1.087313781732330148e-01 8.199207065161633334e-01 -8.877052947970284213e-01 -3.975145706527948297e-01 8.871887886683670066e-02 7.616532469062382571e-01 -7.773520766171093666e-01 -2.112939140405180882e-01 -8.152346565461131567e-01
-6.506945070269157805e-01 1.871252784965057592e-01 -2.873203205289133954e-04 -6.551021334605071356e-02 3.476585626246287419e-01 -1.497690888700374812e-01 -7.086462257795604902e-01 4.982171848902084976e-01 -6.837688449728230866e-01 -6.581969616266597489e-01
1.947011568438029860e-02 -1.259268552285857101e-01 -2.489523983732091009e-02 3.036224807588972507e-01 -5.677585293502180885e-01 5.033815132763872491e-01 -2.469258081809343197e-01 -2.523421555538722660e-02 2.575824462874267695e-01 -1.213746413420900006e-01
1.723771883135260530e-01 -6.272777544777485836e-01 -8.178463346350940411e-01 -8.136402236435658075e-02 -3.111891870464766341e-01 -8.022477013363105147e-01 -6.705792874929469294e-01 -7.269387007452242644e-01 8.677353658820881055e-01 -5.183656323614249661e-01
3.917784937403347989e-01 4.979877388206656597e-01 -4.553736220569959414e-02 -2.754892652496471750e-01 4.579764827993371701e-01 -3.262281287752464842e-01 5.445623120057994093e-01 3.734179345768373071e-01 1.642679546512158528e-01 1.472432724530725878e-01
-3.298643857727300843e-01 2.861132324019713402e-01 -3.304554304554318395e-02 2.532309311450435529e-02 -7.073639490041546685e-01 -2.624256737064704081e-01 3.381810463582088921e-01 -6.768679590507045152e-01 3.971125438167911192e-01 8.800604305987872584e-05
-1.869850370574243081e-01 4.975768262403308384e-01 6.293249233241685614e-01 -5.796449276822877861e-02 -2.628350704936304738e-01 -5.722217890244225558e-01 -2.641247543073492188e-01 -4.320143955687209547e-01 5.486348733210831830e-01 3.879298967076902360e-01
-3.807140439708054935e-01 -5.565413149141003046e-01 8.728668357602402672e-01 6.513517145202730729e-01 5.179455698454241697e-01 -1.412884405273225896e-01 -6.825280424537885082e-01 -8.051272383994370618e-02 -5.865150466861740464e-01 -6.615465355643829204e-01
-6.937598039167792996e-02 -1.103812304894910834e-01 -7.128847398558566528e-01 3.443679347176504812e-01 -3.928366405547598639e-01 -6.242484071934567558e-01 8.249061881603955149e-01 -1.481582985107468831e-01 -1.392849156368573538e-01 3.499110689713808564e-01
-1.576590619842622165e-01 6.319284788889637516e-01 -5.144437461771232956e-01 -6.912281331238786519e-01 2.469216682721998013e-01 1.324169521157477769e-01 -4.164138108842165009e-02 2.501971860329025854e-01 3.251612383261584527e-01 2.747913605593983455e-01
3.239380413487056853e-01 6.614512423202293379e-01 -2.259095495959977662e-01 3.740209988892361781e-01 -6.637634365350704169e-01 -6.094925352921980455e-01 1.100911412379891180e-01 2.110254328911475019e-01 -1.097380974644044799e-01 -4.576265892379640099e-01
-2.587968398944967899e-02 3.133132941983815534e-01 3.586361575683023606e-01 3.175853926104763580e-01 5.308607829060466576e-01 -3.005581560394005591e-01 -3.860254118541802670e-01 -6.550436539957094073e-02 -5.779051778999306777e-01 -6.002156111502551794e-02
-3.617140700802823905e-01 6.106803712662841610e-01 2.611771446153606235e-01 4.575286653216778521e-01 4.327438700435357610e-01 -4.543996579609656528e-01 3.813880037669116208e-01 -2.882577673739099011e-01 7.399314253691809951e-01 -4.319094785471574438e-01
4.028037354009748883e-02 4.961059021632244041e-03 1.534271027154003771e-02 -2.128035020388530443e-02 -1.462383719165495817e-02 1.234446719845357608e-02 7.795049612267526684e-03 8.743340656831391500e-02 -1.320731975953574541e-02 6.157863453376445292e-03
2.872141022949742939e-01 -1.632567857266348926e-02 4.536601120358345340e-02 -3.573103568060748136e-01 -5.374411058542070130e-01 -4.591426570969054169e-03 -1.338584473968278121e-01 2.690988741467379430e-01 -1.574786026765250257e-01 -5.183039658765988822e-01
3.960039869994118056e-01 -5.678972973337668151e-01 -2.981594514650872108e-01 -7.251591795948236774e-01 -7.122258908068201944e-02 -7.245193558993052729e-01 -2.060135570668680527e-01 -6.524192840591820364e-01 -2.588259098224031732e-02 2.869975639004541113e-01
-1.319067372564354870e-02 -2.220992253368188063e-01 4.263161643592455058e-03 -1.174852381187626998e-01 1.387579289196292920e-01 1.302538228484636240e-01 7.979539883827502234e-02 2.321699823429189402e-01 -6.138653874384851494e-02 1.561978593679229366e-01
1.402952014980069217e-01 2.851178109549543649e-01 -6.429263102171084432e-02 8.000927043802903704e-02 -8.217637279599772360e-02 2.946517456335987495e-01 -4.434424978742771417e-01 2.489182717297113157e-01 1.553194621769668840e-02 9.853754292228895928e-02
-4.140514379821317315e-01 -5.430665843335782950e-02 5.983654778236185967e-01 -5.896135251440579039e-02 -2.612936906166154483e-01 7.408848278714060820e-01 -3.253956057982017591e-01 -5.624714892058646498e-01 -4.191247899998452597e-01 5.303750435166865174e-01
5.881850525741130209e-01 -8.303977293120277936e-02 -2.628429497581216134e-01 6.724216129821148913e-01 -2.644800313097678823e-01 2.300397694414221816e-02 -7.836003077019811913e-01 1.489749646446863474e-01 -5.390910524942439386e-01 7.500057204022948509e-01
2.799558893804462434e-01 2.308989653933606057e-01 -1.553275747831467770e-03 1.534014085355897006e-01 -1.150440223325466527e-01 -3.140603875290141206e-02 4.937548525632946134e-02 9.081255131345196407e-02 1.412309767263179305e-01 1.936700314311298188e-01
-5.196162488055622308e-01 -8.574847863670360670e-01 1.479721240569425722e-01 6.036468500146477956e-01 -2.721109456271652571e-01 5.997371053987922140e-01 -8.459976742552277607e-01 -6.927996646960991878e-02 -6.932941846821495391e-01 6.406493071498190472e-01
-4.540797111503761668e-02 6.144172964053305069e-02 1.644593566890895364e-01 -6.855658144541406989e-04 -2.429794221997849946e-01 -2.256405208376746907e-01 -2.826511891887245054e-01 5.462815553739520241e-02 -1.923409254763155385e-01 -1.486476160869589225e-01
2.158359980134266498e-01 -2.488120204779538658e-01 -4.520276357729281491e-01 -2.987795201364309983e-01 4.256863583195594769e-01 3.741672537675504451e-01 -1.994648003692413296e-01 -5.720132820176908606e-01 -5.397027104571447964e-01 5.156902166031085422e-01
3.151576881969588850e-01 -5.648662858982619328e-01 -3.184730648480265519e-02 -3.775224055263998735e-01 1.060003767309173339e-01 -3.309288406868741705e-01 -4.889345925544706928e-01 -7.216055922857043947e-02 -2.082763510962978588e-03 2.027810474667579854e-01
-1.589078854923803574e-01 -3.765454557866879104e-01 -1.054723767439860183e-01 1.282931595453601636e-01 1.402505211594026191e-01 2.853263320176261386e-01 3.299197770975002553e-01 2.951348104734106692e-01 2.010890334021666059e-01 2.952178430553756890e-04
-8.758870535612889308e-01 4.490215205783532060e-01 9.360879260385633616e-02 7.450110226519723877e-01 -2.746086966096455972e-01 -3.235173708338394682e-01 -1.549899767821375784e-01 7.802007594990019168e-01 -5.183874364202094992e-02 1.439010811031147807e-01
-2.728752532012325149e-01 8.720819140367747080e-02 5.851111825466260852e-01 -4.165269806571395006e-01 2.082843937401477608e-01 8.313835790288478522e-01 2.004472828887029212e-01 -8.714104675932150823e-03 3.473664208833594502e-01 -4.254593547810539556e-01
2.170960348582492982e-02 2.099616626865921654e-01 -1.318939920444482106e-01 -2.819748868487750859e-01 3.115182613081319829e-01 -3.766726876237364574e-01 -1.563864084909779850e-01 2.536536046372544692e-02 -3.987845125806555729e-02 -2.457101296425727721e-01
2.340404946690015017e-02 -1.618524799193470920e-01 1.400511750876356487e-01 2.185211380849772130e-04 -5.859521585467152710e-02 -1.089184119105761211e-01 -6.400686544373644649e-02 3.124400319558551242e-02 -2.672475601972575943e-01 1.076309361798131192e-01
-2.907663964528048872e-01 7.766951994531239301e-01 9.209628641981916219e-01 -6.269658738884065219e-01 -1.034870493344266645e-01 -2.822545707083459754e-01 -3.100141792517834838e-01 -2.112613324818639893e-01 6.839482077746392719e-01 -4.338067406444577334e-01
-3.515545435313173761e-01 -4.381250655683372464e-01 -4.554356697580089763e-01 2.801864632507222175e-01 -2.356290079792649761e-01 7.232746619510137531e-01 -2.202132296322406591e-01 -5.211970216617171081e-01 7.848277595123585859e-02 4.529132492157578738e-01
-5.102243624693938440e-01 4.445013371599222940e-01 5.414369519809718589e-01 -3.210293985328820932e-01 -1.606423308316141663e-01 3.140234808092252639e-01 -3.193545214522282016e-01 2.331397811359919303e-01 -5.829412088579181139e-01 -7.178010042473904617e-01
-2.593600342251042301e-01 -4.764341978971077807e-01 -6.664347185602356172e-01 -4.422687633455628653e-01 3.996932250741306869e-01 -5.694461260821106485e-01 5.111492436008535645e-02 -3.380492672540003629e-01 -3.838020785691504400e-01 1.690884388298822538e-01
-4.844206052130688861e-02 -7.377989839499118907e-02 -3.040349077944814460e-01 2.289819327768238821e-01 1.177968233641250341e-02 -9.720477916885049419e-02 7.422844185873300749e-02 -7.557544007559501009e-02 1.335574063018806212e-01 -3.071649557476274217e-01
-2.895991298013819160e-01 1.721288670251452935e-01 1.932526729494284390e-01 -1.761792354128856875e-01 -6.145758777705587761e-01 5.719491559721918694e-01 -1.386894676751770639e-01 4.637681958787621683e-01 -1.870533369271776547e-01 -5.793951798530064812e-01
1.390647941295861389e-01 1.152990571570934319e-01 -5.823058556918467299e-02 2.372956343261323209e-01 1.430537274636098088e-01 2.048354885477121634e-01 7.490441576338954799e-02 1.275212235970810820e-02 -8.533191063038701729e-02 1.718896072663373895e-02
-5.740736389513479976e-01 -2.912434277549845185e-01 -4.629310693429719570e-01 6.367143221658578822e-01 -4.794393055925420533e-01 7.195224554753733015e-01 -3.489266331863714043e-01 -4.735566673532388138e-01 4.822330725144239327e-01 5.643815967565677383e-01
-5.437753172097901100e-01 -8.050696950567939880e-02 3.678196630281542756e-01 -3.505899839374298187e-03 8.278781691774926843e-01 -2.695946978933788096e-01 -2.372174372089516647e-01 5.891510894917570962e-01 -2.593775858469760665e-01 4.277743652167019794e-01
-2.489978237083871060e-01 -1.172156298121896784e-01 1.323905010430592444e-01 1.389384802409986304e-02 -1.287934322527695685e-01 -9.529699247751463598e-02 1.447488232033720401e-01 2.151324900460642453e-02 5.533375050372571491e-02 1.637761816208746501e-02
-1.643191852877719517e-01 2.681798745401547390e-01 -3.213867182003178179e-03 1.575809064168347262e-01 2.984330866112281377e-01 6.707941811837683788e-02 -2.879088827153568619e-01 -1.891451062216819579e-01 -9.497101128654993063e-02 -1.711414997571598928e-01
-1.482886874992273701e-02 -1.327757006418412156e-01 -5.469482615421995819e-03 -2.172626768893938243e-01 1.303331666614507833e-01 1.807937195403018504e-01 -1.150513995919981713e-01 -3.792984561442973024e-01 -3.418669322423830148e-01 -6.498899244793130414e-01
5.430012560782372377e-01 -1.554645803318930875e-01 -5.499106698008200400e-01 -5.898351943393905783e-01 1.423080934737505077e-01 8.811139551883855059e-02 -5.563946394468543000e-01 -6.571046309522848849e-02 -6.518763702443142183e-01 5.426413019555832440e-01
4.683017191248025624e-01 -6.485637006478596200e-01 3.802374496613477595e-01 5.848116881931636479e-01 6.341952153045344875e-01 -2.942160633028528260e-01 4.051106164545006938e-01 1.644907991526589064e-01 -1.277653855040082262e-02 4.865983792270277553e-01
4.469739859407093063e-01 -4.627029287332297680e-01 -4.312165710949896202e-01 1.830054039493917151e-01 -1.437618738088836667e-01 -4.314009467521031649e-01 5.374328964027470512e-01 4.456309202034943184e-01 -1.389222037110427188e-01 1.186462411738624240e-01
2.045844889119173560e-01 7.956569255167377230e-01 5.073559805433944803e-01 6.037770991358621941e-01 7.217602258393572834e-01 -8.067022672335169009e-01 1.672647766544901327e-01 8.025794966936736774e-01 3.091779015659253949e-01 -8.793849776664872664e-01
3.484926831850194695e-01 -1.702635195375500621e-01 5.620234741735842532e-02 1.622274081644358712e-01 -2.253095204962041187e-01 5.262907457774578246e-01 -7.284291464136812000e-02 2.404035041828979646e-01 1.516059544851019181e-01 3.455698118124641560e-01
4.615172237159680946e-01 -5.856211033010411127e-01 5.884172711153357049e-01 -3.635094473778189839e-01 -1.963959667070407922e-01 -1.658356010618362852e-01 5.618940707207550345e-01 -4.684749079319333043e-01 3.432332702177128270e-01 -2.554156848509104294e-01
6.772103642614802910e-01 -2.553166795799667876e-01 -7.077099778408063591e-01 8.944679221732588781e-01 8.715327811135949176e-02 9.339615866462763760e-01 6.940591463152920859e-01 -2.711786440857669733e-01 -9.337930746364596357e-02 7.896208223522869218e-01
-2.288264179956113475e-01 6.440091371308740917e-03 3.284314315985824295e-02 -5.636959276820816545e-01 -4.596693012878679818e-01 -2.450428078435864798e-01 2.513470804547109916e-01 -4.302687874526138212e-01 -3.176839082218030907e-01 1.491792008190385987e-01
1.533202288710998513e-02 3.343804328603317694e-02 9.174331835180000658e-03 5.016946635031675761e-02 -5.526314787566116542e-03 5.430906866774252995e-02 -4.881136180681523024e-03 2.721425727500602701e-02 1.160441205980910183e-02 1.647911978061815039e-02
-1.236550170402405530e-01 -6.129023126167538749e-01 2.907418287362550369e-01 3.441876555778650149e-02 4.872052811031328257e-01 -4.571417697382111345e-01 2.362317181226405716e-01 -4.031935877515060995e-01 7.254124535435313437e-01 4.482325079504375642e-01
-4.918956835390298488e-01 6.679770208983004665e-01 -1.067872172584804907e-01 -1.705348195748068729e-01 4.759735913706241717e-01 5.244170322441180643e-01 2.618195111622188542e-01 4.696049110694823780e-01 -4.793151231097876885e-01 -4.047946906098923714e-01
-7.582301249786781161e-02 -4.872598654088173276e-01 7.171029074041024298e-02 -3.351079946327060327e-02 2.004932876710792955e-01 1.901569261167518343e-01 1.536842242870714859e-01 4.628258453819486529e-01 -3.417245901544785358e-01 3.869058704804967386e-01
-6.894338984303250983e-01 3.968424802061378265e-01 4.570737189548715884e-01 7.368149043711104129e-01 1.355036642990137541e-01 6.011573167476941260e-01 -1.956419529574200677e-01 -9.989807712605972001e-02 7.181858253689629157e-01 9.225604348182243897e-02
-1.532926737359270875e-01 6.391072621208006010e-01 -5.749722386931888085e-01 1.973840303247525185e-01 3.099452952853142262e-01 4.117710451424855811e-01 4.093352362989414739e-01 1.200903476243409262e-01 -4.389097109698893162e-02 -1.621306533746775802e-01
2.158123155435411403e-02 -1.284700472216609123e-02 4.102161181316641564e-02 3.722083769512314622e-02 1.099115922481655461e-02 4.456789154813037279e-02 1.302764293663281371e-02 3.743045023455684323e-02 3.129040877941623167e-02 -1.182608858812271742e-02
-4.940257525097070945e-01 5.951777326119022105e-01 -4.903828092270115513e-01 -4.405178080558186035e-03 5.731382253079765343e-01 -7.515068416737502588e-01 -8.022154617888876960e-01 2.643588728110100594e-01 -3.402456302765735074e-01 -7.066032876993861844e-01
-2.501121281612544434e-01 -2.299381328915887923e-01 9.555504322015129226e-02 1.530288225576631744e-01 1.825203695442484120e-01 -4.842071809668495597e-01 1.286308327873703361e-01 6.402889472548062288e-01 2.562125858807280387e-01 -9.174373119353393391e-02
-5.487924509929881234e-01 2.015194271527980530e-01 -8.182612249461389542e-01 -3.384094198900288730e-01 -6.768825936072930816e-01 7.626966751607874850e-02 -8.359050580767564131e-01 -5.101680010289667555e-01 7.997505714419224088e-01 6.907077707398816546e-01
8.361644357626481228e-02 8.893768956182195040e-02 8.770210410903667153e-02 -2.687321858265354635e-01 5.618957072280913317e-02 -1.325235296913393201e-01 -8.314135924645532638e-02 -1.182655959709974641e-01 2.111083417910773405e-02 -3.886205528641008787e-03
9.306482041246109949e-02 -2.285266599926250308e-01 2.986060238416919921e-01 4.514730183212395942e-01 -5.113216671830849158e-01 1.799848520092903192e-01 2.551010881647944317e-01 3.742919876204076762e-02 -5.288465767944612317e-01 -5.931435840774607060e-01
3.754422145244696307e-01 -1.969583706646718113e-01 3.399735533786518715e-01 -1.633879122795345654e-02 -2.756790175746590132e-01 -3.540454666364797887e-01 2.234815778061647329e-01 -4.514338068226161904e-01 -2.112809541555764059e-01 4.536555395066563801e-01
6.960949235828640669e-01 -4.817926532530904526e-01 4.804196190071005068e-01 8.249032504030483492e-01 6.182349259068470326e-01 -3.144205968433204379e-02 5.273516941355691490e-01 6.953043658168651664e-01 5.951746778213564681e-01 1.050523715323301577e-01
8.812268797744557403e-02 1.254408724690045107e-01 4.526854256880183947e-01 -1.529590543361837307e-01 2.040921000300261190e-01 -2.098911491472900126e-01 9.559720496651342991e-02 2.836012202960385142e-01 -3.941267495201707383e-01 -3.762783017705054744e-01
-3.731246634962286368e-01 1.334856026416226804e-01 3.975023730876806050e-01 -5.942164808864253134e-01 5.871356252511321649e-01 -1.375805483400981133e-01 7.418968316797353024e-01 -5.735946083548171259e-01 7.716971763369470660e-02 -4.335312451344570939e-02
1.661857246367408336e-01 -2.589449364611691173e-01 -4.763131246243965111e-01 1.907937833992666074e-02 4.511872822878421063e-02 -4.404735784914930175e-02 4.300307977550767990e-01 4.748334895687457702e-01 -6.208136439774989551e-02 -6.335112174992333367e-01
3.166737375231470919e-01 -6.309939616776145677e-01 -4.951676960603121902e-01 2.880534763556158104e-02 1.663146053090483467e-01 3.000401447831824164e-01 -2.643723837776529306e-01 2.083779031340773913e-01 -2.897065576417882093e-01 -4.180740666379462733e-01
-4.868292716766967065e-02 4.062672174087976762e-01 3.615501043061580821e-01 2.094660334481296682e-01 -8.512111131921021312e-02 2.362291789617829985e-01 -3.633273097780978511e-01 2.091267475008135590e-01 -7.143118922098077965e-03 -4.892148536019306770e-01
2.627474927018908502e-01 -1.953139835727006612e-01 -1.707647428842706261e-01 4.715126866613685297e-01 4.076147981632797790e-01 4.677864160895773837e-01 7.278012269897125019e-01 -9.101541010666699960e-02 -3.223959050909758761e-01 3.421718744063868001e-01
-5.372737679524643983e-01 -2.463396809495159157e-01 -5.664438327303544796e-02 -4.353334317820523741e-02 2.764174714375052799e-01 -2.969745304908039674e-01 1.310127720359877991e-02 -1.939129867916395689e-01 -3.022596146274752482e-01 2.523944251006609019e-01
-2.259247991574073189e-01 -1.444068779363261168e-01 -3.777034328268006336e-01 4.655037546020841521e-01 2.288037595531013935e-01 4.348260153455367205e-01 -2.758410435606141187e-01 -2.568687749179293309e-03 -2.210195837066391764e-02 -1.057707755265407425e-02
2.417756763373008211e-01 2.343382215148840098e-01 1.895811878849676391e-01 -2.336353650446619523e-01 -3.954585610710904531e-01 -2.581740892287480715e-01 2.307824519654366746e-01 -3.494335053024401061e-01 3.858652412175017088e-01 6.992789622854243825e-02
-2.319022345720211584e-03 5.390743079104014512e-01 -4.462829469293784768e-01 4.821741906741161543e-01 6.584068080912786058e-01 1.816920565937657495e-01 3.129927408687711576e-01 2.768639156620968933e-01 -4.754032112537375787e-01 -6.549247700106312076e-01
3.128677637691581470e-01 -4.132509951409851223e-01 -4.671977121401744149e-01 -2.565909776148466714e-01 5.225009181481128362e-01 -7.613125015926733297e-02 2.204822285790121808e-02 5.729295787934322037e-01 2.895696798863621746e-01 -2.749055856638535911e-01
-8.802438532531293991e-02 3.258683330621496843e-01 -2.768814998509110947e-01 1.888433886631115666e-01 -5.340313793490477634e-01 -1.669297836966592008e-01 3.076592489697194122e-01 -2.766186908183304038e-01 7.032404621345056395e-01 4.860230451058632495e-01
-1.069351506234308136e-01 1.220172542029863277e-01 3.279183604080208592e-01 2.807400603053922805e-01 1.011307128080537188e-01 4.981342490030902237e-01 2.204495965162129034e-01 -9.124950917274490814e-02 1.304531233648914545e-01 3.626037974665504149e-01
