6.283978503590657017e-01 -7.927092493184813016e-01 -1.145247599948760048e-01 -6.189546570583188689e-01 3.214639203549152779e-01 -4.556569512966103241e-01 3.524275263577652528e-01 5.920433389701810212e-01 8.050248215813919916e-01 7.072385430481066271e-01
1.490785371864823683e-01 1.206488043774068403e-01 -3.865004255567200953e-01 4.044653369031581680e-01 3.950661108501846153e-01 -1.072438067976581727e-01 -2.523995751454926051e-01 -4.303979605756791393e-01 5.160030671357777043e-01 -2.687811770393890853e-01
2.782085465949628578e-01 4.414024831199601095e-01 -2.004190232390680795e-02 6.555821636583892831e-01 -5.669220417169588133e-01 -2.936677952917952639e-01 5.542823717983811349e-01 2.526474760601533087e-01 6.818272233547977290e-01 -2.659366860007292832e-01
1.696645836270686269e-01 -1.683668914381772908e-01 -3.773657913727418434e-02 -3.996812963441185446e-02 -1.364395768727111324e-01 -1.234014637545712695e-01 1.768768813707998211e-01 -1.426860297985370063e-01 1.289855953806327282e-01 -7.828586730451891906e-02
-5.277034092311069270e-03 -2.853349051758395996e-03 7.831394829748707098e-02 -7.035928388386700726e-03 7.985466131575051640e-02 2.381957673016522545e-02 1.240085531668589335e-02 6.861146173840712570e-02 7.172387311248220459e-03 3.965981223000104167e-02
-4.455956825824937684e-01 -7.468029842575176769e-01 -4.071647440126703599e-02 -7.938771293147985908e-01 7.015542587845486899e-01 -6.938514437938433366e-01 5.530751246276082167e-01 7.120004645311125424e-01 6.743477991374244862e-01 2.297214110896661221e-01
-4.591726983454616322e-03 1.707407669750548307e-01 7.042014300599369614e-02 8.076197467870015537e-03 -1.385588897566540981e-02 9.416798976802864818e-03 3.769096748171960054e-02 1.236127782974049544e-02 6.743534382589766452e-02 6.012497623885893795e-03
-5.348116349357241450e-01 6.800989006362028189e-01 8.242698265737136154e-02 6.852344820340768861e-01 2.255804040664271815e-01 -3.245025220522463338e-01 -3.837744951831554285e-01 3.201178057488600626e-01 -6.045861930977302068e-01 5.596350077318346106e-01
-6.964181890085584248e-02 5.906003847832693721e-01 5.498504865288929011e-01 -5.612173231302524101e-01 -2.794442899424377513e-01 3.687372391927246085e-01 -4.157759946636468418e-01 7.203553256081959288e-01 5.173655371684822146e-01 -1.895952708246286256e-01
1.011697430192754453e-02 -3.694828779434655101e-03 -7.399278211816911685e-03 2.930000271832747596e-02 9.294779603500415155e-02 4.955533758794852806e-02 1.544812499675374436e-02 4.664267053209748132e-02 3.038247260881291392e-02 1.186613139808916258e-02
-1.161123376921315356e-02 1.052027264083250507e-01 5.741204454114763600e-02 -5.887108498056686096e-02 2.101398315621766932e-01 1.754832625964124551e-02 -2.617174221141254156e-02 1.683505051951100177e-03 2.901142439623910496e-02 4.819238692646007211e-02
3.422657350258885289e-01 -3.188779391891825021e-01 5.953627776490292289e-01 1.864063739129274422e-01 -3.493794805448405261e-02 -2.090150307385094386e-01 5.402665454315777049e-01 5.067671981785324409e-01 -4.532644619432047439e-01 4.087014444253151968e-01
-4.216106547559184681e-01 -4.410688686313797569e-02 4.409009818277845882e-01 5.794322260887436737e-01 4.671255954806948218e-01 -4.566845150994388036e-01 2.075378668829273854e-01 -1.356694534901691507e-01 3.157783470925935032e-01 -1.274740491925781816e-01
4.147101357656352016e-01 2.018344025809076792e-01 -4.654010021122116925e-01 6.353158726471151985e-01 1.748304540822709918e-01 5.341851771420912109e-02 7.438583272065978358e-01 -1.599217380892337115e-01 4.120909567306432209e-01 2.882650338776803767e-01
3.105504693708373010e-01 -5.498439297218846722e-01 3.620411088034077851e-01 -2.360366949350083399e-01 2.914793875989124539e-01 -1.801020476860059061e-01 -4.541961091704923570e-01 -1.669492423626750544e-01 -2.012389920102980456e-01 -6.820654753929047409e-01
8.479684518019944134e-04 1.368667922117490499e-02 5.438726928601590738e-02 1.475554546689371478e-02 5.419533404301495744e-03 5.258416628320029124e-02 4.156091201577219105e-03 1.548097830783028758e-03 1.470711537169969683e-02 4.027417608820656886e-02
-3.920424427079581275e-01 9.612960578043876214e-02 -5.307791282115718046e-01 -4.533802202650910051e-01 -1.369668619050777927e-02 1.917120952482420371e-01 -4.282542400875493510e-02 3.536314984459717481e-01 9.454263556103016664e-02 2.436556945972263299e-01
8.297674796175964484e-01 -5.337672763076442006e-01 -7.693720660421277113e-01 4.700892802176270258e-01 5.959992049024108729e-01 3.149311580386974785e-01 1.115673334790907995e-01 6.657051922739567473e-01 8.042207172289342898e-01 -4.411909297439866595e-01
1.347277032605909532e-03 4.157327002259025156e-02 -5.881993874257115396e-01 -4.764460164738242853e-01 -5.775911325572042898e-01 2.849382398877309819e-01 -3.636138483043646619e-01 6.712620612045522295e-01 6.696393637371853003e-02 1.281882456504535549e-02
-3.396857169414296829e-02 2.307067782712496351e-01 -1.315157674613406102e-01 6.052407552776763178e-02 1.861959970622616145e-01 -8.569088243152772622e-02 -1.908765795936578080e-01 1.292384085029821272e-01 1.360965800637247980e-01 5.067667935213156921e-02
-3.571178652926921236e-03 -5.377087356699541965e-02 -2.316901644645121272e-01 3.589214878155127519e-01 -4.017760743752553654e-01 -2.491477547619062524e-02 1.740917496676085974e-01 2.009643079619324868e-01 -3.013283863799233186e-01 1.697674148974711028e-01
2.731879217223586176e-01 -9.121373061277517069e-02 -2.154273126365295610e-01 3.987990522710922470e-01 2.619914030184157250e-01 1.628788045496556425e-01 2.055052340725870008e-01 -9.011555475348034805e-02 -1.241572101170291126e-01 -2.127334162551020869e-01
5.671236892758396014e-02 4.095457073799802505e-01 -1.922587049576631457e-01 1.682913104220314093e-01 2.495385937342050608e-01 1.276830474771278867e-01 1.000358021532395114e-01 -4.549300840398565193e-02 2.401178935891343791e-01 -6.900920134501979664e-02
5.222680598402179575e-01 1.115744767159680406e-01 8.166477413859516421e-01 -8.842778030947374690e-01 -3.956693380866186938e-01 8.720663350536145275e-02 7.580088012045099743e-01 -7.725691855571374944e-01 -2.093450569763737334e-01 -8.075154862576201520e-01
-6.267461849120359307e-01 1.824341158365378190e-01 1.298246299901901699e-02 -6.616675214648927439e-02 3.361213209065908036e-01 -1.328221576644136037e-01 -6.820238287768493057e-01 4.610644891687561975e-01 -6.513780749879608534e-01 -5.969223211950848151e-01
1.083206000019731712e-02 -2.748272448181981326e-02 -1.618046347662849618e-02 2.430656172164167850e-01 -4.829340368225711333e-01 4.128127357168485112e-01 -2.032655630424116955e-01 -2.459772413622544202e-02 2.157311485714493715e-01 -1.157546853162564060e-01
1.708015467476407256e-01 -6.254653600781711065e-01 -8.081661772892660967e-01 -8.181393276186374464e-02 -3.100928627049738817e-01 -7.991721812048706575e-01 -6.672047882236255001e-01 -7.253285526551993545e-01 8.636723557638543713e-01 -5.173660083226625517e-01
3.679120780641370048e-01 4.726924277084824100e-01 -4.057131427523773953e-02 -2.681080823781059608e-01 4.401399516620809194e-01 -2.751601796771066533e-01 5.123848552454000060e-01 3.510567967941399803e-01 1.542706561058399817e-01 1.384080525577183196e-01
-3.188828262558714988e-01 2.914312769735351583e-01 -3.586106252091436630e-02 3.164778696014824283e-02 -6.894144301864791879e-01 -2.359351520767013488e-01 3.316641538491786334e-01 -6.517904730968754334e-01 3.848846606311522867e-01 2.363798952705605070e-04
-1.714102516005623356e-01 4.740099291839977025e-01 6.118179439522751784e-01 -7.236926493652169612e-02 -2.095104534337241531e-01 -5.378320775418496957e-01 -2.583680870522120920e-01 -4.052063361782743955e-01 5.176344509404026129e-01 3.559583273540760651e-01
-3.800652321585181737e-01 -5.385979246004984899e-01 8.693654810264033195e-01 6.501924124705840136e-01 5.096423756142051120e-01 -1.409896409868462985e-01 -6.751813412775289347e-01 -8.346364798462159451e-02 -5.768428570755357310e-01 -6.630170954951539741e-01
-6.663847509575926420e-02 -1.097936778039170225e-01 -6.909850424545698200e-01 3.335584664170315183e-01 -3.806624305674307096e-01 -5.777655276039845855e-01 7.966166148819008308e-01 -1.523624446579822100e-01 -1.318415406063001005e-01 3.553158626193243519e-01
-1.490623396285080671e-01 6.061569059744922328e-01 -4.883695690781822418e-01 -6.684046213280349091e-01 2.553054686786516703e-01 1.323476370601702479e-01 -4.354321480418832380e-02 2.570196635339867530e-01 3.155790772738573113e-01 2.473496027973928479e-01
3.089972094381391865e-01 6.333743453268704249e-01 -2.221716166309195550e-01 3.524042499731003253e-01 -6.098573255438187735e-01 -5.777677716371536487e-01 1.094895855425890574e-01 1.922006832856718861e-01 -1.169629620195230257e-01 -4.400649205886084658e-01
-3.429073746814292195e-02 3.183565647110208618e-01 3.509630154921702938e-01 3.131741067873620721e-01 5.173959926821228850e-01 -2.781612620896425914e-01 -3.699689870966895722e-01 -5.300144847872769599e-02 -5.640669113672097668e-01 -6.190361052344285631e-02
-3.529963380263156925e-01 5.884708062651906602e-01 2.758064291313623850e-01 4.286571909709943062e-01 3.994102989986044183e-01 -4.519719791924574070e-01 3.555603783355103520e-01 -2.594990538276636949e-01 7.164971216155467948e-01 -4.216112869379682881e-01
1.079977840077294693e-01 3.871516076825292502e-02 3.618018159796499572e-02 9.631785118189640713e-03 -6.914249368133259903e-03 -1.067277535312389711e-02 1.097276927130643853e-03 1.808870283710282134e-01 -1.084483749199226243e-02 -3.947067999988841528e-05
1.328430631530208572e-01 -2.618067200430246669e-02 -8.643405212203332869e-03 -1.620684928052927021e-01 -2.119622755797099800e-01 -1.230401028412090453e-02 -5.456741079115921822e-02 9.068171446156590709e-02 -1.121475178195588951e-01 -2.717840459658179553e-01
3.826844830886139692e-01 -5.489133497491844871e-01 -2.853845731159014854e-01 -7.031751567664127345e-01 -6.880978454427637281e-02 -6.939214653190995952e-01 -2.036018709651287173e-01 -6.341939923623514108e-01 -2.100956917336507801e-02 3.134704240066757963e-01
3.261783548241761060e-02 -7.408449985131113080e-02 -4.542726946186623378e-03 -3.202754737167716990e-03 1.702980925297412906e-01 -1.193753728438319735e-03 6.809616652344939458e-02 6.005801950391726624e-02 -1.920345456359798600e-02 6.281461413179845188e-02
1.123869416488945255e-01 2.476875344472100060e-01 -3.248363455245917297e-02 1.184420447277560046e-01 -4.145465882334645885e-02 1.587762542545879674e-01 -2.723225910772646419e-01 1.780947342268321965e-01 -4.648144079215605316e-03 7.303311717012883619e-02
-3.815759276385152221e-01 -4.026278055884899287e-02 5.793164469703714348e-01 -5.086201898878964234e-02 -2.527379121717551747e-01 7.106251625523304360e-01 -3.182252854692178001e-01 -5.165691353393742080e-01 -4.077851744377005150e-01 5.441792485785711397e-01
5.803762245795547337e-01 -7.564313380202643267e-02 -2.596660490085164197e-01 6.618625375856366233e-01 -2.619461993734580330e-01 2.617204298748195337e-02 -7.756133813961932910e-01 1.503460903659140924e-01 -5.354995128918003111e-01 7.418722295773849673e-01
2.449058710324707455e-01 1.662050523568112947e-01 1.203573717648043565e-02 1.139730123802189382e-01 -7.062931106531349090e-02 8.028154387141338277e-02 4.497398459386540981e-02 4.967452092192960883e-02 1.128748031658492884e-01 1.355652236206159600e-01
-5.198189444318942476e-01 -8.462803875721353064e-01 1.551644766319725255e-01 6.036102053712018023e-01 -2.753104232465289902e-01 5.896730216463835772e-01 -8.403437601778654953e-01 -6.967142453005258085e-02 -6.876808697974226003e-01 6.391905376683888473e-01
5.832011746030030079e-03 9.469134464008949897e-03 2.914081923416047756e-02 -2.373883244627528546e-02 4.099391637832787427e-02 3.695901647758118025e-02 -3.689437099809727422e-02 3.841975550818200330e-02 -5.511322762910489392e-02 -3.162087258986948091e-02
1.993114015242154480e-01 -2.352289413785335348e-01 -4.374505367726974070e-01 -2.989010370998012589e-01 4.344367052623228087e-01 3.656080403030674275e-01 -2.082889565152842293e-01 -5.311740493418549702e-01 -5.165678184937972928e-01 4.904321956130782700e-01
2.776356570891519437e-01 -5.072490944676681934e-01 -2.068622476365423318e-02 -3.376858501297410609e-01 9.778362232932320819e-02 -2.913313207753999712e-01 -3.917716837062059088e-01 -6.279400791351352762e-02 9.308036070738393009e-03 1.774181701889448459e-01
-1.089809635460719794e-01 -2.799274254447985943e-01 -7.613163314921865543e-02 6.764869347075286310e-02 1.782404055469428150e-01 2.102718439276959339e-01 2.301379496408097747e-01 1.903925299715800989e-01 1.191110526759328186e-01 8.233174201502921341e-02
-8.560070608985438367e-01 4.488453097771015754e-01 8.845497769560912993e-02 7.399561684269010398e-01 -2.688778743520039982e-01 -3.178965549195298945e-01 -1.515040860651808152e-01 7.620090167253914526e-01 -5.125762990780022288e-02 1.401546500064530798e-01
-2.416643973089540876e-01 8.391720652093447030e-02 5.651331304738923533e-01 -4.027927292695849815e-01 1.992424329950960304e-01 8.062085276802049005e-01 1.950731041833667079e-01 -7.679310926366045460e-03 3.365582078477621919e-01 -4.146468484042081792e-01
4.174446713443407926e-04 1.185436462808775737e-01 -4.391421155500626478e-02 -1.066804847462876488e-01 1.328579768953297990e-01 -1.609105706664863134e-01 6.841226500644981279e-02 1.708953073601629166e-02 -3.614031341899240878e-03 -1.113796010138045633e-01
6.888600955413584637e-02 1.200640263310711817e-02 1.886168218672411023e-01 -1.754554007009505312e-02 -2.752341039371927756e-02 -4.236420048073295114e-02 -1.845719861571481699e-03 2.912614857107517427e-02 -1.174026781213872994e-01 2.656880539014213477e-02
-2.852985300012486070e-01 7.636889685059125021e-01 9.145377709578044190e-01 -6.204770647270938522e-01 -1.044097379575995022e-01 -2.506028106829225610e-01 -3.172379572535605763e-01 -2.259479650863485678e-01 6.802773296953625870e-01 -3.988217769437903959e-01
-3.381152665190181317e-01 -4.366736742292875451e-01 -4.447865996121398435e-01 2.741541650149278975e-01 -2.327563291961399217e-01 7.276672997584087144e-01 -2.085580527503411996e-01 -5.144940057524418631e-01 7.499445916226465947e-02 4.383191848295571180e-01
-5.075780108048305594e-01 4.419410463912349929e-01 5.393869297719433575e-01 -3.210150686927893959e-01 -1.558019532988735856e-01 3.177757457851107525e-01 -3.198797030514554107e-01 2.311912294509069488e-01 -5.809817386184784604e-01 -7.119160394332672004e-01
-2.342220975813769090e-01 -4.526142595446875361e-01 -6.238910256628077411e-01 -3.853992351968584806e-01 3.786746398141813130e-01 -5.360485923412943166e-01 4.734976798066744402e-02 -3.167169297276847262e-01 -3.662761455143850320e-01 1.461859379208825249e-01
8.955201834782858250e-02 -4.159791002985559899e-02 -2.356722839401402259e-01 1.647241475783890463e-01 3.012631214081181591e-02 -9.351501478325284500e-02 6.604867007696500758e-02 4.703734102791853368e-03 9.472884833624205247e-02 -2.155790676898122760e-01
-2.561176649424621865e-01 1.630052437846556401e-01 1.971877175605365184e-01 -1.457291534209997907e-01 -5.748255002194757601e-01 5.619454550397355863e-01 -1.237691672198918819e-01 4.374415072030458651e-01 -1.762574213172556914e-01 -5.480109109404193157e-01
7.820891163911676547e-02 2.991000337281738558e-02 1.763035007610087856e-02 6.663598323402836199e-02 1.037261990837908820e-01 -2.450306751590516138e-03 1.167900139016091361e-02 1.576464931191748700e-02 -3.570357004016290470e-03 5.005659993513512755e-03
-5.655841160443330073e-01 -2.821723784217750608e-01 -4.565296091403505674e-01 6.323893082830105428e-01 -4.835184871202873880e-01 6.924125880230315166e-01 -3.441350125111161673e-01 -4.576559656335796866e-01 4.823475376404890436e-01 5.611547213028310610e-01
-5.398588111131034095e-01 -7.969681387323178379e-02 3.621505751211689939e-01 -4.030526263670649971e-03 8.202630327215690853e-01 -2.675021360137360693e-01 -2.276700482713353291e-01 5.788608975474893725e-01 -2.556518953907283009e-01 4.227988676957287750e-01
-5.578610455922219935e-02 -3.363316719651934100e-02 4.093199289840733501e-02 5.589507640695298013e-02 6.484347803580268847e-03 4.154272731107046257e-02 3.098696959752342966e-02 -1.156901877907383358e-02 5.814590875548722622e-03 1.159158382642984236e-01
-9.761261733293177811e-02 2.380973386617580845e-01 -1.790341238795260109e-02 7.391127834751709536e-02 1.701824017094810126e-01 4.414322865405860552e-02 -1.455851559260563644e-01 -1.383546574062409773e-01 -4.870450888246830035e-02 -7.216596368131898698e-02
1.280679525470851225e-02 -7.174258752394992167e-02 1.658133019100972716e-02 -1.693951711960975381e-01 9.426780323961428398e-02 7.201859777516464445e-02 -8.401592951755197658e-02 -2.388903267917563411e-01 -2.746794814626182246e-01 -5.406780149073407982e-01
5.193031368623881594e-01 -1.071268404036428701e-01 -5.275036165511058917e-01 -5.614445726571587469e-01 1.237955461201784430e-01 8.658222208787336172e-02 -5.140786743512052448e-01 -6.774266042648899311e-02 -6.209571323679621280e-01 5.118264128298902760e-01
4.614282603626491674e-01 -6.364211976766778189e-01 3.783450420086661992e-01 5.747243115197800956e-01 6.293312941130015936e-01 -3.051282130544532012e-01 4.009413211935684562e-01 1.715260937748544212e-01 -1.261986401350857767e-02 4.826503973768193068e-01
4.203803359483912483e-01 -4.469582511319168949e-01 -3.812451723385639757e-01 1.666044118002127095e-01 -1.395254926544899632e-01 -4.139165216263406277e-01 5.040488484491810750e-01 4.233014168506412100e-01 -1.276576841107526783e-01 1.121967818985365600e-01
2.125404322646376742e-01 7.906348705409607103e-01 5.095733197422614991e-01 6.025113888300656084e-01 7.222795282812348727e-01 -8.031518092550906651e-01 1.674392965654409315e-01 7.928862207832043651e-01 3.089500669138541822e-01 -8.702944864627200072e-01
2.779838479264105655e-01 -1.148076167606317810e-01 5.386061904589196925e-02 1.353411080946728129e-01 -2.045689045272996165e-01 3.618939120775792606e-01 -3.265760996846133607e-02 2.369188602596074833e-01 1.417630791314342387e-01 3.471293523299438522e-01
4.325343200662320475e-01 -5.400379167787586754e-01 5.567418619353091680e-01 -3.539208320447878586e-01 -1.763678305558612769e-01 -1.597974938202632034e-01 5.550057145251457991e-01 -4.462685004443976977e-01 3.267289565468013968e-01 -2.329469197624829124e-01
6.766387347234890104e-01 -2.550036001543870556e-01 -7.074584532560286299e-01 8.932583712407800025e-01 8.626010642852723065e-02 9.341072077569158028e-01 6.929450204352914922e-01 -2.708447988666320971e-01 -9.290677505436950590e-02 7.890342439403916774e-01
-2.179932185664457400e-01 6.818407194992038428e-03 6.157121431925850763e-02 -5.224827845867681120e-01 -4.277952488533100506e-01 -2.354644016852335819e-01 2.182662037116863685e-01 -4.071748337016730113e-01 -2.965296331298261090e-01 1.435386427237491935e-01
3.268350851890226491e-03 4.856466480507543731e-02 1.365821918088555402e-02 7.399625128968598253e-02 3.021523943778095522e-03 7.467026182190412975e-02 1.178135385982794631e-03 4.552973407946327850e-02 8.147184505183282383e-03 1.949930728919697931e-02
-1.264024598527299648e-01 -6.032722771407136308e-01 2.759346125651676029e-01 3.314194682622804977e-02 4.913774772728918827e-01 -4.559113026959603077e-01 2.466393404266085110e-01 -3.980518993536739658e-01 7.147103147470722506e-01 4.418629081601581632e-01
-4.829072729928290952e-01 6.732139523409282900e-01 -1.038368178679586751e-01 -1.632060646146127891e-01 4.560848457970103631e-01 5.138743376255757722e-01 2.683282264121431004e-01 4.598899753313855920e-01 -4.632997078722180251e-01 -3.978318776194425532e-01
-6.597865630349507293e-02 -4.161590269799148034e-01 5.558955999056924835e-02 -5.753168072437291752e-02 1.564948150948267114e-01 1.753652134642455784e-01 1.132704783103417046e-01 4.109058434453309316e-01 -2.744463680754689050e-01 3.262983274140381917e-01
-6.774096196573086148e-01 3.952269185567828802e-01 4.481572307510827136e-01 7.199545226248892371e-01 1.306656491970343559e-01 5.890376576871154679e-01 -1.913506691357086953e-01 -8.476648825661216302e-02 7.054325508198321382e-01 9.196563814589291119e-02
-1.490531456984840741e-01 6.239204437404574088e-01 -5.614469142866449491e-01 1.915146251273971423e-01 3.063252747638964268e-01 4.255103626264478689e-01 4.000151445433545172e-01 1.155048143915694825e-01 -4.286266146553687623e-02 -1.581173805357495299e-01
1.133622668633926800e-02 -5.349830777788045638e-03 2.743894855927993953e-02 5.452365031491182568e-02 6.774712590573475635e-02 2.661851097142802283e-02 6.385893793884901519e-03 9.059688782813163366e-02 3.692173186120624451e-02 4.487261365898102816e-02
-4.907725392029840261e-01 5.991733618406991368e-01 -4.900842573234971966e-01 -5.600682934237826913e-03 5.722956544663403422e-01 -7.475714475763395317e-01 -7.993162309863981463e-01 2.622359560758082964e-01 -3.389283069618470035e-01 -7.029591806653419095e-01
-2.127775639307055155e-01 -1.607908042060405274e-01 8.067436981376868710e-02 1.389109674389540916e-01 1.419331869598801088e-01 -4.146719534892255310e-01 1.110576341309075649e-01 5.749283833074099181e-01 2.062140523202822262e-01 -8.253364135261781476e-02
-5.440160556360178479e-01 1.968982792769032042e-01 -8.100167170489048774e-01 -3.332110521300128969e-01 -6.752901234641208728e-01 7.866632290937911054e-02 -8.324837630998629390e-01 -5.071759718787364202e-01 7.999666353391005069e-01 6.872661899497863880e-01
5.138241826405449963e-02 2.875188659463599056e-02 7.900276119776529493e-02 -4.499334599121281725e-02 1.430074033486113810e-02 2.019185385962279228e-02 3.807350953404781829e-02 3.037439271012355030e-02 -4.777071665665252008e-03 1.326635719923881414e-02
7.506942363873313206e-02 -2.050615840970257397e-01 2.923107703684714731e-01 4.341271261586625019e-01 -4.834268970505901097e-01 1.852833139438249399e-01 2.255398515256400449e-01 3.685444655347586140e-02 -4.949621486499580780e-01 -5.559478357641295387e-01
2.169168130857052068e-01 -1.179574082572656807e-01 2.187748168696098117e-01 -2.738052737375484130e-02 -1.954385926439317911e-01 -2.262203624336960039e-01 2.263274829284752376e-01 -2.487533358025758312e-01 -1.132041338643246797e-01 2.876657199982531887e-01
6.965921369194206791e-01 -4.800995628374145063e-01 4.768195638471082187e-01 8.245658374807265378e-01 6.134378492966887642e-01 -3.285834731208433362e-02 5.271097538946379890e-01 6.937019667838338899e-01 5.925103801389491887e-01 1.054228946460440686e-01
9.643765112489134650e-02 1.151637143763232646e-01 4.724898357045954067e-01 -1.433104641544972746e-01 1.862464714935182508e-01 -1.968372993297186346e-01 8.843727117104162316e-02 2.649127369440571478e-01 -3.721817106752154380e-01 -3.559860778860312047e-01
-3.568884844107497734e-01 1.337324439855004932e-01 3.852092160203988147e-01 -5.816115852787325791e-01 5.703663601313339049e-01 -1.210492342943676886e-01 7.210911281948868545e-01 -5.607944742506197899e-01 7.488394715779995992e-02 -4.131687113685261065e-02
1.566653737340634456e-01 -2.165846968757756119e-01 -4.133619877333486459e-01 1.397557239191072123e-02 5.166374276307672542e-02 2.289090380126369492e-02 3.773294823129922371e-01 3.829858877253586869e-01 -2.840055487787591232e-02 -4.885298182698836755e-01
3.045347644622292127e-01 -6.141278764688490321e-01 -4.697058663274369938e-01 3.027883006392046231e-02 1.542423058229504262e-01 2.916580486638027936e-01 -2.633979283993959641e-01 1.999766580856225939e-01 -2.640948433833382181e-01 -4.028399946643359542e-01
-3.665917877931490487e-02 3.768841032284415138e-01 3.173979395774414458e-01 1.814533279408962474e-01 -5.227068407106878756e-02 2.234311533722414811e-01 -3.226192577862582178e-01 1.836059992397442719e-01 -5.996792849011188531e-04 -4.149404819394759691e-01
2.502461684899796035e-01 -1.880151199928562777e-01 -1.565645726535602744e-01 4.518143914060656630e-01 3.868349061448155268e-01 4.680150446134895281e-01 6.912450452670471090e-01 -9.433654593198431693e-02 -2.900868809771678380e-01 3.420683537787821415e-01
-5.099617565877868630e-01 -2.126935455766713612e-01 -5.517791225570192748e-02 -7.468387699733271268e-03 2.650326136631507290e-01 -2.334628526015801175e-01 4.560967985114776184e-03 -1.832194545088280668e-01 -2.864752862957450352e-01 2.381388439305636984e-01
-1.526637810104663762e-01 -6.638655052516577448e-02 -2.283548502584208661e-01 2.168627656239835721e-01 1.670885539052216207e-01 2.642633456550081972e-01 -7.747627167076583110e-02 5.510160890416902768e-02 -3.796459230965083722e-04 -3.449468523091606814e-02
2.120380384755909398e-01 2.412699824941575144e-01 1.720204472287095443e-01 -2.141851964162098387e-01 -3.642682950776141571e-01 -2.421845250546199591e-01 2.357284616923719101e-01 -3.114799200555473102e-01 3.502341518937818199e-01 6.488168915889259980e-02
-1.977607605532826288e-05 5.348331179425297455e-01 -4.410922018466352235e-01 4.749782363635442484e-01 6.462006591915863130e-01 1.769005528006135641e-01 3.234189764958310120e-01 2.757531295175349451e-01 -4.688996073496986550e-01 -6.461608194167439700e-01
2.809762449231413273e-01 -3.700198931683558734e-01 -3.898433148524688696e-01 -2.318677626058377461e-01 4.693897284576217244e-01 -4.557855068576709828e-02 2.085060997307396774e-02 5.157154633781104724e-01 2.610663473326921835e-01 -2.431984271055649682e-01
-6.714543401185099625e-02 2.965222014591512023e-01 -2.509815842078760295e-01 1.817100399269573341e-01 -5.119951368788246970e-01 -1.679927923444721194e-01 3.093827884564988584e-01 -2.793124700955563200e-01 6.671749237362040175e-01 4.498820968180154978e-01
-1.358410748511216723e-02 9.444699644319012877e-02 2.143078772209911775e-01 2.066820987919022468e-01 8.706175272275699928e-02 3.584599452509906192e-01 1.696503745960987741e-01 -1.082207385976459157e-01 8.722132112974834151e-02 2.562162389951693209e-01
