6.447673717258181059e-01 -8.303433137741766945e-01 -1.170539780504672583e-01 -6.328202791401814631e-01 3.380351711569950512e-01 -4.639876973451054210e-01 3.457208581159135208e-01 6.027366334552072269e-01 8.135773106931035725e-01 7.284982024106108067e-01
1.565017972427334425e-01 1.238983020727913303e-01 -4.480209555347132167e-01 4.459784732196494517e-01 4.366321161825227892e-01 -1.202134576359829982e-01 -2.546361412118668954e-01 -4.599456384096339279e-01 5.467988293681326217e-01 -2.860632563489913238e-01
3.174546573888283874e-01 4.656388211004635624e-01 -1.812140343544063267e-02 7.160828294395774618e-01 -6.355932943207210917e-01 -3.185179588518084470e-01 6.165776575860656417e-01 2.575342916374537827e-01 7.245195266971528048e-01 -2.808390576046371767e-01
1.241081684303450700e-01 -4.189830697726892317e-01 -1.392785999834739163e-01 -1.835153536428582588e-01 -3.261108748518609102e-01 -3.529018929542130922e-01 4.453268118733521019e-01 -4.731941730253667044e-01 2.715708774104460543e-01 -2.278449020865218888e-01
2.492242865597683182e-02 -1.643323432729564687e-02 5.580441022738083512e-02 -3.078396637958445009e-02 3.094816064937390334e-03 -1.850636899785140397e-03 -1.180791078785052052e-02 5.462739252609285362e-02 -1.441795321839196321e-02 5.028622335662323584e-02
-4.479246618685678860e-01 -7.549981625278534558e-01 -4.046244214569511694e-02 -7.952863199493231949e-01 7.108124522020454750e-01 -6.959945657829350596e-01 5.596510807511614338e-01 7.156728263741005680e-01 6.829646433027357633e-01 2.304211050135044347e-01
-1.561831643591328998e-02 8.008636732211389664e-02 7.018885198317532936e-02 -6.179247363753654493e-02 -2.943452158675253540e-04 3.832076529640542767e-02 8.763420774540574276e-02 -6.965456474785157448e-03 -3.994561966877344800e-02 -8.907648381439624286e-02
-5.686252523019996730e-01 7.249093369188648328e-01 6.512758715563943257e-02 7.224686795425641073e-01 2.360014070044325063e-01 -3.371405749905985738e-01 -4.073163800059141360e-01 3.356531310973819293e-01 -6.352925412991470289e-01 5.993964908996118890e-01
-7.526667553869872962e-02 6.138663037416393076e-01 5.666475376698321131e-01 -5.783092439392686357e-01 -2.862251090572045520e-01 3.793924216883736711e-01 -4.534850524079565015e-01 7.382780316301126300e-01 5.372168862010381352e-01 -1.951433827272204269e-01
4.144949813801241008e-03 -1.218441776407175846e-02 1.093857381480110684e-02 1.254973951606230820e-02 2.668968220088799650e-02 -1.050487814311275130e-02 -7.526014983001424324e-03 2.709429679377989286e-02 2.549242954976911960e-03 8.129246966587819895e-03
-8.782100122068081660e-02 -3.173518386447288925e-02 2.052235220151229500e-01 -3.055035448402387832e-01 3.924623724231721678e-01 -1.339974094895099617e-02 -4.845999702247845431e-02 -1.190326718379057375e-01 2.784061787272841537e-02 9.211299948329626508e-02
3.586021724067412486e-01 -3.325483183666356202e-01 6.024290724598081459e-01 1.914464168948377953e-01 -3.382150829394488939e-02 -2.192857419838828426e-01 5.625181698319117185e-01 5.240978745760035418e-01 -4.746787426452279135e-01 4.186506010472871298e-01
-4.708609144816474634e-01 -3.206677288059632536e-02 5.133667294361353717e-01 6.532797936372133352e-01 4.947515781275536595e-01 -5.720143276751015193e-01 2.092577958913036384e-01 -1.511307529213499756e-01 3.487925724108846270e-01 -1.457363618172755892e-01
4.539297528297743245e-01 1.719960259694554294e-01 -4.846123162843664622e-01 6.972137633522289546e-01 1.914253525512794041e-01 4.676979833941401210e-02 7.929780893031659339e-01 -1.941865595196181626e-01 4.419538333616547243e-01 3.140693955436426044e-01
3.333511092357085981e-01 -5.831811533287362126e-01 3.560277585758342411e-01 -2.516909050097332345e-01 3.104291336353739439e-01 -1.972583804570909871e-01 -4.831888208806250917e-01 -1.914112671807083332e-01 -2.064145848790248372e-01 -7.266965202146914438e-01
-3.977871377741645093e-02 4.766927275547208631e-02 2.989927461769388561e-02 3.479317717068659138e-02 -3.321573535232978571e-03 5.465715631137253727e-02 5.355464908357039644e-03 -3.036562211154170132e-02 4.917734674533894706e-02 6.793015096713195256e-02
-6.014660938168309157e-01 1.441857490178090617e-01 -7.490876133767240264e-01 -6.347882713793472353e-01 -4.481761741557060280e-02 3.318577342995385204e-01 -5.123258004374105917e-02 4.889177120077954353e-01 1.001398622991181153e-01 2.218855688329464670e-01
8.395001316716362849e-01 -5.390841168070281686e-01 -7.752227214170741565e-01 4.777668393540605019e-01 5.952129602932579866e-01 3.156572180570897945e-01 1.128290131330377116e-01 6.698291357353672870e-01 8.101825075493920281e-01 -4.404388240633321239e-01
3.747600806548869162e-03 4.066097874280656665e-02 -6.330334229796014123e-01 -4.965722005621337476e-01 -6.010213343745430814e-01 2.982754032460644411e-01 -3.798973724530909646e-01 6.846226603909210118e-01 7.246088457889419965e-02 1.108721192261806314e-02
-7.708233634480819718e-02 4.240687452263368074e-01 -1.809678356724822856e-01 4.526264918578429275e-02 1.557865567759849357e-01 -1.058405276235518805e-01 -3.742390037537827174e-01 3.048670089741248868e-01 2.970930236328795937e-01 -2.977351032522664032e-02
3.501321142472188508e-02 -6.016503379053617095e-02 -3.592709008071293675e-01 4.855861031111462500e-01 -5.514226624413158806e-01 -1.883894578124558489e-02 2.763642382465861802e-01 1.762221072839111058e-01 -4.077761120970836428e-01 2.346548182301200769e-01
3.459633859262946642e-01 -1.118211474713430575e-01 -3.820695564149315659e-01 5.106255430690239683e-01 3.480720321067886647e-01 1.779774805803712723e-01 2.921859589038673932e-01 -9.852710943002378208e-02 -1.612891435673290685e-01 -2.485522388506951896e-01
9.207892422361313445e-02 5.843446800425184939e-01 -3.394414555753373364e-01 2.535777080153416296e-01 3.669736670520614141e-01 1.828332375497869478e-01 1.337991917346681991e-01 -1.841988774723364863e-01 3.377855962792792877e-01 -1.000331446919687922e-01
5.373774611301017634e-01 9.897538786116773235e-02 8.332217548101676918e-01 -9.017323724224248771e-01 -4.075977863315067840e-01 9.984336751301083057e-02 7.755994995859998298e-01 -7.928328692729719185e-01 -2.186672130708219031e-01 -8.324663395921222397e-01
-6.644718234532792644e-01 1.853856280036262905e-01 -7.764294003646237535e-03 -6.007619997071748930e-02 3.567223329589676584e-01 -1.529085408672544166e-01 -7.254265564692400359e-01 5.144080394412576807e-01 -7.035800682831957475e-01 -6.784153547224175407e-01
3.471311582179122113e-02 -1.790334716997757369e-01 -4.556873727594852597e-02 3.432361124386518747e-01 -6.312207077995712901e-01 5.833517417787832393e-01 -2.822305735140987482e-01 -3.621659907141196177e-02 2.739511586522531683e-01 -1.182323452961044213e-01
1.732961035958414386e-01 -6.315971370507015292e-01 -8.271899362089191188e-01 -8.044401620875636649e-02 -3.128759321548550409e-01 -8.097692334351727084e-01 -6.763146076168439214e-01 -7.313570119785688384e-01 8.735033907340699066e-01 -5.209529676712828516e-01
4.072026683196599550e-01 5.179285130121400460e-01 -5.117097719035645920e-02 -2.775523229526871138e-01 4.746605946851986113e-01 -3.539954385074118304e-01 5.714483167057081703e-01 3.863288918673782324e-01 1.699816853599546707e-01 1.509076164973695566e-01
-3.432616783085628565e-01 2.932971451567586429e-01 -3.822754496516064804e-02 2.038494280175107837e-02 -7.240117319233463355e-01 -2.766331814856549665e-01 3.512818545434484574e-01 -6.964171309330984272e-01 4.076756611730071866e-01 1.745683292222131953e-03
-1.964826284162569658e-01 5.157520316186957610e-01 6.481482512409669772e-01 -4.552681187538656915e-02 -2.867649874067270677e-01 -6.019663904851595415e-01 -2.707304258524815266e-01 -4.456317072657101641e-01 5.793590763410639832e-01 4.071136952327898406e-01
-3.820527354550997678e-01 -5.675590413970293957e-01 8.763327237168374584e-01 6.549222356639453624e-01 5.246447467192836278e-01 -1.411198803231146492e-01 -6.882960014611054778e-01 -7.879176134159542044e-02 -5.948986477443047871e-01 -6.599069730631580422e-01
-7.271493318445224063e-02 -1.091863592666644789e-01 -7.347804815233567322e-01 3.564289869487415885e-01 -4.093803958167645529e-01 -6.573469806741474297e-01 8.524231532936821232e-01 -1.502582625337010869e-01 -1.446925768835805315e-01 3.539514399278747558e-01
-1.653761709920394674e-01 6.500242654866306147e-01 -5.464638021204220042e-01 -7.176113119174848398e-01 2.523380692300489780e-01 1.442829614220696166e-01 -4.384464258572752515e-02 2.522556412886570176e-01 3.341655221587107039e-01 2.966577418055554860e-01
3.370024785826735148e-01 6.833495068326960187e-01 -2.328213593886066524e-01 3.919490106000862450e-01 -6.936587493651759084e-01 -6.370923277032942700e-01 1.095732465095170388e-01 2.219718106695825754e-01 -1.096253749543639466e-01 -4.718273768972884308e-01
-1.931952255512672106e-02 3.228807659285125586e-01 3.701764390980281094e-01 3.221893885387576151e-01 5.523654231182713037e-01 -3.178343932628250879e-01 -4.042341318328315780e-01 -7.878337308033561692e-02 -5.969341431496759665e-01 -6.341763693387518497e-02
-3.741145539810389886e-01 6.231623954962263179e-01 2.580307933963996714e-01 4.804505812019780331e-01 4.486286178425228366e-01 -4.513720712976253546e-01 3.952621657099356089e-01 -3.030809976477490397e-01 7.571028679259390604e-01 -4.353580660419061887e-01
2.185723076791232927e-02 3.314045154015510947e-02 -4.940846771579643533e-03 -2.926949315510397887e-02 -1.529270145035602907e-02 7.248129576767857463e-02 3.126561275793905692e-02 6.213528221900069953e-02 7.942686110075572806e-03 3.914333161553340545e-02
3.473865288607602686e-01 -1.298642745111437506e-02 7.812292588759599254e-02 -4.318685528094883819e-01 -6.614503653405729988e-01 2.255495054048077194e-02 -1.611478198947672580e-01 3.559371656663772865e-01 -1.576311184035409096e-01 -6.100422532817105781e-01
4.115654563205863314e-01 -5.939150802931473239e-01 -3.123851696871585704e-01 -7.560080557534879508e-01 -7.598923463254847466e-02 -7.565904371801793760e-01 -2.146103794450837376e-01 -6.789220389503429764e-01 -2.736388228757126451e-02 2.839196024984859124e-01
-3.564170348526014831e-02 -3.069842799308230563e-01 -2.381139566982581890e-02 -1.744376364245617816e-01 1.321408377035809267e-01 2.198737123151642825e-01 1.016004446196770578e-01 3.125042881203557998e-01 -8.817560272264754473e-02 1.817780890923254844e-01
1.544946742512210702e-01 2.911133394426216325e-01 -8.090595738366043732e-02 8.082907429708251212e-02 -9.572472415152029346e-02 3.539607748576014123e-01 -5.106518406477948968e-01 2.686488491569522519e-01 2.512558913616093001e-02 1.117847833262752000e-01
-4.272390632436895985e-01 -6.861414421173890610e-02 6.158267565319515136e-01 -7.211850724803842150e-02 -2.693999263745509576e-01 7.653782184188017146e-01 -3.310704795469276984e-01 -5.943541319478169438e-01 -4.256350979258021194e-01 5.349137141964170894e-01
6.005292023429934511e-01 -9.178533813651287843e-02 -2.649056698604181359e-01 6.931746469624835427e-01 -2.700309300240994470e-01 2.235902234159375251e-02 -7.957443718148379252e-01 1.491187241369268668e-01 -5.489530890092897408e-01 7.650961820362287558e-01
3.090948581045692145e-01 2.852300204528150362e-01 -2.427478776315687356e-04 1.965032286227237079e-01 -1.466933876581385798e-01 -6.994676295142199240e-02 6.474516781552269729e-02 1.412332576599411305e-01 1.514970299651554053e-01 2.376411518129655231e-01
-5.214316514986253592e-01 -8.653120763429111850e-01 1.429299696609577508e-01 6.100885665936441882e-01 -2.693946180323484318e-01 6.113502510574190252e-01 -8.527906938417066929e-01 -6.889215838001734593e-02 -7.017435350887557544e-01 6.434214670960235471e-01
-6.610624813691083623e-02 7.910616148540322579e-02 2.220382268372842749e-01 3.426276704377791832e-02 -3.056949177278226459e-01 -3.604251457736951103e-01 -3.791392078072772787e-01 4.737716375955194209e-02 -2.341374250885609465e-01 -1.892236414972007785e-01
2.334855845122444928e-01 -2.681157643641037258e-01 -4.690316385794247589e-01 -2.943556087235871255e-01 4.117499416032028292e-01 3.978249266292224195e-01 -2.013817306775087523e-01 -6.007538118138883165e-01 -5.535259580059375129e-01 5.345666577776496675e-01
3.503997547560818715e-01 -6.165507187167442726e-01 -4.270847934993282635e-02 -4.085712315610157686e-01 1.299065021714266577e-01 -3.654818620925623374e-01 -5.467993024213629871e-01 -7.221224772929707436e-02 -2.230569393777089016e-02 2.173505553492580400e-01
-1.783927917438562494e-01 -4.251984221571969980e-01 -1.259865938119773265e-01 1.455402918750343944e-01 1.437173083877613389e-01 3.125693027837182503e-01 3.726968029906159163e-01 3.260553251117632723e-01 2.362544346242705373e-01 -2.397772311754853627e-02
-8.890484056911875932e-01 4.493926217357627761e-01 9.944706817763465656e-02 7.560453220613453373e-01 -2.817148201339995661e-01 -3.264028362776452696e-01 -1.534267416547613894e-01 7.919420457211487907e-01 -5.382325191043977469e-02 1.456082746947026385e-01
-3.003396331911641348e-01 8.877422091365172463e-02 6.130990556116560075e-01 -4.323859015061947697e-01 2.213875793973121564e-01 8.689238268458269188e-01 2.150078562492762080e-01 -6.256995365557014785e-03 3.621409199412914393e-01 -4.410298239901435102e-01
3.549094489954738446e-02 2.379216356669980603e-01 -1.744005098586100255e-01 -3.203350440675852284e-01 3.896898869088716300e-01 -4.488162927295070159e-01 -2.229291949990012678e-01 2.206405026540728467e-02 -4.635828388758173046e-02 -2.783071121611987997e-01
2.881089516666110483e-04 -2.694313327308969219e-01 1.514427834648114368e-01 1.765035541037436248e-02 -6.571465979536282587e-02 -1.370750923346253647e-01 -9.024878194941060583e-02 4.680558117159937942e-02 -3.448648272148109317e-01 1.343284252661401112e-01
-2.932826582499297730e-01 7.838135183980553533e-01 9.224519008775446949e-01 -6.321611035905708720e-01 -1.045187169933577409e-01 -2.893263637721021908e-01 -3.091095669576803262e-01 -2.081335304648854745e-01 6.855671342988880479e-01 -4.447293772402640122e-01
-3.583870811184168281e-01 -4.420141263284679822e-01 -4.663260816506993867e-01 2.870339182601872041e-01 -2.399273690259703107e-01 7.311203867042405102e-01 -2.177492127868389249e-01 -5.316581114425374954e-01 8.661476154607934685e-02 4.666633904915766240e-01
-5.171350689138853873e-01 4.511185535925443801e-01 5.463798073458753235e-01 -3.218641310037097525e-01 -1.675839010170356580e-01 3.115406927782486957e-01 -3.173350809949483375e-01 2.358754221482134150e-01 -5.883756256266938767e-01 -7.221487460314911511e-01
-2.796229826516615780e-01 -5.013875366317050997e-01 -7.167625575199159105e-01 -4.856216518435075846e-01 4.227266106405749291e-01 -5.986000913349687202e-01 5.716866840639386882e-02 -3.523970813474677777e-01 -4.023170949033124111e-01 1.842544329656420066e-01
-1.091202542856329616e-01 -1.036602516180691186e-01 -3.583837062066500545e-01 2.783445657952307029e-01 -2.265934220494226006e-03 -1.019607891703572522e-01 8.220949099667229643e-02 -1.207319576457864946e-01 1.737119969542715581e-01 -3.702101006122377469e-01
-3.095952489514313677e-01 1.866488736856702357e-01 1.876362541228414060e-01 -1.956461689805888970e-01 -6.388018131408156330e-01 5.950802101520005216e-01 -1.375324664133227570e-01 4.942262474240531334e-01 -1.962625379954580085e-01 -6.062703727846119328e-01
1.768634615858607206e-01 1.543312167684711966e-01 -1.035470613697483944e-01 3.333603219694771802e-01 1.218139089632053335e-01 3.440909059705013484e-01 9.213322732506981638e-02 2.888467775518237246e-02 -1.436533234670648862e-01 -3.281691560835354494e-03
-5.822236750841212061e-01 -2.947965288031151876e-01 -4.679526008682190485e-01 6.475987017479847285e-01 -4.806502604384536581e-01 7.448764746987301955e-01 -3.531581039217231432e-01 -4.815884786070115386e-01 4.880199190780353802e-01 5.733218237646340310e-01
-5.547520656914829429e-01 -8.252318035869643520e-02 3.730321970000387011e-01 -8.522975743006983755e-04 8.533491876809599086e-01 -2.723953603983914062e-01 -2.513456605034692926e-01 6.157708407347594060e-01 -2.638665360870935950e-01 4.330816952694342969e-01
-3.203215248885233901e-01 -1.516354454462431056e-01 1.701098882474711138e-01 4.297071153407762477e-04 -1.913087270828991715e-01 -1.154257418392549972e-01 2.010802478533829929e-01 4.169470869432664178e-02 7.965193383358236401e-02 -1.295617733862412021e-03
-1.857113246228287995e-01 2.974473710934849580e-01 -3.585275782680708294e-04 2.138859716580499282e-01 3.611391816857911774e-01 7.466459372706799047e-02 -3.415022639228036394e-01 -2.309582523000120458e-01 -1.185384447210908604e-01 -2.036571790046809993e-01
-3.178072947418960487e-02 -1.447265059044287316e-01 -2.445980631756925275e-02 -2.213437574602273583e-01 1.315178106855101337e-01 2.153282063636157428e-01 -1.287786832637199674e-01 -4.181038820027794256e-01 -3.714149052537953355e-01 -7.008479425683521447e-01
5.596722188611602533e-01 -1.811847452152463567e-01 -5.608138482410810477e-01 -6.075275086000904157e-01 1.552371636620365480e-01 8.794848415841539924e-02 -5.874325192491496317e-01 -6.882420213012413468e-02 -6.746877476767451087e-01 5.616378285308982754e-01
4.730951660213328358e-01 -6.586821571947253373e-01 3.841389615709606686e-01 5.962221749100101720e-01 6.394561132952402138e-01 -2.978946362983500018e-01 4.102903050748198943e-01 1.674374792931847544e-01 -1.137346528149601153e-02 4.980574752939193051e-01
4.647421134522605191e-01 -4.756291869937661621e-01 -4.565865891270252663e-01 1.928323985116692785e-01 -1.467375933314612191e-01 -4.494961084444982768e-01 5.635975176165015643e-01 4.649050466007143001e-01 -1.485377398975282204e-01 1.221696777676525847e-01
2.028838703442347458e-01 8.029641649805042691e-01 5.008805839278258620e-01 6.061925743677721856e-01 7.236356954129573582e-01 -8.099344806486827864e-01 1.726839279869799015e-01 8.171802969395037808e-01 3.097607652215192964e-01 -8.905020804846675020e-01
3.882239734877272475e-01 -2.175426145493822849e-01 6.245491726893538653e-02 1.974319864473559338e-01 -2.595550571823338482e-01 6.205619404987533505e-01 -8.477324954334933271e-02 2.511212778619699160e-01 1.633129252295834333e-01 3.624809080456467547e-01
4.763484431581117007e-01 -6.162844672875664731e-01 6.070465026690895494e-01 -3.677813645562460487e-01 -2.068751126454342337e-01 -1.687910840589885164e-01 5.758498031252867744e-01 -4.775460262547572832e-01 3.598351470303060573e-01 -2.688991793721053347e-01
6.812083757881812751e-01 -2.565315405226593071e-01 -7.117071127931908769e-01 8.991984434974837903e-01 8.907852510687180869e-02 9.331523718223102559e-01 6.973226256444952087e-01 -2.729755402150945698e-01 -9.320875885637688874e-02 7.934261513485099115e-01
-2.409473167311070863e-01 8.842761691142913064e-03 1.629612768748320631e-02 -6.083844890532590366e-01 -4.899068242806341456e-01 -2.671498859625035527e-01 2.814643297852515991e-01 -4.534180506885612805e-01 -3.390104164727532066e-01 1.579889156064449574e-01
5.324147297406340434e-02 -1.022398707067570175e-02 2.356713326989708090e-02 -1.395224779666286163e-02 -4.232256849512018582e-02 3.658891743909353095e-02 -2.183957229879055634e-02 3.373121042778845328e-03 3.830586867508412041e-02 7.129885036436725554e-02
-1.245950696956719950e-01 -6.274196174690529482e-01 3.022694302457313853e-01 3.401655242628465886e-02 4.857212328129162926e-01 -4.606588065962059497e-01 2.294627408295519255e-01 -4.094458945566428199e-01 7.410914854743765323e-01 4.468946135216990689e-01
-5.095840710851378130e-01 6.781772398003699243e-01 -1.055796883060374919e-01 -1.802237616598357517e-01 4.998212876025669993e-01 5.405698360009784098e-01 2.592721469659487465e-01 4.872132844377785044e-01 -4.949272455009466332e-01 -4.166121509996795758e-01
-7.469531107785361279e-02 -5.465386272651315824e-01 7.690481182464012355e-02 -1.064813760422229222e-02 2.122369455224431267e-01 1.945866482772306838e-01 1.869656268655586762e-01 4.977380034926138230e-01 -3.769627848761007982e-01 4.276842155247006505e-01
-7.099292036189139843e-01 4.078257157059340110e-01 4.696638723257604564e-01 7.659508122498309701e-01 1.461250531528424934e-01 6.164280023180052082e-01 -2.010657705694608999e-01 -1.080363033719584781e-01 7.390141168728522336e-01 8.894346957291913991e-02
-1.633352178006039768e-01 6.694379630614725185e-01 -5.997375101495262539e-01 2.103159348334686374e-01 3.196967710448085920e-01 4.215106850510393910e-01 4.278539105987134716e-01 1.265394935187899583e-01 -4.630518412160175568e-02 -1.726815443356056468e-01
3.864037619473790347e-02 -2.152744931886218724e-02 1.046856045604502433e-01 6.794590983318764266e-02 -4.924083306461123077e-02 4.910330527037101017e-02 3.806671903875104290e-02 5.321018579063242077e-02 4.563780795306078553e-02 -9.926136046552824777e-02
-4.985322932161372900e-01 5.965079629139303785e-01 -4.923105632341029936e-01 -3.125035820095525742e-03 5.772054763566872859e-01 -7.564344818864713327e-01 -8.054122794831554133e-01 2.671243652702541271e-01 -3.435086089161875078e-01 -7.106551224400209366e-01
-2.679244950976426010e-01 -2.624161200648847392e-01 9.810969475551625796e-02 1.707700192822336482e-01 2.084895328956130889e-01 -5.204314918518748723e-01 1.415300307239718558e-01 6.900981085563105966e-01 2.803564354573638839e-01 -9.689486849023246084e-02
-5.592134223465228260e-01 2.070910073830110054e-01 -8.353936838424028677e-01 -3.473770229469486104e-01 -6.877880504044390220e-01 7.516392466215973678e-02 -8.507494940518965931e-01 -5.201105510017154376e-01 8.101989490335371746e-01 7.048674778267632890e-01
1.356893480660687767e-01 1.156024503830514055e-01 7.248151793028727308e-02 -3.897185552910132356e-01 7.158759739221021157e-02 -1.790488210677673164e-01 -1.190510530235448228e-01 -1.730519874426032223e-01 2.524791032284787878e-02 -8.457055310648953553e-05
1.072664833180883015e-01 -2.515959089694612683e-01 3.104102407019343479e-01 4.669806383535110572e-01 -5.324627320367417704e-01 2.001005299537775006e-01 2.755533935755981600e-01 3.705156647669924364e-02 -5.516869785997567943e-01 -6.345482975708893747e-01
4.511415333813181827e-01 -2.316171726670167852e-01 3.683942623894662649e-01 -2.958904118633525794e-03 -2.818424765959644529e-01 -4.309331565196281022e-01 2.408951617632476006e-01 -5.577879061137368533e-01 -2.499989258030214656e-01 5.365722841162362533e-01
7.008204021032722331e-01 -4.855118687917918119e-01 4.889677087297535363e-01 8.295905082892015558e-01 6.276919401364945417e-01 -2.836098079712007919e-02 5.321897579671188705e-01 7.005252663340567620e-01 6.029437297287055797e-01 1.048787234850994399e-01
9.208010490800903891e-02 1.299054558758106215e-01 4.654489514360822255e-01 -1.586237641787284769e-01 2.301484615062903416e-01 -2.223417602367087076e-01 1.123742184349277168e-01 2.972477690138244366e-01 -4.213572017867937558e-01 -4.020121258338282821e-01
-3.876779312145905432e-01 1.345576378983301680e-01 4.155010558392454034e-01 -6.150617666939077743e-01 6.084912994211411075e-01 -1.484256294649089480e-01 7.727608175589558703e-01 -5.936017092882664992e-01 8.014437406995197910e-02 -4.532762385186568654e-02
1.792190368998499150e-01 -2.832129857357996716e-01 -5.095746063777599755e-01 1.830879113856117082e-02 3.683249050506376410e-02 -7.258761157542525932e-02 4.768502514000477199e-01 5.173290461672945817e-01 -7.944764140278405551e-02 -7.057070905732972799e-01
3.288721643409142636e-01 -6.541760681727182281e-01 -5.048992149642438365e-01 2.102001432189481642e-02 1.725683768365176840e-01 3.108676072146510094e-01 -2.638905258769238538e-01 2.167919417172855245e-01 -3.133755409614963350e-01 -4.358996415221024212e-01
-6.375858122892218149e-02 4.407667266991938115e-01 3.990089101148236450e-01 2.345863994797177665e-01 -9.580162931437173623e-02 2.528133750084800568e-01 -3.959542352515814101e-01 2.370484256864499317e-01 -1.142607043978331911e-02 -5.438305097548887801e-01
2.749417289757250527e-01 -2.096011078535923999e-01 -1.818180810320862428e-01 4.928313833011588874e-01 4.291805048334580985e-01 4.784246049398307998e-01 7.624026194888272601e-01 -8.892276783025354625e-02 -3.440674625633260986e-01 3.527900922143902829e-01
-5.692555775504170024e-01 -2.714283078577072184e-01 -6.504350367176350844e-02 -6.504538019825005513e-02 2.938426902275619312e-01 -3.285630766961077365e-01 2.356754608357271991e-02 -2.102598815313998781e-01 -3.262688897078342420e-01 2.690847413429679480e-01
-2.456257920052199173e-01 -1.802935591436702623e-01 -4.241648821132544822e-01 5.289347096660405034e-01 2.739422630224386257e-01 4.520350320962556179e-01 -3.408253640590917510e-01 -3.740151985736545059e-02 -7.054899144230532791e-03 4.011899528974809462e-03
2.538912665926048584e-01 2.371260374052206743e-01 2.048031665013890501e-01 -2.567234882318846778e-01 -4.180016364272068352e-01 -2.772756659978008464e-01 2.532743859407186604e-01 -3.794837748552838397e-01 4.138934958721633417e-01 7.031584964519503600e-02
-6.379931420288149045e-03 5.453271133668081694e-01 -4.506550373455243119e-01 4.877895963754179109e-01 6.684721646356548419e-01 1.848506288076156023e-01 3.085665979816977766e-01 2.786887565633439090e-01 -4.811206254098043256e-01 -6.637635125261134306e-01
3.384345227729116945e-01 -4.465777993935534096e-01 -5.191527359356479243e-01 -2.831651687526799965e-01 5.576831959475123668e-01 -8.403425361884836464e-02 1.514691212709087624e-02 6.181082430764140989e-01 3.112756172464722360e-01 -2.947057850391076594e-01
-1.044100728668227590e-01 3.469654315551629065e-01 -3.082177251583082533e-01 2.085796133064494184e-01 -5.674524304442174483e-01 -1.621266031534155383e-01 3.326804015054223296e-01 -2.920117637291461121e-01 7.500087332538684093e-01 5.274050440178450483e-01
-1.323265968508378909e-01 1.366227450728049464e-01 3.716625796554782757e-01 3.029081201564249870e-01 8.467442749473641506e-02 5.576555525719599782e-01 2.334269136206554573e-01 -7.361558803366866077e-02 1.604323895652799148e-01 3.826018477810494978e-01
