6.308045507792514606e-01 -8.025923221950742592e-01 -1.148144517935199560e-01 -6.212254893230144681e-01 3.242914879151066465e-01 -4.555619252959262622e-01 3.502290081266655197e-01 5.935073376782873389e-01 8.031233704658877759e-01 7.098429231525039684e-01
1.500423305435495125e-01 1.208580360410674154e-01 -3.906232346646285603e-01 4.034292302935504893e-01 3.983589884282003335e-01 -1.103496831312789223e-01 -2.517799038258094479e-01 -4.322155720379743382e-01 5.180338295409809835e-01 -2.688445838950889177e-01
2.827709747965697074e-01 4.441325807920728508e-01 -2.098148053942633720e-02 6.603307840113447069e-01 -5.724212082073848462e-01 -2.956868849180978587e-01 5.613914573493279381e-01 2.470887498947251237e-01 6.831983851569239929e-01 -2.663200392209434941e-01
1.515840788663923855e-01 -2.715929034249692231e-01 -8.993337752207304636e-02 -9.211066294602598958e-02 -2.181563524166729995e-01 -2.567348764547326412e-01 3.069163475682427089e-01 -2.697091384605903031e-01 2.168638802295214663e-01 -1.383262910095643117e-01
5.350712039291051839e-03 -4.741839992158992413e-03 4.448116364660398975e-02 -1.472035244963562813e-02 7.138180010260651576e-02 6.949949093932737861e-03 2.389772285666485682e-02 6.160750779942460870e-02 -2.959343025937882180e-03 2.335195426881242833e-02
-4.456330144320582720e-01 -7.478714368392432865e-01 -4.081015551084645615e-02 -7.937496274879362046e-01 7.021788031217836012e-01 -6.937022611585088594e-01 5.533850761787789674e-01 7.114082456678146871e-01 6.749132565810896933e-01 2.298051453701733249e-01
-7.379316377058343229e-03 1.352522398263702741e-01 4.298376325531177988e-02 5.087015969380832836e-03 -1.230563396810310621e-02 1.888607459001694772e-02 5.241946354139544184e-02 -1.890312489863539384e-03 3.994600691783992130e-02 -4.782616845360482087e-03
-5.357988348066217155e-01 6.819286016930568017e-01 7.733133117220197805e-02 6.873752204880145822e-01 2.268685976875604859e-01 -3.249203930144101693e-01 -3.844317324990301765e-01 3.210373521297827937e-01 -6.057341746113079628e-01 5.613763707408695458e-01
-6.866240247946094055e-02 5.916444139908195732e-01 5.525413957213056726e-01 -5.616819489931994536e-01 -2.798911085417170042e-01 3.702047232298056323e-01 -4.242333440076405116e-01 7.190581469494602418e-01 5.178606022564306022e-01 -1.894145113604091268e-01
7.520358578446590531e-03 6.119843167935157778e-04 -2.439993565238620776e-03 2.237623145847717626e-02 4.691034627667133028e-02 2.678209950998133859e-02 4.463075412706878596e-03 3.212867783519190307e-02 2.039621181117927395e-02 2.601858121896448439e-02
-3.924086631066690811e-02 6.779093773473804374e-02 1.101990477723348155e-01 -1.486061137391323506e-01 2.744878475042418775e-01 -1.429742014139245322e-02 -4.084650228693006979e-02 -2.871071595470326560e-02 3.459641881471411939e-02 5.557016715008911145e-02
3.428393695856497003e-01 -3.192946105022687053e-01 5.928838092667105819e-01 1.866959358499580557e-01 -3.494585039586342590e-02 -2.092774551839570452e-01 5.410242369255252592e-01 5.065318329883508053e-01 -4.538744139096695385e-01 4.090580520056527059e-01
-4.296252182573320755e-01 -4.204833364983413813e-02 4.518916641246773502e-01 5.918841837171202602e-01 4.676170057736673824e-01 -4.802058173161105059e-01 2.085473692746684093e-01 -1.357901513665843163e-01 3.202167597984169611e-01 -1.314246110039484772e-01
4.249482278709619254e-01 1.935327273768153167e-01 -4.651892950913990021e-01 6.450610256196391834e-01 1.755833195636722077e-01 5.415345927830573364e-02 7.459458094226097957e-01 -1.669497719666401536e-01 4.131770879360516235e-01 2.847625841048503914e-01
3.121753086734974092e-01 -5.518183156736881090e-01 3.544396629578592250e-01 -2.377755596734811017e-01 2.908555187439873513e-01 -1.830682539481559012e-01 -4.574548248191693811e-01 -1.685035491248767781e-01 -2.002889256704560861e-01 -6.881886983144458458e-01
-7.579990217317432270e-03 3.178505502787525722e-02 4.484342156522427847e-02 2.604360538660534588e-02 1.132691247361857119e-02 3.380392407287770296e-02 5.066527910985367360e-03 -1.207431718537278417e-02 3.733655758922718726e-02 3.329186306141066615e-02
-4.749764217828109092e-01 1.198972943795517387e-01 -6.009592295947642215e-01 -5.207210356189102551e-01 -1.053040580993218171e-02 2.318813412948111108e-01 -3.873009424618963081e-02 4.012925534538302474e-01 1.056368703684481963e-01 2.382060979225963659e-01
8.299076049632841956e-01 -5.337530189639516642e-01 -7.693663687724052735e-01 4.701798075926625353e-01 5.953811471169844216e-01 3.149082604885782288e-01 1.116774821253150862e-01 6.656266635761085571e-01 8.042425808091507866e-01 -4.411164464747380221e-01
2.280883520021769178e-03 4.306989078399587473e-02 -5.954642991737298940e-01 -4.797210562244954568e-01 -5.815712188449241316e-01 2.875483797524472918e-01 -3.661807111268847725e-01 6.663350677715338399e-01 6.798005773976262267e-02 1.300102187405982081e-02
-6.324461830590523415e-02 2.960332619810892019e-01 -1.505373884137704288e-01 5.508304986645519430e-02 1.800145197301574185e-01 -1.045923370378962075e-01 -2.582627285821165741e-01 1.935314334438675010e-01 1.884394759404005859e-01 8.055556121613379264e-03
7.876063426875235668e-03 -5.488507777551548256e-02 -2.639975959102680569e-01 3.901656172171647508e-01 -4.408010030475717489e-01 -2.892060605818979821e-02 2.002309711016505567e-01 1.778800347816912042e-01 -3.276312094274548281e-01 1.931012430132501290e-01
2.934249581617517921e-01 -9.746558959997142502e-02 -2.799832285537728893e-01 4.263304553806491759e-01 2.823495258612722658e-01 1.714404526023580455e-01 2.312963894133355514e-01 -8.782122286460988803e-02 -1.343494481470639546e-01 -2.201062231212862486e-01
6.837363291738492166e-02 4.652883792636363092e-01 -2.539643899905109636e-01 1.940663401888290396e-01 2.869568977045232061e-01 1.496890203275010600e-01 1.127202353163475335e-01 -9.698089624140045217e-02 2.732467009948834624e-01 -7.448975893601497700e-02
5.224330287369680637e-01 1.111337988050302844e-01 8.169045440426507820e-01 -8.844434595208154892e-01 -3.957160166457528438e-01 8.731506480570180861e-02 7.582840589086538019e-01 -7.727509220491538544e-01 -2.097122209664443460e-01 -8.091809545720016761e-01
-6.315883471858365628e-01 1.846477068934793409e-01 1.074567433368153573e-02 -6.623311209889196083e-02 3.383638271792910879e-01 -1.417785285484085001e-01 -6.897607600147169782e-01 4.711100858499285837e-01 -6.568701618867819336e-01 -6.149429060508433409e-01
1.407383112811067157e-02 -7.796369656965572437e-02 -1.781798499171637420e-02 2.657801264909055994e-01 -5.131069084099496580e-01 4.545575191677277971e-01 -2.205648417739990430e-01 -2.606916171338207952e-02 2.346917020470576376e-01 -1.175237028402617290e-01
1.712516526571049025e-01 -6.255786945577445080e-01 -8.112093428570862352e-01 -8.156553195061318207e-02 -3.102255036800868337e-01 -7.991957842023595937e-01 -6.676425353210840852e-01 -7.254459272245689094e-01 8.645350666975276654e-01 -5.170672771498138198e-01
3.739528057893193314e-01 4.801749471619312648e-01 -4.075690599489152632e-02 -2.713748600069039729e-01 4.430561217293415011e-01 -2.947007340390261354e-01 5.217049301607312728e-01 3.576462172804736328e-01 1.578275079201128250e-01 1.406528543248163066e-01
-3.206687941815903331e-01 2.856946343274359146e-01 -3.390796571263408193e-02 3.055699221781845928e-02 -6.942025050155392618e-01 -2.481669475421535986e-01 3.292557044859671378e-01 -6.589159319204960230e-01 3.899367498589451642e-01 1.599373263121993665e-03
-1.755458930339593993e-01 4.825689921870696120e-01 6.178864235203276323e-01 -6.305437463587974800e-02 -2.376112022941729018e-01 -5.465392590805351336e-01 -2.583086873100738923e-01 -4.185908087605518246e-01 5.275280174218929252e-01 3.695555086492733898e-01
-3.792936314699301148e-01 -5.498840929065866856e-01 8.697681415530198468e-01 6.489766214284506951e-01 5.144544685345652235e-01 -1.404036028479427878e-01 -6.802702379573952740e-01 -8.200251782417122826e-02 -5.836665602281296827e-01 -6.622676043991582162e-01
-6.664551760818589188e-02 -1.098651782472725436e-01 -6.951709287640356338e-01 3.356818957853579533e-01 -3.827346335557526569e-01 -5.923451570811608669e-01 8.038387220531426625e-01 -1.498005779530292014e-01 -1.331024163626161883e-01 3.503018394877656649e-01
-1.483403657904795725e-01 6.110231170072192297e-01 -4.920122080772587614e-01 -6.711286448366314827e-01 2.504992934013614558e-01 1.304754031505687140e-01 -4.054235686001812083e-02 2.471429793264814656e-01 3.154437526231395061e-01 2.559564911502804629e-01
3.139872675761247733e-01 6.438068930644567089e-01 -2.225086241622506178e-01 3.602354535335859920e-01 -6.365965950210318303e-01 -5.892523126732950312e-01 1.073393055543479246e-01 1.988124866998980389e-01 -1.136017191282571864e-01 -4.463715616489841165e-01
-3.285861612870143167e-02 3.134556294988002367e-01 3.541789826162459187e-01 3.146479316312502106e-01 5.192732110115650945e-01 -2.848596539387933668e-01 -3.726785433107067114e-01 -5.617608645707906911e-02 -5.663598072587521237e-01 -6.130838242365756197e-02
-3.542158465151777347e-01 5.956654927403217670e-01 2.706856060151093812e-01 4.350138223336799115e-01 4.122485760025176305e-01 -4.499475785727560795e-01 3.618473770974405257e-01 -2.721862775984648652e-01 7.221919524667740342e-01 -4.256337501105812438e-01
6.547107661195920858e-02 1.670765853140837934e-02 2.197604870678689093e-02 4.191141759400550588e-04 -2.213056289877770796e-03 -6.691305193611400172e-03 9.212601915283759324e-03 9.490407544182744015e-02 -1.997086395998042430e-03 4.408832464184029437e-03
2.248365774944258433e-01 -2.162984126797199563e-02 3.088672985859234471e-02 -2.695532447641306728e-01 -4.014386062579998193e-01 -5.521845070316134911e-03 -9.460425004858181997e-02 1.829230191616185719e-01 -1.342197100969571288e-01 -4.075588129433901918e-01
3.851659957742074591e-01 -5.521197061884707269e-01 -2.882262474107513128e-01 -7.073117909393911162e-01 -6.908629106036318079e-02 -7.035733013624484444e-01 -2.025719274893055255e-01 -6.355786701705448127e-01 -2.210154167926547258e-02 2.990617136798950360e-01
1.662036776264895835e-02 -1.435119838023591887e-01 1.245521127215581947e-02 -4.339008236914609212e-02 1.541694886179292567e-01 4.859066036264456101e-02 8.306231997210634932e-02 1.313073700821981715e-01 -4.976921553988884056e-02 1.063025503767418833e-01
1.246038240768656824e-01 2.577563231355241014e-01 -4.930418090810230469e-02 8.383566759133354029e-02 -5.942522736153085794e-02 2.201217066473059314e-01 -3.521008595201023939e-01 2.114270726510520115e-01 6.712700073920476775e-03 7.576072557847510214e-02
-3.964293493326615514e-01 -4.432507819350885170e-02 5.846232884875353086e-01 -5.133110970294733899e-02 -2.564346456813234032e-01 7.205575700967862263e-01 -3.203632091760302836e-01 -5.310373890635444738e-01 -4.095741618371307458e-01 5.382108907498712735e-01
5.811612569593526123e-01 -7.809982931854723975e-02 -2.599011201898935308e-01 6.628980775103573420e-01 -2.621808469465909952e-01 2.549030145406405018e-02 -7.763637531685788629e-01 1.496342489691208089e-01 -5.357845577227927647e-01 7.426239667401836053e-01
2.690522114575181201e-01 1.927683509775472981e-01 3.641162322930071877e-03 1.289172651761966437e-01 -8.618292772751316722e-02 1.384235247751843326e-02 4.349995203794825016e-02 6.792747333693499590e-02 1.310294442966803141e-01 1.621458869887777432e-01
-5.193760071584523352e-01 -8.484883417770624492e-01 1.528171405724043919e-01 6.031170630556632606e-01 -2.740009551259360854e-01 5.905300906928888649e-01 -8.412665674857363607e-01 -6.938662866528286233e-02 -6.885732307281789977e-01 6.389890379827751765e-01
-1.936520499428237563e-02 3.749412146554626651e-02 1.172118488551011778e-01 -6.827883156018938089e-03 -1.250350477544435179e-01 -1.086377482092296676e-01 -1.587240702794083247e-01 4.125064438159385671e-02 -1.290258091355936942e-01 -9.130568628561992750e-02
2.043550558532611916e-01 -2.400568270247764868e-01 -4.425736077947236002e-01 -2.976260776900427341e-01 4.302626248564916378e-01 3.699299471815666873e-01 -2.047675703107134926e-01 -5.506756931193025340e-01 -5.239781208019772540e-01 5.027613795377900985e-01
2.933804971605629142e-01 -5.342428596214771064e-01 -2.528902573335961926e-02 -3.566987841226189060e-01 9.743146657066797944e-02 -3.086220988143787980e-01 -4.411340448974121475e-01 -6.898966817497073634e-02 1.027056078493560239e-02 1.878307669269750901e-01
-1.314763797137619983e-01 -3.254840787310622208e-01 -8.795087714045712879e-02 9.485649567790276071e-02 1.453462036534335922e-01 2.469802753993969868e-01 2.765143469952334176e-01 2.377690602571309320e-01 1.545949916446692773e-01 3.629159033958611474e-02
-8.592318034196528842e-01 4.478667634525943519e-01 8.935649878242048205e-02 7.372713535908681504e-01 -2.697696909414799560e-01 -3.186399274319006159e-01 -1.520078454396429357e-01 7.649371035770861083e-01 -5.115611466892913684e-02 1.411172567710625159e-01
-2.542934300455294561e-01 8.502204788123683687e-02 5.708949550695447961e-01 -4.069364647020661252e-01 2.017909245576014476e-01 8.139723919119328244e-01 1.967643861589974397e-01 -7.955379259691326005e-03 3.399432361652179879e-01 -4.181487153591998962e-01
1.314208079326006917e-02 1.672488016928722898e-01 -8.477746928362325796e-02 -2.024453714817490979e-01 2.328826567100003297e-01 -2.762375483581959168e-01 -5.928584378735142491e-02 1.801793515373136326e-02 -2.503816753156980213e-02 -1.783008942656597318e-01
6.775598303893039243e-02 -6.450262405261464327e-02 1.496622579237160133e-01 -9.309266117854386041e-03 -4.607031657404355579e-02 -6.584427069200340932e-02 -4.280038809697536001e-02 3.429177811041334012e-02 -1.848870988769357737e-01 7.099055874049164938e-02
-2.879072731407856800e-01 7.726129176777645213e-01 9.205898477715770412e-01 -6.242088197183809362e-01 -1.047337271455125313e-01 -2.722908813577884501e-01 -3.113254858701300365e-01 -2.180912539912978620e-01 6.842652541314271364e-01 -4.211842170163298538e-01
-3.428751942570186229e-01 -4.377330681707620186e-01 -4.470177559900366249e-01 2.767899769314787761e-01 -2.326033277162642687e-01 7.241386985418010180e-01 -2.134825265801363336e-01 -5.166100846755663500e-01 7.619352858323927280e-02 4.449367975175589351e-01
-5.078947908294714209e-01 4.422533608677721717e-01 5.398178015898860149e-01 -3.209271070462609288e-01 -1.573989365214359393e-01 3.167994533911798749e-01 -3.199580401709808952e-01 2.317714799053073593e-01 -5.811594144973573073e-01 -7.134363236098670846e-01
-2.414217171286988650e-01 -4.603022655952255793e-01 -6.373977456583833634e-01 -4.110375477988608139e-01 3.871833910176664117e-01 -5.467795566642386085e-01 5.038358044713227984e-02 -3.235012679989744955e-01 -3.728654673239526485e-01 1.547816284475574955e-01
1.977712498743658398e-02 -5.394981574416304188e-02 -2.645629357388550318e-01 1.920949309071713074e-01 2.311190582428709894e-02 -9.754109990660511653e-02 7.041827038943666850e-02 -3.244251908972003995e-02 1.164353774990944529e-01 -2.587753298013589220e-01
-2.705069426266787924e-01 1.653780871990913615e-01 2.005237507119831120e-01 -1.577568444711848761e-01 -5.926356194104266395e-01 5.670612738808360476e-01 -1.321370804013469180e-01 4.480468802955164254e-01 -1.814937493139839597e-01 -5.564158521246508338e-01
9.624440021329679074e-02 6.602313999775050180e-02 -7.898141318880731732e-03 1.456916494743256130e-01 1.388662899507729087e-01 7.702547014475223663e-02 5.870258551226326116e-02 -2.242870271209133903e-02 -4.774355717888066619e-02 1.709895341961918669e-02
-5.668374942244179815e-01 -2.828429821893576612e-01 -4.578924400092256319e-01 6.340470871448650181e-01 -4.810773679812229142e-01 7.001304114680910740e-01 -3.447425984591944714e-01 -4.663783585689870170e-01 4.831658601446859325e-01 5.614472411638772309e-01
-5.395914427176869976e-01 -7.966857046178579815e-02 3.623585545876316094e-01 -3.706101331665644441e-03 8.203398718004227819e-01 -2.674421038084928703e-01 -2.282255162298736373e-01 5.786110427009520940e-01 -2.558070834927264614e-01 4.235236505826556752e-01
-1.555261230485982527e-01 -7.815992603639274061e-02 8.320566046839460161e-02 2.678761211245202223e-02 -6.055599852004277250e-02 -3.986217653181550052e-02 8.543789822319727834e-02 3.276179878594897080e-03 2.637753004892400346e-02 6.165789504285866529e-02
-1.257275520274882263e-01 2.509446095765331397e-01 -9.466776153187007881e-03 1.088708756786523485e-01 2.230603855256482193e-01 4.656467336028198567e-02 -2.186776808461925736e-01 -1.607532494715694094e-01 -6.677200214931650057e-02 -1.243021529835386663e-01
9.950028401309270187e-03 -8.644998193757592875e-02 1.065308305159027441e-02 -1.932851812216104248e-01 1.256278269807199754e-01 1.110962009912388193e-01 -9.170074892970660196e-02 -3.152438887422599478e-01 -3.014595920046747035e-01 -6.079227553616786128e-01
5.297803667535470051e-01 -1.346584738538847692e-01 -5.355360445756368604e-01 -5.736406628847493527e-01 1.328910605995288763e-01 8.827074737129109172e-02 -5.321133768420577281e-01 -6.626183525695740484e-02 -6.388781445528559644e-01 5.219439384797508463e-01
4.645321080844178052e-01 -6.387690671278677401e-01 3.801499726733345019e-01 5.768876120429983212e-01 6.332735451585211894e-01 -3.033644790024318527e-01 4.034588606899018881e-01 1.671662509454514278e-01 -1.198566845089286785e-02 4.833221542736543253e-01
4.325961829750616938e-01 -4.542406967471336321e-01 -4.089707488702372107e-01 1.750570412591152536e-01 -1.409478524525354659e-01 -4.205601310715126329e-01 5.184788753181751586e-01 4.333289717720559819e-01 -1.299979180027171222e-01 1.151159623217787031e-01
2.059880117415356093e-01 7.933838695638825156e-01 5.071089456836962439e-01 5.997058606506678879e-01 7.216584789198629002e-01 -8.025938933139091791e-01 1.667482441583826303e-01 7.989313169555506411e-01 3.090981572324836280e-01 -8.716820354320876651e-01
3.150080288848947641e-01 -1.301997538747456384e-01 5.811858086601779522e-02 1.446660624211935087e-01 -2.111646018374869760e-01 4.275698443931543746e-01 -5.013243146039879361e-02 2.314532721044841590e-01 1.530645744166171385e-01 3.376454931288448980e-01
4.439623914824296080e-01 -5.609046803636945633e-01 5.677830842762104924e-01 -3.553933829022156154e-01 -1.854183970361928946e-01 -1.588341715916098684e-01 5.512043414331329050e-01 -4.561622065127773351e-01 3.292077716755205663e-01 -2.402158212892882283e-01
6.766766164234556680e-01 -2.550152155956467159e-01 -7.074105448398733120e-01 8.933078189220750032e-01 8.629008877933523614e-02 9.338787883863093331e-01 6.929588239325589205e-01 -2.708581026919568147e-01 -9.291736872129710556e-02 7.890329113001879335e-01
-2.189494852561270355e-01 4.837022573259118843e-03 4.972647915850349210e-02 -5.374850316808432726e-01 -4.385442981618611347e-01 -2.345439344385482350e-01 2.312912018694005811e-01 -4.142811609332459066e-01 -3.047946557912467047e-01 1.485896691351806242e-01
5.491274679731802076e-03 3.975274497716548006e-02 6.308495626677437275e-03 5.698096190333674926e-02 -2.825604985670737961e-03 5.447108409681594710e-02 -1.849647208979733311e-03 2.168134191486706039e-02 9.755548119505604368e-03 1.590671035539026335e-02
-1.217075470993585345e-01 -6.064471463899061554e-01 2.838618729557338405e-01 3.122577378331095610e-02 4.835603150707599718e-01 -4.569621766120575690e-01 2.405949123882154539e-01 -3.986532579740006965e-01 7.171337074339930728e-01 4.423173237029117688e-01
-4.837976145442964282e-01 6.646739434235253707e-01 -1.044982307845847835e-01 -1.661319280860454328e-01 4.630257474898484271e-01 5.161699429803715544e-01 2.632531654972330992e-01 4.637927863603243384e-01 -4.689863078422338294e-01 -3.982909314335236761e-01
-6.917683829311259414e-02 -4.477380102911957538e-01 6.443842407818829721e-02 -4.900145123538636460e-02 1.784726910869974814e-01 1.723004572234506648e-01 1.284609275942523443e-01 4.312272566633915116e-01 -3.028773685144934835e-01 3.512428404936128179e-01
-6.788230257525809108e-01 3.941335395814889453e-01 4.493838692620084063e-01 7.223085357838991971e-01 1.315038858067670846e-01 5.907415983408619287e-01 -1.917670826343594592e-01 -8.917190407274394603e-02 7.067077556384920856e-01 9.217796213732852573e-02
-1.496090840851525827e-01 6.264268160371476712e-01 -5.632495847876413109e-01 1.925061895982273508e-01 3.077834717954023858e-01 4.178164375800998975e-01 4.015611219666042619e-01 1.162369003211331797e-01 -4.278255904266006771e-02 -1.583453850765883797e-01
2.138312348945744720e-02 -1.249189041016491621e-02 1.771299413498772513e-02 4.151308586079790336e-02 6.169807655499450622e-02 4.189330336871410071e-02 3.979358838923519742e-03 4.025432599377980897e-02 8.004710973582636335e-03 3.249395743821940213e-02
-4.910154951358319253e-01 5.961685085923790206e-01 -4.898735716103099769e-01 -5.136956032294323279e-03 5.717159663142494797e-01 -7.483529331415771368e-01 -7.998894341940839814e-01 2.631184873728076856e-01 -3.391356307814287763e-01 -7.034944374579463755e-01
-2.261927538186023212e-01 -1.969587611241687408e-01 8.839179612457163937e-02 1.425949977584957118e-01 1.559604535091681787e-01 -4.401293652149594893e-01 1.180655611143754669e-01 5.910094415046427407e-01 2.228636395136709969e-01 -8.591187540686119617e-02
-5.444362895495713506e-01 1.980498749135278236e-01 -8.125135767292965827e-01 -3.338898784049775803e-01 -6.751577037212387333e-01 7.814855483365168443e-02 -8.328580771956621831e-01 -5.076647181115820917e-01 7.984366396853352921e-01 6.887521898006674359e-01
5.227766468252789678e-02 6.152990511558748682e-02 8.970602771899019445e-02 -1.365712685596623954e-01 3.687859911645855610e-02 -5.776839373964044039e-02 -3.095055656500413782e-02 -3.540286804869223480e-02 1.174863125230374457e-02 -4.077265052398532617e-03
7.817421629803061878e-02 -2.104704953422389113e-01 2.953337945849635604e-01 4.351847647086830029e-01 -4.878169369932096600e-01 1.777536277932848796e-01 2.357168905439822326e-01 3.859623019807834066e-02 -5.025877835864648313e-01 -5.687784359532975786e-01
3.153096182920780421e-01 -1.686335594570733676e-01 3.108867171143999686e-01 -3.326673307764773518e-02 -2.549712971560717523e-01 -3.052286073526380150e-01 2.251576297103645430e-01 -3.668262654950509849e-01 -1.760548145921153051e-01 3.900318369056616219e-01
6.965543548007463448e-01 -4.810173565163247678e-01 4.773119330017996931e-01 8.240235673292640728e-01 6.139155559022330122e-01 -3.264471780304338544e-02 5.268769253221302629e-01 6.938600653461263201e-01 5.927359583241322838e-01 1.056037547592659220e-01
9.164786738231744945e-02 1.172550351442354921e-01 4.613310090244863160e-01 -1.461828346980374727e-01 1.909155530542178403e-01 -1.993990700877648070e-01 8.933389323005491711e-02 2.693256333202089237e-01 -3.759568858224253685e-01 -3.600931388019306678e-01
-3.611771442910398644e-01 1.336459183579903065e-01 3.871388443433934623e-01 -5.840634629018187640e-01 5.732677933577879914e-01 -1.276159405117991419e-01 7.245130495474111365e-01 -5.632275129712288608e-01 7.528213875332206984e-02 -4.114056673853161428e-02
1.631034680657184044e-01 -2.332122741793838661e-01 -4.398742588494445882e-01 1.590990514997571090e-02 4.938976231111655985e-02 -1.679034253523432885e-02 4.007691029977755170e-01 4.270631871879921881e-01 -3.488256295172548205e-02 -5.571275713789777262e-01
3.086340911910641083e-01 -6.212065903870318540e-01 -4.823810238560830577e-01 2.954743438174482761e-02 1.585349119684730246e-01 2.954676587952666522e-01 -2.650712834693020326e-01 2.039384956563065898e-01 -2.770792649037937538e-01 -4.065606837648864103e-01
-3.899673652973568300e-02 3.747448769053612905e-01 3.277714720165159634e-01 1.905866011981795782e-01 -6.578975467571086810e-02 2.240174542901474941e-01 -3.320900797617756806e-01 1.889880520902783856e-01 -1.691325021170382538e-03 -4.348145754057246015e-01
2.523370521198970429e-01 -1.875970859266762047e-01 -1.594073100714834823e-01 4.546976927922680156e-01 3.901392946783822091e-01 4.628845959228246043e-01 6.991137090330350468e-01 -9.173043867519428685e-02 -2.992131466023681963e-01 3.378671095893781562e-01
-5.187508664319236962e-01 -2.272860195032625208e-01 -5.242161966545414581e-02 -2.022428548851351593e-02 2.663112295090760417e-01 -2.679329632860284471e-01 9.420770419771844206e-03 -1.877520182746018063e-01 -2.891866367625236522e-01 2.444257702079639383e-01
-1.985840193689661359e-01 -1.175287151454480206e-01 -3.111114181936365797e-01 3.600829228425468931e-01 2.004030108241897645e-01 3.871027129039935066e-01 -1.920154134098346344e-01 2.798260808401620281e-02 -1.673879585469995393e-02 -2.848178414851338866e-02
2.246321848841215385e-01 2.398852667907468705e-01 1.807680972948708664e-01 -2.208526137130525369e-01 -3.736709068372217057e-01 -2.475642460644551512e-01 2.232415385181385492e-01 -3.309126777236627293e-01 3.649026164729285426e-01 6.797596640462623407e-02
-3.836654185143341844e-04 5.335887800906389256e-01 -4.416635818095258625e-01 4.760615969598485098e-01 6.482006623109393129e-01 1.774955191172475077e-01 3.209218414451406320e-01 2.758642433699140528e-01 -4.696614968497090925e-01 -6.472710219642792140e-01
2.955561113419702401e-01 -3.883390973555571057e-01 -4.266513176492058301e-01 -2.426065579549493700e-01 4.936050388271903122e-01 -6.552050340325307753e-02 2.235079685333667132e-02 5.408309071569306070e-01 2.737667975676760790e-01 -2.594750705538542701e-01
-7.515141797436877824e-02 3.024535648775794616e-01 -2.551704040646667893e-01 1.808346851037964387e-01 -5.165797225008477156e-01 -1.673971818881428986e-01 3.091837525422209132e-01 -2.758948955776436840e-01 6.749395650673634117e-01 4.576058482960378981e-01
-5.035807327866616973e-02 1.066674602152437035e-01 2.594804026790474283e-01 2.276454194646894968e-01 7.632879965873787254e-02 4.097979721976593437e-01 1.848421329748066166e-01 -9.684317512663589977e-02 1.016648472976492273e-01 2.919925652058958376e-01
