6.323979933349885840e-01 -8.077883612132109592e-01 -1.146302266727344393e-01 -6.225133386101899813e-01 3.262812483988745127e-01 -4.564109066435532713e-01 3.486783419652451088e-01 5.946235159523828306e-01 8.034095152644719073e-01 7.114276561334820226e-01
1.495397775879699909e-01 1.212501453735920359e-01 -3.961771130406153141e-01 4.058924781035407880e-01 4.010690625966784051e-01 -1.121105091891760469e-01 -2.516035853156201596e-01 -4.344154343554260111e-01 5.204270793655971783e-01 -2.707031407052870597e-01
2.859350109466117784e-01 4.477040932080051383e-01 -2.016740408267703871e-02 6.664643183035815488e-01 -5.799835384756641954e-01 -2.980207922096648199e-01 5.668532874201877014e-01 2.470023394546183304e-01 6.885075794072649247e-01 -2.687583515303052506e-01
1.513097458757974301e-01 -3.022733536925890641e-01 -1.074322439601241991e-01 -1.136875980069318448e-01 -2.438361598353459281e-01 -2.977433898228618037e-01 3.461728954094317467e-01 -3.077316861330654518e-01 2.364600008734421277e-01 -1.539852729835861356e-01
5.106462909003131427e-03 -1.076530660982679202e-02 3.861271418381446996e-02 -2.633861340084084346e-02 6.371845154232448627e-02 1.441732807507054882e-02 1.811629392044224879e-02 4.633490351477709962e-02 -1.352285040401514718e-02 2.706263235097604997e-02
-4.458843812880685098e-01 -7.487622507268947292e-01 -4.089940559578942453e-02 -7.939337516779177983e-01 7.029905180281692534e-01 -6.937962639605712578e-01 5.538767967420823446e-01 7.111508169854295902e-01 6.756890103529896718e-01 2.295933210597316532e-01
-6.394285711523732714e-03 1.133497432205460842e-01 4.207374218722721021e-02 7.147997967658388865e-03 -8.420972286082859318e-03 2.766757098307277493e-02 5.925490298990682830e-02 8.915611278340903429e-04 3.436485382485027218e-02 -7.309328057392729810e-03
-5.385242337757747411e-01 6.861374325375448890e-01 7.274148892206795669e-02 6.914176899581568891e-01 2.280829580791892131e-01 -3.262646772516639149e-01 -3.860153648061862564e-01 3.225905856753866208e-01 -6.081125231986657109e-01 5.653037385098473866e-01
-6.891087376510562912e-02 5.934669419761647857e-01 5.539183495127371071e-01 -5.629787385550935053e-01 -2.801649518111665738e-01 3.710903942579432124e-01 -4.278462261950024548e-01 7.199733948097603031e-01 5.193764893181344044e-01 -1.898096306153709001e-01
5.060995004685230926e-03 -7.865498794292720419e-03 -3.162237814446128628e-03 1.743206368645095622e-02 3.605297679926525167e-02 1.367275002321629608e-02 4.557916083193931309e-03 2.857775887575213919e-02 2.445996050769042723e-02 1.718720299268422513e-02
-4.450965670355652021e-02 5.746701739947851495e-02 1.266829299066973558e-01 -1.747118924432111142e-01 2.882331370112942159e-01 -2.344320703115444771e-02 -4.483589629699621937e-02 -3.914608593752766375e-02 3.466186211123394034e-02 6.057064147322144265e-02
3.439586100686316539e-01 -3.203146982173388779e-01 5.920245958183588675e-01 1.873352672080148829e-01 -3.499980408648906138e-02 -2.098638956075864759e-01 5.427582789003011499e-01 5.074927436853443607e-01 -4.552985448535967761e-01 4.094493264189422721e-01
-4.366452111199713437e-01 -4.125527611666986172e-02 4.605253873548934562e-01 6.030272360686993460e-01 4.733395983562732612e-01 -4.963884025341390172e-01 2.111061920692313965e-01 -1.372501598724742700e-01 3.252224264502903139e-01 -1.334327681341400396e-01
4.306662790060875046e-01 1.909957192041495944e-01 -4.658042617969007093e-01 6.492294599037365943e-01 1.771401415642525901e-01 5.157231740468897624e-02 7.490608759174297582e-01 -1.691197745719369983e-01 4.152961171013181962e-01 2.838687785540490172e-01
3.143761602161800894e-01 -5.547224022257507547e-01 3.520295356243287599e-01 -2.393756411167910492e-01 2.933950606834530572e-01 -1.843214062901197825e-01 -4.601311657231477170e-01 -1.692584685087009100e-01 -2.010279069008848729e-01 -6.924916244895352735e-01
1.957913986726937065e-03 1.740254054846370607e-02 3.905943095584699792e-02 1.348646796303294790e-03 -1.351589134529487639e-03 3.661740555117270340e-02 -9.123298470345509240e-04 -7.191481453050512472e-03 1.762314313953109238e-02 3.638536849132727180e-02
-5.060367371980978302e-01 1.303646903428407611e-01 -6.336157841247426203e-01 -5.516635556729386769e-01 -1.505823535663690545e-02 2.513640269188451848e-01 -4.117597807899880252e-02 4.267835449938325310e-01 1.072790184840654165e-01 2.327665377754533083e-01
8.303318891569553273e-01 -5.338357575950737344e-01 -7.694154757500398789e-01 4.704361460796167016e-01 5.948262838042029932e-01 3.148151687482719785e-01 1.118439528833538171e-01 6.653401421769444823e-01 8.043605524498055326e-01 -4.410270045477014400e-01
2.934600962873220274e-03 4.362070537905019668e-02 -6.012442805978881477e-01 -4.820594372247185566e-01 -5.849335052626892795e-01 2.894173633239706667e-01 -3.679779507001597616e-01 6.669924802378011108e-01 6.881609609176841946e-02 1.305998478812877943e-02
-5.848858483808881681e-02 3.237681656230761984e-01 -1.556253851830666224e-01 3.689970174781561502e-02 1.614442801481540957e-01 -1.116861936656987631e-01 -2.910445347764006874e-01 2.348792213257539507e-01 2.023498742109582915e-01 -2.104661376159903605e-02
1.260701602961583449e-02 -5.866119081843878397e-02 -2.782439868713952325e-01 4.015729832722837456e-01 -4.580450360095087436e-01 -2.790862228635113129e-02 2.111027896679085747e-01 1.758665642411972874e-01 -3.427523359774528600e-01 1.987458521762519581e-01
3.035277700697631142e-01 -1.008549513918002433e-01 -3.048770302968498713e-01 4.422129504766824093e-01 2.922586638050087560e-01 1.757852241230508095e-01 2.450640267201450451e-01 -9.022939527233997392e-02 -1.398908047464010318e-01 -2.264513671989820953e-01
7.300417824419672130e-02 4.887414454092939287e-01 -2.738626118458967196e-01 2.040133764181950304e-01 3.025770635966298361e-01 1.569978919182948296e-01 1.177077008142267678e-01 -1.150661601755149921e-01 2.870400376928564645e-01 -7.812080402467615203e-02
5.226375008990284954e-01 1.105516575646909305e-01 8.173220665889665559e-01 -8.848132259127895471e-01 -3.961742191521713807e-01 8.736920024192340595e-02 7.587975881187531968e-01 -7.735128097922940871e-01 -2.098158374342034282e-01 -8.101927745400627767e-01
-6.362491325124473018e-01 1.854520585063179627e-01 8.673301574675142123e-03 -6.766789083277899297e-02 3.411583874856671805e-01 -1.424601299166693702e-01 -6.965210036892637291e-01 4.780036750390613820e-01 -6.628103345742971664e-01 -6.253265378866805779e-01
1.621445482996393753e-02 -9.951190404294385505e-02 -1.991267967035962455e-02 2.815295344331321115e-01 -5.355063741452925630e-01 4.773274904526439433e-01 -2.303776742545042000e-01 -2.647562173661353185e-02 2.467101817515149342e-01 -1.181473775268911675e-01
1.715820161691343215e-01 -6.260940839198980701e-01 -8.135979916227980002e-01 -8.153585666819236633e-02 -3.105140568883262842e-01 -7.999108220846652406e-01 -6.683290064801481467e-01 -7.259039618474087963e-01 8.653651608095792591e-01 -5.173324841011354147e-01
3.796366439216387056e-01 4.867317250571673859e-01 -4.170557846031101162e-02 -2.742999663523121856e-01 4.485485670295686345e-01 -3.060221936365600248e-01 5.295824513523259558e-01 3.628225318924237497e-01 1.603737115077547570e-01 1.435584755813712754e-01
-3.231024824293216580e-01 2.853975349734031441e-01 -3.292066298266515395e-02 2.950186812003412207e-02 -6.986267147897263774e-01 -2.542292114920952639e-01 3.318276791914261392e-01 -6.648615787774732055e-01 3.925056802539377276e-01 1.263016185294014342e-03
-1.804603345248131097e-01 4.857264721751880510e-01 6.180454490313952443e-01 -5.952344412768344889e-02 -2.435739117306282564e-01 -5.492836624743672180e-01 -2.609713440827081676e-01 -4.236868039117467344e-01 5.345024343585056403e-01 3.760570398235190126e-01
-3.795009872158035535e-01 -5.536515642063476461e-01 8.711424539282159873e-01 6.496872641114963542e-01 5.166459121528139686e-01 -1.411878533551743919e-01 -6.815023535021039747e-01 -8.141877669200954515e-02 -5.847943920189559996e-01 -6.624487167070568505e-01
-6.703225503227622228e-02 -1.100696855898003340e-01 -6.996528668930273032e-01 3.381398524385231807e-01 -3.858009113272373170e-01 -6.022256251582324138e-01 8.102339353938603494e-01 -1.498984601270843264e-01 -1.341600158012823119e-01 3.504190810106346254e-01
-1.515100690034424935e-01 6.176673519456036265e-01 -4.997787696516328704e-01 -6.770263470805197858e-01 2.479807219276832508e-01 1.309110499856978027e-01 -4.204229003690418409e-02 2.455896740719585580e-01 3.194413819938454191e-01 2.626048020595556087e-01
3.173603169126636980e-01 6.494819642116363978e-01 -2.244826886934554178e-01 3.654321739960268989e-01 -6.466602417281032134e-01 -5.951881144953908853e-01 1.078838380104613498e-01 2.033293826026237316e-01 -1.130064077371329828e-01 -4.504470473761224003e-01
-3.140564475643480707e-02 3.130477367740094885e-01 3.564013498220972020e-01 3.161940884574679367e-01 5.215387277587568704e-01 -2.891763095979452136e-01 -3.762456340144056943e-01 -5.880217857101881218e-02 -5.686410984918677247e-01 -6.058441955594521394e-02
-3.569009229551934892e-01 5.994251581371263793e-01 2.668288115517786219e-01 4.403662927751869072e-01 4.179071621409992665e-01 -4.487520434997627761e-01 3.681695640636549749e-01 -2.765536676272938865e-01 7.275431400389501535e-01 -4.268140536167081556e-01
5.526273566902117212e-02 7.149640348227653819e-03 2.235333109016884867e-02 -7.321958882032470438e-03 5.530066722862913772e-03 -2.136932648953837957e-03 1.114284044376431457e-02 9.958889112361707374e-02 -1.887857173323158073e-03 6.700863807550687390e-03
2.753550354029015712e-01 -1.610429803879900174e-02 4.375563362143287949e-02 -3.376316454564930458e-01 -5.086468608639987954e-01 -7.787735492124327891e-03 -1.261279698687515216e-01 2.468207945459988673e-01 -1.502945073307607460e-01 -4.953999007091794415e-01
3.873719834343357649e-01 -5.550761440897828969e-01 -2.902423483994150399e-01 -7.098004475732234697e-01 -6.952072169235611054e-02 -7.074677320668788516e-01 -2.020516901926245334e-01 -6.380309143922997528e-01 -2.314641266575466830e-02 2.950207128447982496e-01
8.613045396135856485e-03 -1.647336136267051332e-01 8.542493698023507012e-03 -7.513809160386465680e-02 1.425498232081542083e-01 7.055289504464680450e-02 8.704013253142429962e-02 1.868130067049544318e-01 -5.932452757596848314e-02 1.156536704170077479e-01
1.297866611990301788e-01 2.627011826546685191e-01 -5.324556724822908371e-02 8.250079206049394653e-02 -6.761824338030807124e-02 2.474372838863337920e-01 -3.820552548794732273e-01 2.184546318889712679e-01 8.270204149803535645e-03 7.963965853651211457e-02
-4.041455146078667959e-01 -4.530270326356684168e-02 5.889250443118108080e-01 -5.199673983851272469e-02 -2.582663867273733427e-01 7.297751457472434478e-01 -3.243983121451267104e-01 -5.386656884676120916e-01 -4.130695706927568489e-01 5.377288706399624418e-01
5.821122798601331416e-01 -7.906275061508236113e-02 -2.602070701486293713e-01 6.642933606921023193e-01 -2.624675303110685087e-01 2.471795162984644079e-02 -7.773819174602618620e-01 1.494623726336971881e-01 -5.361571021393345404e-01 7.437562460234345973e-01
2.677802232473526223e-01 1.989555624423052227e-01 -6.971084843631190518e-04 1.333276671905048172e-01 -9.541870152662733362e-02 -2.083545099593808042e-03 4.968196993117038329e-02 7.110886151972098390e-02 1.331313146710054462e-01 1.683091728154852140e-01
-5.187638950843346253e-01 -8.501173871981971830e-01 1.521276756862328383e-01 6.037879274851998268e-01 -2.734596113332226075e-01 5.921200857705857246e-01 -8.417556821361975583e-01 -6.909318572508435508e-02 -6.887014063086357440e-01 6.400097637365143033e-01
-3.207578895658821233e-02 5.393327050520112242e-02 1.300095871327116293e-01 -4.097759570258279263e-03 -1.590296766281235064e-01 -1.487873439599106118e-01 -2.078349014137150508e-01 5.306950063338923551e-02 -1.486758781127492102e-01 -1.159083499396371814e-01
2.079648622486092724e-01 -2.430803520893499436e-01 -4.456092403692696324e-01 -2.999597552893039643e-01 4.292317272503184955e-01 3.705269545937467379e-01 -2.029961418391697525e-01 -5.591982002029298737e-01 -5.283168973988716655e-01 5.080891460140571914e-01
2.995784326816663956e-01 -5.430522940312040303e-01 -2.762988043973366864e-02 -3.623004718141190628e-01 9.887022565626170378e-02 -3.146910386935325987e-01 -4.546983829841593772e-01 -6.994702541224379067e-02 8.635346284171121004e-03 1.920869149531372888e-01
-1.425393363849402073e-01 -3.464317478004352302e-01 -9.466021203224420089e-02 1.094125952035833044e-01 1.438855344337550690e-01 2.639476295618976565e-01 2.964887572289942597e-01 2.601912431850610385e-01 1.720251222875034680e-01 2.200907336920654433e-02
-8.634236247839012224e-01 4.474844961311727487e-01 9.032761935792424368e-02 7.382471500545637610e-01 -2.711093586678748335e-01 -3.198792550919644651e-01 -1.526033127346928531e-01 7.688061663506504662e-01 -5.105484368068818890e-02 1.421402649788467698e-01
-2.597105425729188677e-01 8.574434909084281686e-02 5.747328032505125694e-01 -4.090165820362856031e-01 2.030786702633490814e-01 8.196576890261187964e-01 1.980308992633612042e-01 -8.380763596118126491e-03 3.422943831094589773e-01 -4.197980686640637726e-01
1.407233245285668954e-02 1.843820138408784060e-01 -1.025494602224299029e-01 -2.405359980129827824e-01 2.633893519821168261e-01 -3.181529941173708020e-01 -1.006616550435005114e-01 2.463600341424190474e-02 -3.262759276078230908e-02 -2.069918546996812880e-01
6.026782817819224813e-02 -1.009921545657033459e-01 1.450311449003705289e-01 -1.438511331059150015e-02 -5.738239620673409036e-02 -7.590627931959827157e-02 -5.902387142315692475e-02 3.932594886405116341e-02 -2.202963110889109288e-01 8.562798490107362270e-02
-2.885671591511172474e-01 7.749614413162002613e-01 9.220583716882830849e-01 -6.244521314226343378e-01 -1.057030364087912372e-01 -2.758511422189667828e-01 -3.099246489983577546e-01 -2.166349904610700705e-01 6.848111934631985198e-01 -4.259373850446518950e-01
-3.444544887956405010e-01 -4.385551446621466787e-01 -4.483986857033281925e-01 2.771123143036870462e-01 -2.332366991494730646e-01 7.234544693184931097e-01 -2.150053950768695266e-01 -5.173727992321234259e-01 7.589162306715376005e-02 4.460267965263632894e-01
-5.082379684000943865e-01 4.425660689390155667e-01 5.401691427526500444e-01 -3.210604946911807533e-01 -1.576448494546952017e-01 3.161989612102032443e-01 -3.199511584087365579e-01 2.320072601773472409e-01 -5.814233806076450906e-01 -7.147710220833153327e-01
-2.476616413132969041e-01 -4.642940833675532342e-01 -6.455411058413162984e-01 -4.182429295551794435e-01 3.905121728573605067e-01 -5.506464076794728157e-01 4.965150300280755241e-02 -3.266627685768616618e-01 -3.753307767295159803e-01 1.592104548081590965e-01
-6.435037283157724053e-03 -5.840273605909225563e-02 -2.769889195293585571e-01 2.053721717766871513e-01 1.868251463341035618e-02 -9.575731470281018121e-02 6.968842984905318505e-02 -4.678628419114526371e-02 1.230122100999871682e-01 -2.723814635931948724e-01
-2.816776275778580252e-01 1.700398048376295934e-01 1.975265126945593974e-01 -1.693830341677824980e-01 -6.014251417181406545e-01 5.690396659323051498e-01 -1.348534735265749518e-01 4.587378705033763882e-01 -1.835462511152462506e-01 -5.674503743532103295e-01
1.191750043802089903e-01 8.618752242696028909e-02 -2.103671460781654165e-02 1.674825262096022171e-01 1.396471604065762928e-01 1.159796871229060167e-01 6.075090918195952955e-02 -5.630761526823967883e-03 -6.674576237606523466e-02 1.720069746772916186e-02
-5.681956314860933110e-01 -2.840110202523311589e-01 -4.576862728130565161e-01 6.347504830114781837e-01 -4.811316298370685307e-01 7.034889587222018514e-01 -3.449960412897111750e-01 -4.684468535897567953e-01 4.844831998590554689e-01 5.617520736411220073e-01
-5.397482759301464039e-01 -7.962373536818662112e-02 3.627561397625737039e-01 -3.619504212058036446e-03 8.213938387330040891e-01 -2.674365122548553741e-01 -2.299634487509690794e-01 5.797543690537186878e-01 -2.563152053203528458e-01 4.240801722278498276e-01
-1.874475131732478428e-01 -9.332165976481603120e-02 1.003525683270004715e-01 2.266682431616130408e-02 -8.268792591038370832e-02 -6.236672516144600026e-02 1.053285345030297443e-01 9.637952345941036211e-03 3.611041300234869161e-02 4.355692884982945851e-02
-1.418605716221582047e-01 2.562203777224569268e-01 -5.026269343811000379e-03 1.264402808488140073e-01 2.536238892832622382e-01 5.476936892781988919e-02 -2.454000544409387641e-01 -1.689311637293409440e-01 -7.491654895718392881e-02 -1.412732213389060187e-01
3.206053502545814365e-03 -9.072394757793943165e-02 6.970242456101439360e-03 -2.011290606731658270e-01 1.286439431027985025e-01 1.271835923260489221e-01 -9.797546706396187410e-02 -3.341008995727828279e-01 -3.106427724302204263e-01 -6.251780618800880651e-01
5.330150039642393978e-01 -1.410970712452741249e-01 -5.385825869482656625e-01 -5.783401465544850684e-01 1.357224431653721031e-01 8.849546166337857178e-02 -5.369731878161071448e-01 -6.509876495794292284e-02 -6.427237368511853344e-01 5.262681846532524244e-01
4.659539408343386091e-01 -6.405055408691204821e-01 3.803810435861201267e-01 5.794029667790948634e-01 6.327041351650269929e-01 -3.009221793182224047e-01 4.045599848884487981e-01 1.674610861855473087e-01 -1.030289400429113683e-02 4.854720523876652205e-01
4.366788951942946473e-01 -4.569136112691549179e-01 -4.163597182698179910e-01 1.777231509623186934e-01 -1.428176755660534869e-01 -4.230539710543196330e-01 5.234406127140871501e-01 4.367136716263393392e-01 -1.316441419174923522e-01 1.157439358372801819e-01
2.046633692264537008e-01 7.943528541392238518e-01 5.072505018237758456e-01 5.997366772342176411e-01 7.207592868960547294e-01 -8.028871161286822433e-01 1.666782863191355601e-01 8.010048322337041116e-01 3.091464183641119967e-01 -8.742391034894116952e-01
3.298390056981287954e-01 -1.412739128962602342e-01 6.149509701429727720e-02 1.543082427711346960e-01 -2.154452029729968798e-01 4.581912443784341704e-01 -5.567199806665761724e-02 2.361182072666491993e-01 1.569828161091272323e-01 3.421950994357085829e-01
4.528924334433381826e-01 -5.699462714168831434e-01 5.758983699059504469e-01 -3.630137836346625235e-01 -1.919660129797985948e-01 -1.641306403124850599e-01 5.524365853061553588e-01 -4.586359559484136650e-01 3.328037551983670794e-01 -2.485077027444623221e-01
6.767815288646599203e-01 -2.549025008252112645e-01 -7.074414774529169669e-01 8.935528614198612329e-01 8.642574183250291420e-02 9.336675019040094892e-01 6.931166867032488854e-01 -2.709143725328828078e-01 -9.287278370253303217e-02 7.890114307864957155e-01
-2.209612143701335241e-01 4.633275958282211462e-03 4.298314384533700322e-02 -5.418579110466618109e-01 -4.428353255479320905e-01 -2.365162274260336761e-01 2.380337390293859323e-01 -4.173115124113327967e-01 -3.079844671299704628e-01 1.487456115154505154e-01
8.638808885018334216e-03 3.988366253374709541e-02 2.000575285135348588e-02 5.210200575368070103e-02 -9.083857364653417574e-03 5.186136659059536330e-02 2.285319494018986809e-03 1.467084320292333724e-02 1.776236172978740840e-02 1.842163002709036601e-02
-1.218637983226230626e-01 -6.073822369947704525e-01 2.855749863109809938e-01 2.952294925955128643e-02 4.835064439685021198e-01 -4.584261557500499129e-01 2.369683013440424812e-01 -3.980312939802779226e-01 7.187599697732038884e-01 4.412172464219055734e-01
-4.868047987235368246e-01 6.664982614578345288e-01 -1.051423398580670354e-01 -1.689992256148450667e-01 4.697839765737630846e-01 5.192972065768310941e-01 2.605757511626827783e-01 4.673970032656690199e-01 -4.736325738641876115e-01 -4.008937465245936416e-01
-7.193657342573669955e-02 -4.600603103333221755e-01 6.647710926034915146e-02 -4.261330298486003254e-02 1.864945566943768118e-01 1.785124079831889032e-01 1.364904441507391597e-01 4.406504887123670611e-01 -3.164139349222689912e-01 3.592212906934605376e-01
-6.810686379937280766e-01 3.938945113201239301e-01 4.508377909866891353e-01 7.255760354294820136e-01 1.324788142627089105e-01 5.930550549523671000e-01 -1.924825732634087849e-01 -9.240626165340169729e-02 7.095430383596220691e-01 9.223229432810781114e-02
-1.506284419239583838e-01 6.309427837237724379e-01 -5.669851726220301869e-01 1.941052853871645667e-01 3.086698959197770598e-01 4.139011647541905314e-01 4.042200460602847767e-01 1.174224131693618473e-01 -4.288099985093921790e-02 -1.591780187914622890e-01
2.733820716603919260e-02 -8.384461998538582719e-03 6.887114381465722461e-03 3.381850030442517391e-02 3.991167022536819958e-02 3.868411021797184962e-02 1.312307231387152377e-02 3.782051943758313328e-02 1.910455235824802533e-02 2.734289983084942435e-02
-4.920819370417913730e-01 5.949794225546632953e-01 -4.902419581018717665e-01 -4.667683471102276709e-03 5.719664345306426645e-01 -7.496676689828181139e-01 -8.013928778628446326e-01 2.639363753246271038e-01 -3.397148945866683145e-01 -7.046829282193798338e-01
-2.311653505364685279e-01 -2.056217460307522282e-01 8.972878565171080179e-02 1.449336501008355593e-01 1.612165186662478100e-01 -4.494885099045293209e-01 1.209984458846013466e-01 6.004218924727895423e-01 2.294179211089547032e-01 -8.691449248717955656e-02
-5.452051040034697760e-01 1.984475988419839021e-01 -8.137006854537133238e-01 -3.351850223317041633e-01 -6.756470971195233099e-01 7.821054121418566374e-02 -8.337907940419823083e-01 -5.080597420183174950e-01 7.977575711291998717e-01 6.898985490624489625e-01
5.520555894378727929e-02 7.557636728199391973e-02 8.138754651570669074e-02 -1.900166973128742942e-01 5.310259088568683450e-02 -8.082931780943204692e-02 -5.329382949329427438e-02 -6.084684883588113713e-02 1.612182331831054152e-02 -2.044819641293505949e-03
8.318948490020199038e-02 -2.147815022081889513e-01 2.969902371847065736e-01 4.402013284831439166e-01 -4.950143927463059867e-01 1.758380797286757946e-01 2.442637870062001337e-01 4.098848227517107312e-02 -5.096455184464537824e-01 -5.782140210395281255e-01
3.329909154552361250e-01 -1.743932623707281637e-01 3.198156808024473219e-01 -4.120172155204234604e-02 -2.603968152195699770e-01 -3.241907661286861919e-01 2.296072313745966265e-01 -3.868034688839919188e-01 -1.846382746514036999e-01 4.049850786866261432e-01
6.968170784899515580e-01 -4.812521625360706157e-01 4.780805514294927949e-01 8.243240483627790605e-01 6.149282862662456273e-01 -3.215730032029715663e-02 5.260540041114734056e-01 6.945648921436807788e-01 5.934937311208630106e-01 1.056773574093982093e-01
9.093958724541408023e-02 1.194460137798957350e-01 4.567434229258245382e-01 -1.495197312969337999e-01 1.956408723932414051e-01 -2.023560453449198548e-01 9.019823476988279853e-02 2.742791905776173489e-01 -3.813806185772699586e-01 -3.651438912439609052e-01
-3.631210986127029194e-01 1.332800511783941988e-01 3.890783374901683467e-01 -5.864731972161852935e-01 5.760871057621139713e-01 -1.305780499527691985e-01 7.277743101860909558e-01 -5.656123189793905714e-01 7.554828996844559219e-02 -4.120798960121949822e-02
1.669777116528563810e-01 -2.447175294565712145e-01 -4.511257314147665842e-01 1.929356733960664941e-02 4.643920601715307434e-02 -2.310803329596867323e-02 4.125510431209074014e-01 4.433081876189425286e-01 -4.235368487314269265e-02 -5.820865022914898379e-01
3.112580597327225251e-01 -6.244204338175852742e-01 -4.874273940633493396e-01 2.990864022568737873e-02 1.603559896732112688e-01 2.974886549094235000e-01 -2.653248393967072571e-01 2.057092394691023840e-01 -2.811100572893192040e-01 -4.093790712834283751e-01
-4.112617689393899961e-02 3.825565089445560618e-01 3.365567584488614594e-01 1.948558670710474061e-01 -7.245730080520168537e-02 2.251294755660744606e-01 -3.403925928196916972e-01 1.931106418501696009e-01 -2.868358221203534762e-03 -4.487935907179086414e-01
2.554715558696298849e-01 -1.889952072683614148e-01 -1.625188273072450396e-01 4.592321938861553821e-01 3.939530008370284442e-01 4.632951346312473295e-01 7.065741038470692015e-01 -9.179498756733532605e-02 -3.053397381467947702e-01 3.380798464810830239e-01
-5.227957123042512588e-01 -2.344120763688589681e-01 -5.362946225883368639e-02 -3.101335605199127821e-02 2.643714649114614068e-01 -2.831765710854106666e-01 1.122681977437214700e-02 -1.900558783529936735e-01 -2.924217798827980497e-01 2.436508937321824608e-01
-2.214176798948042368e-01 -1.196081284906753972e-01 -3.435676368901023348e-01 3.900877715240212429e-01 2.099516987256320188e-01 4.071567109905732118e-01 -2.321645492180647308e-01 2.895618281869135127e-02 -2.000929282525790512e-02 -2.729152399461659204e-02
2.305178182793627961e-01 2.379593460127119309e-01 1.844054465485427396e-01 -2.258562647267853274e-01 -3.827218631818462002e-01 -2.510800429862026784e-01 2.235033146475982613e-01 -3.377201187954083084e-01 3.747609188107082212e-01 6.925474586282125145e-02
-8.505958059149888208e-04 5.345301686855767898e-01 -4.426733367682642029e-01 4.773639677218612376e-01 6.506803647515456701e-01 1.783895730165274973e-01 3.185425448653065317e-01 2.758953536795088479e-01 -4.709460493100420253e-01 -6.490955277242161925e-01
3.022256170655125418e-01 -3.966204981528757556e-01 -4.406613698872969276e-01 -2.477317848001246992e-01 5.045930525955925061e-01 -7.019761687471361145e-02 2.285293474683499151e-02 5.520294757725632273e-01 2.797495822136127908e-01 -2.662256673266986118e-01
-7.899897718930640189e-02 3.062859378553809964e-01 -2.581467424021025581e-01 1.815152482876022932e-01 -5.210309889410463802e-01 -1.676342441625895963e-01 3.101779891429061187e-01 -2.751171195674780301e-01 6.798516662389129106e-01 4.641051503886149954e-01
-7.309434196612590862e-02 1.165259242947168095e-01 2.874059534197063170e-01 2.476545945567774076e-01 8.285781687076727853e-02 4.479388704389118403e-01 1.978769509902377211e-01 -9.094517586172215506e-02 1.101803135616914175e-01 3.164015299792779512e-01
