6.281170671641898018e-01 -7.908009678186178615e-01 -1.144546109828663977e-01 -6.186363207425046307e-01 3.210042281965596045e-01 -4.557822839268493298e-01 3.528441317788462150e-01 5.918760268422545989e-01 8.054521242333549935e-01 7.069675512271157425e-01
1.489240663539826148e-01 1.206338315439148823e-01 -3.855694616630214178e-01 4.049218896376687304e-01 3.948286680404416438e-01 -1.070346064436159678e-01 -2.524226210311715790e-01 -4.295953515481767959e-01 5.158767361157791109e-01 -2.689100797318642599e-01
2.778575088676679683e-01 4.412899498955055733e-01 -2.003029245176571327e-02 6.553271821616236670e-01 -5.666757339787960035e-01 -2.938054135280087631e-01 5.538443577375817828e-01 2.537136013807226864e-01 6.821651099129096840e-01 -2.664249904975892758e-01
1.827795998162967395e-01 -1.466609342645746883e-01 -2.237749295345820358e-02 -2.806591966589704751e-02 -1.215305313488167643e-01 -8.898395189579137721e-02 1.456638420699781500e-01 -1.180893852848053510e-01 1.053827168489402250e-01 -6.407424407920868370e-02
-7.636712073941039416e-03 -2.653170767743475832e-03 8.499761954952017584e-02 -5.653515257124381264e-03 7.794665187502312909e-02 2.753427878403516549e-02 1.258589802140562888e-02 6.294748944956865544e-02 1.635217706369399351e-02 4.233939202779918309e-02
-4.455954193871452529e-01 -7.467146615610793514e-01 -4.072227557382239460e-02 -7.939372131256363652e-01 7.014865111908418216e-01 -6.939194102246996065e-01 5.530552335096592387e-01 7.123315459564502072e-01 6.743071988908483361e-01 2.296976399851060890e-01
-4.810069888830429546e-03 1.641526875454265844e-01 9.033043402165086277e-02 1.590590385303687973e-02 -1.496437809735183533e-02 5.456073725206094481e-03 3.792302261145106407e-02 1.840843184584395331e-02 7.946677126077715536e-02 6.860889358306003147e-03
-5.348085152753263571e-01 6.800738617255861485e-01 8.281416416157622029e-02 6.851952375140968332e-01 2.255308207446668212e-01 -3.245035760657620783e-01 -3.837668105817013675e-01 3.200930116267005632e-01 -6.045745289817826551e-01 5.596129248098687947e-01
-6.976716219330704460e-02 5.906331374768829523e-01 5.494257612528750112e-01 -5.613019202007709652e-01 -2.799292454447053768e-01 3.677992039058404772e-01 -4.137013358661388862e-01 7.202959500218240052e-01 5.175310593018156435e-01 -1.895772467338165401e-01
5.031151117608618356e-03 -3.511633340090034808e-03 -1.111870739846437112e-02 3.330557753980335073e-02 1.086968885565942483e-01 6.441184736858729387e-02 1.394675513685215452e-02 4.227093616107117924e-02 3.496238227687108180e-02 1.181441616861496173e-02
-4.761006661712805996e-03 1.175781541186091544e-01 4.678592101120378210e-02 -4.327423303588200793e-02 1.944907118869380891e-01 2.790529079668424214e-02 -2.365999128545830804e-02 1.049074388702138545e-02 2.676153454530156781e-02 4.192344265752512289e-02
3.422647574389383052e-01 -3.188770284029711077e-01 5.955067304829912977e-01 1.864058414949260334e-01 -3.493784826394532445e-02 -2.090144337451631806e-01 5.402650023103402477e-01 5.067657507388706462e-01 -4.532631673192395461e-01 4.087002770832247611e-01
-4.213675566081155344e-01 -4.418546811204206171e-02 4.405336138775112209e-01 5.790208762614452720e-01 4.676064966134306222e-01 -4.546852660938072166e-01 2.075063925948316401e-01 -1.357446228125994137e-01 3.156923050971319755e-01 -1.273193033047611833e-01
4.145965483741687052e-01 2.024781712693299041e-01 -4.652249413660201616e-01 6.349563358724857887e-01 1.743101816042673391e-01 5.293998720210652681e-02 7.443778425991950387e-01 -1.598669072827085813e-01 4.120549574093404499e-01 2.895301621450697693e-01
3.107974471639912695e-01 -5.498384967374210230e-01 3.640909748449132621e-01 -2.359812378106305730e-01 2.922866230757987238e-01 -1.800338474905758268e-01 -4.541675024900638236e-01 -1.671131014888572464e-01 -2.015574351326044622e-01 -6.816057841613202273e-01
-1.209849607062121095e-03 1.388429508643193241e-02 6.177916207762682715e-02 1.810903950126892953e-02 1.097774012674897735e-02 4.885527527954064420e-02 4.563616809421273436e-03 8.128090873527995738e-03 1.832210972476698910e-02 4.186583431921423598e-02
-3.782289788369070926e-01 9.359194820331249998e-02 -5.189258866381802893e-01 -4.423259079235001279e-01 -1.504925940930409642e-02 1.844370642117979797e-01 -4.574623103837890947e-02 3.490309443121830113e-01 8.993598248908871162e-02 2.412109287622887788e-01
8.297674730841435586e-01 -5.337672721048483115e-01 -7.693720599842182040e-01 4.700892765162211218e-01 5.960064704638133870e-01 3.149311555589813238e-01 1.115673326006279276e-01 6.657051870323030807e-01 8.042207108966324958e-01 -4.411909262701217971e-01
1.320184476349622795e-03 4.148889425329271852e-02 -5.877139312332060328e-01 -4.763426731560589933e-01 -5.774706203249648784e-01 2.848424093100433430e-01 -3.635301146705741115e-01 6.723966612982896773e-01 6.691276303555142302e-02 1.282589773612701801e-02
-3.074459352723046823e-02 2.185859498979943194e-01 -1.262392340866973495e-01 6.121468060280189222e-02 1.905474700140369904e-01 -8.353412713935146061e-02 -1.771985323916089039e-01 1.152329645999894403e-01 1.292262275501492585e-01 6.201814888527557718e-02
-7.173806658430821603e-03 -5.478051510297993199e-02 -2.295364453580578112e-01 3.541620405390378257e-01 -3.965421253841933114e-01 -2.665861879991016786e-02 1.680780586355835604e-01 2.096596104703840335e-01 -2.950920896390940573e-01 1.625984630632617556e-01
2.705058096951651336e-01 -9.021615712872212145e-02 -2.002369989618434931e-01 3.953581525654375484e-01 2.588234089209294764e-01 1.611941582651527094e-01 2.021372856563837250e-01 -9.022702485383760074e-02 -1.226506075384930228e-01 -2.121602054677125815e-01
5.512382225497575172e-02 4.014206251939922976e-01 -1.812826304622935369e-01 1.650088759455731191e-01 2.446379960194163816e-01 1.251303533601224316e-01 9.813343625228407308e-02 -3.522673633349543421e-02 2.355466513373499493e-01 -6.772500699935922464e-02
5.222547397799760516e-01 1.115889879341579183e-01 8.166425657920768355e-01 -8.842742507215750614e-01 -3.956940150489790531e-01 8.720108673352605644e-02 7.579954069256875648e-01 -7.725790881886128725e-01 -2.091108689800263432e-01 -8.073763228863481967e-01
-6.267157622146886098e-01 1.823590144238170785e-01 1.320599952629152897e-02 -6.647542649657127434e-02 3.359126533155931682e-01 -1.316272549609100173e-01 -6.816272826115723493e-01 4.605331137065801217e-01 -6.511558897254779987e-01 -5.962274244068402895e-01
1.073331074212094741e-02 -2.018728426585706184e-02 -1.657098076773851070e-02 2.408826120303779739e-01 -4.799224578153091780e-01 4.087676419648278991e-01 -2.017867620316431132e-01 -2.463033061545916169e-02 2.137693381073652310e-01 -1.154862686125690679e-01
1.707704244386983039e-01 -6.254434220640566755e-01 -8.073411532227323661e-01 -8.183061812393732648e-02 -3.100828383348630535e-01 -7.991735155214376718e-01 -6.671555871497492074e-01 -7.252998660889677929e-01 8.635883945606700474e-01 -5.173868414890379075e-01
3.677565975632369200e-01 4.725499772223585304e-01 -4.058242714621596720e-02 -2.680105220344138339e-01 4.402914966120169415e-01 -2.732606838047932363e-01 5.120928423353344749e-01 3.508385639067803652e-01 1.541511402908181394e-01 1.383336508744683890e-01
-3.188481005417590497e-01 2.923365711089031538e-01 -3.611712387043655714e-02 3.173366212321209606e-02 -6.891440810058939714e-01 -2.338857238188088994e-01 3.329592356205153258e-01 -6.513327391267492716e-01 3.844525642993036341e-01 -3.162090868526072943e-05
-1.701794283976488242e-01 4.725362987965379680e-01 6.104592775916308778e-01 -7.377380012243105190e-02 -2.034011463201172987e-01 -5.375066256411802357e-01 -2.577893613580981569e-01 -4.022861507440463336e-01 5.158072099457196025e-01 3.537682205476667119e-01
-3.801775760897734835e-01 -5.364956854721896207e-01 8.693172593901545842e-01 6.504040432113795678e-01 5.090788784750859275e-01 -1.410472674060072040e-01 -6.746765815989612669e-01 -8.366050501137396733e-02 -5.761761300133598773e-01 -6.630260763681226077e-01
-6.686565376229872126e-02 -1.097003149751128448e-01 -6.902692586374443717e-01 3.331918949610176983e-01 -3.807934791067906777e-01 -5.756806529765137181e-01 7.955623041831503262e-01 -1.530392940247497779e-01 -1.317075339220621366e-01 3.561983352788788970e-01
-1.494686439748744433e-01 6.056490811284847009e-01 -4.882866300448059360e-01 -6.682797819292235486e-01 2.553028239527608823e-01 1.322061939821774779e-01 -4.428894735691639439e-02 2.597882774902941505e-01 3.159096462608206313e-01 2.462886019213664790e-01
3.088588645913573627e-01 6.332529406666356220e-01 -2.220661644555423919e-01 3.519974039164476820e-01 -6.077514190841775132e-01 -5.775715217276041757e-01 1.101474073658380293e-01 1.916766390160843103e-01 -1.171720313404800984e-01 -4.398244444186095725e-01
-3.439087729338271421e-02 3.198765738235260225e-01 3.504682360157444498e-01 3.130384499174574398e-01 5.172529984622173949e-01 -2.778367168198336290e-01 -3.697146898215870614e-01 -5.280400898029779383e-02 -5.640613905202194189e-01 -6.214888754473782417e-02
-3.541015307921481781e-01 5.875310497098964468e-01 2.763497535744872113e-01 4.282296404063287709e-01 3.981707398359821681e-01 -4.539944102795057113e-01 3.550680166533569659e-01 -2.567162703177817140e-01 7.151969603264699549e-01 -4.215492634961256480e-01
1.048750739455979741e-01 5.182365490109643036e-02 3.063063787689860457e-02 1.075388216668242414e-02 -7.754447844781864503e-03 -1.805199413857001139e-02 -7.971154556199669264e-04 2.109249155113326057e-01 -1.251706820015709154e-02 -4.428870919648036225e-03
1.143037226795103611e-01 -3.205435482209435111e-02 -7.767363822122969746e-03 -1.429692442885604486e-01 -1.730391115964955429e-01 -1.150202988419824976e-02 -4.140734509059389168e-02 6.721894482061366305e-02 -1.031171225379626244e-01 -2.435840331121245095e-01
3.823880928818200742e-01 -5.487303177381440689e-01 -2.849970215364918680e-01 -7.030077832603196519e-01 -6.894563742262319050e-02 -6.920783277766143771e-01 -2.040435157645144604e-01 -6.343832631278876200e-01 -2.100061224837599869e-02 3.148620908556398201e-01
3.580957514495554384e-02 -6.427396328662393632e-02 -8.413885457861716710e-03 2.989392993127330811e-03 1.827996470446154875e-01 -1.254877005008312590e-02 6.495028854078833958e-02 4.827156506423977561e-02 -8.068334697254556098e-03 5.258480605692580218e-02
1.137231571538787622e-01 2.421358560556266803e-01 -2.951200083540071045e-02 1.308577298106797238e-01 -4.009918765049785838e-02 1.471037284258520650e-01 -2.560460710230408887e-01 1.700575052076284677e-01 -6.249701620280045077e-03 7.114887079741197273e-02
-3.789320367587484806e-01 -4.031108638396278115e-02 5.791161918580800538e-01 -5.121019387834628567e-02 -2.525525600486315803e-01 7.096249412571470350e-01 -3.178173358688894390e-01 -5.154113079339263104e-01 -4.077994681510404007e-01 5.449490079057008884e-01
5.803703325897201504e-01 -7.538864092666958117e-02 -2.596638924447466912e-01 6.618557268021019180e-01 -2.619434341925760412e-01 2.617172059260202549e-02 -7.756057231892082848e-01 1.503444570907815081e-01 -5.354945069697891746e-01 7.418646135622566362e-01
2.374524316880338715e-01 1.597537911946876887e-01 1.332623719136245138e-02 1.106305119717221758e-01 -6.766696251458456657e-02 9.883044530595472277e-02 4.872292371647453380e-02 4.603870340399879996e-02 1.084341646034256285e-01 1.296062333556788349e-01
-5.198617661879972873e-01 -8.461999076246615736e-01 1.557947850125051270e-01 6.036403319634907616e-01 -2.753785690057764524e-01 5.896379331610512864e-01 -8.403274616990327184e-01 -6.976517674379129064e-02 -6.876888977541130155e-01 6.391911680649372540e-01
4.256048408113163178e-03 8.439484917183358260e-04 1.475116939991065988e-02 -1.525825468015141670e-02 6.960825433901753068e-02 6.231992542897270976e-02 -8.350292773619321859e-03 3.555721494905868252e-02 -4.128151553219382153e-02 -1.780203787079862390e-02
1.981624799385924007e-01 -2.350791762060162604e-01 -4.370503697876331195e-01 -2.993938011197976312e-01 4.347194475102463262e-01 3.659403662881248187e-01 -2.096015472937508284e-01 -5.272960097195339424e-01 -5.150332048984198607e-01 4.887179166140743214e-01
2.761084490483274867e-01 -5.043178769073997092e-01 -2.062310863672175629e-02 -3.356648535422334101e-01 9.802221188566356824e-02 -2.894309672202283745e-01 -3.827705700963484614e-01 -6.201465188719967186e-02 9.021529391846203408e-03 1.762673288029521501e-01
-1.053804058061681287e-01 -2.712147291010381656e-01 -7.459291589371772058e-02 6.442906491223913956e-02 1.895755902942513060e-01 2.033858576458327239e-01 2.216866217481577861e-01 1.832078939917386462e-01 1.140577409067840275e-01 9.257406846248303345e-02
-8.559828640307567404e-01 4.488732790401496198e-01 8.837697393679909419e-02 7.402985927738024996e-01 -2.688906707485894665e-01 -3.179554540236119164e-01 -1.515051486872477648e-01 7.619836729068589776e-01 -5.127892716863012568e-02 1.400966478633396128e-01
-2.410949093712660973e-01 8.390424636158060057e-02 5.650992250463808819e-01 -4.027697006926327372e-01 1.992185675534690059e-01 8.061649898104883416e-01 1.950648109233697469e-01 -7.680092967158368492e-03 3.365388649369927543e-01 -4.146349168883243785e-01
7.594226605494866847e-03 1.086715517735806213e-01 -2.878619324495041917e-02 -8.284078051949803068e-02 1.044350292040479994e-01 -1.453451028664826394e-01 9.895779294336240484e-02 1.128860533494495562e-02 -1.726347895539070889e-03 -9.535517313076591339e-02
5.866547604878030731e-02 2.397733014815388655e-02 2.015267651713446850e-01 -1.698826874370564302e-02 -2.161399960855495128e-02 -4.045250769776300576e-02 7.671915989417632531e-03 3.107844352361345541e-02 -1.022475535136299768e-01 1.979154066154380567e-02
-2.850897066235428823e-01 7.619943441084351399e-01 9.134180747432303349e-01 -6.197382059918405961e-01 -1.047297465654447035e-01 -2.457859810244183152e-01 -3.177642078180362706e-01 -2.266847048063266590e-01 6.789121513546131359e-01 -3.966163528413344519e-01
-3.375630272730789083e-01 -4.367318513813819303e-01 -4.450894932893324496e-01 2.739023039759777567e-01 -2.330863677305069492e-01 7.290694678714614296e-01 -2.081056615810863153e-01 -5.147065813972649950e-01 7.485124670303119898e-02 4.376881551157236205e-01
-5.075740828415068462e-01 4.419341111408898182e-01 5.393693415675855363e-01 -3.210427443821297633e-01 -1.555131137814205755e-01 3.177200192671298384e-01 -3.198850840316407318e-01 2.311370240365981099e-01 -5.810007217719775907e-01 -7.117778155576810484e-01
-2.340884993108045542e-01 -4.525144443805181882e-01 -6.237064886368856031e-01 -3.828469882541871150e-01 3.782736839327557332e-01 -5.358723416132988859e-01 4.714998414991964509e-02 -3.165872298835634147e-01 -3.662063431747460407e-01 1.457978612178548183e-01
1.034107118864545927e-01 -3.921362410811703864e-02 -2.291870540647130416e-01 1.583759258766977984e-01 3.310663648728174452e-02 -9.322547204993238135e-02 6.502313022370820317e-02 1.423803420369470704e-02 9.013658778664361548e-02 -2.062213191116103739e-01
-2.538716755910824241e-01 1.633598062931408967e-01 1.974697357415891863e-01 -1.451511284933304780e-01 -5.745641237930376732e-01 5.611770032378340378e-01 -1.217853124693820399e-01 4.366741879223104972e-01 -1.755125754255302817e-01 -5.470403339030073253e-01
7.054559797929296772e-02 2.709376869797884557e-02 1.846271325898570653e-02 6.150302320975108150e-02 1.089544161991843757e-01 -1.752608820454049782e-02 2.535354446615814723e-03 2.874144432641775188e-02 5.120965364479094367e-03 4.460982245017275187e-03
-5.653586493995450546e-01 -2.821470224537429017e-01 -4.560689043768307305e-01 6.324997357019968014e-01 -4.838807942805440909e-01 6.907118567345578164e-01 -3.440408729461703619e-01 -4.554835673686530306e-01 4.820544144517593943e-01 5.611544090975989496e-01
-5.399070330182780264e-01 -7.971686924476575897e-02 3.621267419102381369e-01 -4.025279515223841552e-03 8.202569588363285424e-01 -2.675244033100424579e-01 -2.277207035395716062e-01 5.789851906132547077e-01 -2.556302817484211731e-01 4.227325085696295170e-01
-4.023244429447325049e-02 -2.574558967348952038e-02 3.347565186858687120e-02 6.002858074975998826e-02 1.633134602259307330e-02 6.800665558130733479e-02 2.305560855488246810e-02 -1.435496660303582986e-02 2.307368563028103052e-03 1.189165692016522224e-01
-8.951927669216194761e-02 2.312370981187593377e-01 -1.985867925159957512e-02 6.673838966929372674e-02 1.546695621175659674e-01 5.232283442075979368e-02 -1.265245374914429344e-01 -1.330193293485499861e-01 -4.135041917328051431e-02 -5.586959508718803563e-02
6.182957697486000589e-03 -6.877184750072129482e-02 1.566706382197884453e-02 -1.644901989405777865e-01 8.591775424290364060e-02 6.058066670153832572e-02 -8.233321988800981761e-02 -2.155958541157791120e-01 -2.676741768086303153e-01 -5.228898182916372761e-01
5.180196533721664887e-01 -1.019847646653717910e-01 -5.263303011306759149e-01 -5.597350183727772821e-01 1.225915290115788120e-01 8.625528600439934246e-02 -5.124767281877178338e-01 -6.812681148626005545e-02 -6.187820765547142887e-01 5.106419815012223085e-01
4.610161709686421694e-01 -6.362428726983410110e-01 3.782970610659419086e-01 5.747381170462324551e-01 6.291884395299709443e-01 -3.056933544629191757e-01 4.009001346424905798e-01 1.720065523781311445e-01 -1.273390975439865624e-02 4.826252383303594184e-01
4.189728925319631814e-01 -4.461867657229863227e-01 -3.767813794694663265e-01 1.654219959082429137e-01 -1.396428315841753975e-01 -4.134971729757264680e-01 5.024554593452890128e-01 4.221499667675457368e-01 -1.273888470276536011e-01 1.118374519665485817e-01
2.125820415414404752e-01 7.906207600467018981e-01 5.095673300195071587e-01 6.025118618485811872e-01 7.222737893186251812e-01 -8.031504300759133574e-01 1.674390876923820826e-01 7.928688551108132865e-01 3.089495359496274851e-01 -8.702827180595354983e-01
2.635169451181208489e-01 -1.123842374146595546e-01 5.152257703780220577e-02 1.332139009486913439e-01 -2.061376245483115544e-01 3.424785212840261717e-01 -2.967376166412515406e-02 2.464079620597123821e-01 1.380106404232903650e-01 3.482843284969515674e-01
4.322255482427361239e-01 -5.376651217968504426e-01 5.565416370655905665e-01 -3.541059792919435956e-01 -1.774611019417328406e-01 -1.608338095389993672e-01 5.567061384015495884e-01 -4.453383467007954177e-01 3.266729640370875654e-01 -2.321760125954731580e-01
6.766387347234890104e-01 -2.550036001543870556e-01 -7.074584532560286299e-01 8.932583712407800025e-01 8.626010642852723065e-02 9.341072077569158028e-01 6.929450204352914922e-01 -2.708447988666320971e-01 -9.290677505436950590e-02 7.890342439403916774e-01
-2.191898891277429540e-01 7.294981430507836706e-03 6.472113382464843301e-02 -5.208295316005192577e-01 -4.265478156716240310e-01 -2.377827712886159128e-01 2.162284570535439598e-01 -4.033248301905144051e-01 -2.951818479120720262e-01 1.429076555939211290e-01
6.677519262796894088e-04 5.039684178442385004e-02 1.581931433700120918e-02 9.562796624894928654e-02 3.887463193975897700e-03 7.483130150690300852e-02 -3.162346675015690819e-04 4.583249941027122548e-02 9.427908600160380195e-03 1.396252342793504082e-02
-1.265375711992758612e-01 -6.033818409127575944e-01 2.757682574098244688e-01 3.317356724395892353e-02 4.917212381343663563e-01 -4.561521075242773726e-01 2.473511923446677641e-01 -3.983735752350451298e-01 7.146369769137999040e-01 4.418396089152284434e-01
-4.830215734522876891e-01 6.758084744826182710e-01 -1.036191591725089678e-01 -1.626788069028777262e-01 4.553765983572922726e-01 5.136297656261908928e-01 2.686152568425264620e-01 4.594279347678289493e-01 -4.625799455143786987e-01 -3.979363754052967495e-01
-6.418668938450396155e-02 -4.115642492011673537e-01 5.397377298180935229e-02 -5.817191767770105854e-02 1.513197071799309013e-01 1.806657066498975339e-01 1.125966040131555351e-01 4.074470413943633296e-01 -2.690612262951165845e-01 3.245240542691836261e-01
-6.774086798605100102e-01 3.952154602687478757e-01 4.481628712030876205e-01 7.199214380439752370e-01 1.306621114822169860e-01 5.890212759565870426e-01 -1.913523184005083699e-01 -8.453247227855667512e-02 7.054182270544337996e-01 9.197277200002330899e-02
-1.490422931886589974e-01 6.238675340054211649e-01 -5.614636394377044981e-01 1.914857953150829462e-01 3.062925575317091975e-01 4.263127012252955761e-01 3.999875796558204355e-01 1.154928400832819779e-01 -4.287569672136241905e-02 -1.581492099372107107e-01
9.826881625789998798e-03 -5.272601025432271764e-03 3.074597748673137468e-02 5.527555366376596391e-02 7.689006088211604306e-02 1.897510903988394726e-02 9.416588107458677415e-03 1.017845914526402384e-01 4.459050450862981491e-02 4.378462028041696374e-02
-4.907773930529663042e-01 5.993991498760095071e-01 -4.901111111641895390e-01 -5.615482371335985164e-03 5.723059622032876659e-01 -7.475779450578149410e-01 -7.993254056813025032e-01 2.622129970114977504e-01 -3.389465643529052663e-01 -7.029637960294089494e-01
-2.114844928675026492e-01 -1.543862238234823825e-01 8.018341057354423651e-02 1.385097565073177273e-01 1.405927372440123335e-01 -4.122244119315007782e-01 1.103762792633713741e-01 5.758429557424236123e-01 2.047675001720840327e-01 -8.218745295292034792e-02
-5.440063601248983360e-01 1.966837325261264480e-01 -8.093938992463646231e-01 -3.328719964754829896e-01 -6.752224244382595275e-01 7.874848862780096936e-02 -8.323589107718564195e-01 -5.071685860536491175e-01 8.003559329354275054e-01 6.869578568930758689e-01
4.274748266095810406e-02 2.639983221971991048e-02 7.822723824366990819e-02 -4.205970626507007232e-02 2.161845048166099667e-02 3.748669207239874179e-02 3.788847665615403121e-02 4.600233656373173274e-02 8.311929324558173324e-04 1.683112650421514714e-02
7.435859607679001781e-02 -2.031523009436373983e-01 2.924981296422354826e-01 4.332640140257746353e-01 -4.830978768903429477e-01 1.864506339973887317e-01 2.239706379566339112e-01 3.767802384320616954e-02 -4.937501825451870996e-01 -5.552624090544240332e-01
2.049366598201704803e-01 -1.094860304136206913e-01 2.064681629170650179e-01 -2.685253201636215656e-02 -1.910309974626512308e-01 -2.216529909609067928e-01 2.268618263297160764e-01 -2.324843628838300924e-01 -1.030358119368718212e-01 2.705649399386849119e-01
6.965860054098051979e-01 -4.799679067932151044e-01 4.768054546153862039e-01 8.245669056747226833e-01 6.134310023815991997e-01 -3.286235205028478074e-02 5.271071056846091674e-01 6.936985100128340020e-01 5.925116304583266658e-01 1.054212521045138212e-01
9.713878437163431245e-02 1.149916667614801630e-01 4.737334033592601745e-01 -1.431840494179071333e-01 1.858883065464993489e-01 -1.967439808694108616e-01 8.831880101870996647e-02 2.646119924175202032e-01 -3.720647782877077314e-01 -3.559238624043429833e-01
-3.568844332285268650e-01 1.337309259356799784e-01 3.852048433583595832e-01 -5.816049831757847954e-01 5.703598856773807180e-01 -1.207483213899115254e-01 7.210829428045276712e-01 -5.607881084509257485e-01 7.488309712052290679e-02 -4.131640213272060741e-02
1.543667524871245866e-01 -2.136608702574615548e-01 -4.077268449076633661e-01 1.205673848568457850e-02 5.100766310324381103e-02 3.191116291868479476e-02 3.725023688887285633e-01 3.760959599959041166e-01 -2.806778813800327177e-02 -4.798923864166014241e-01
3.043891032433801436e-01 -6.138984447424498114e-01 -4.682223459153795897e-01 3.028958743510592674e-02 1.540973500432067655e-01 2.915475781106857678e-01 -2.633631125100613923e-01 1.998664260922858593e-01 -2.633457634343820963e-01 -4.027321581109183368e-01
-3.653681203948922623e-02 3.789257322991148591e-01 3.166010291958361589e-01 1.807822636330771171e-01 -4.995227510902817969e-02 2.231039421789556276e-01 -3.219131316427955025e-01 1.830814512370662894e-01 -6.525144928677222012e-04 -4.139613953703566995e-01
2.500767038318056357e-01 -1.879782722476015244e-01 -1.562085479620817785e-01 4.514083434357771263e-01 3.865368040697587659e-01 4.693048992921643459e-01 6.905272865313412112e-01 -9.483374529580261558e-02 -2.887232023375742584e-01 3.426049059010884967e-01
-5.087446750817047336e-01 -2.098398138843912408e-01 -5.606972823207028583e-02 -7.124072634953829489e-03 2.656248357608278488e-01 -2.252194641775060735e-01 3.494543039054195770e-03 -1.828211108724903111e-01 -2.857913584783397520e-01 2.363552254563640598e-01
-1.370388380150521224e-01 -5.575570725585457521e-02 -2.072090608098882403e-01 1.863122526037241100e-01 1.610163917839805836e-01 2.283340133713308295e-01 -5.317487392725854523e-02 5.737246451480087356e-02 1.738292387442743041e-03 -3.430880469695431201e-02
2.099721471111060944e-01 2.430276482497543966e-01 1.707165129790794433e-01 -2.129758870570301610e-01 -3.637825753372080362e-01 -2.430833978354791092e-01 2.395023847839612974e-01 -3.078484866116063534e-01 3.487074887062359130e-01 6.465590347591727849e-02
-1.977994814610473486e-05 5.352692889279542232e-01 -4.410900416271976154e-01 4.749491278023737495e-01 6.461675943240482445e-01 1.768748493685914913e-01 3.234138285275411362e-01 2.757334725795455022e-01 -4.688934342144163159e-01 -6.461541803022926578e-01
2.798372473250052006e-01 -3.685058046074469740e-01 -3.855165957282047917e-01 -2.309419080776997923e-01 4.675412832218116543e-01 -4.113171320638660255e-02 2.080906223410596695e-02 5.136095271205413093e-01 2.601472671906470135e-01 -2.423738345977255459e-01
-6.544556082587149604e-02 2.960992152393761012e-01 -2.507792776706515014e-01 1.818144746764598363e-01 -5.113709293987597215e-01 -1.680156531830367672e-01 3.094569657436967436e-01 -2.796379669499636789e-01 6.666296631976854625e-01 4.493703605628951991e-01
-3.316555485938363444e-03 9.179535122499860034e-02 2.083395312200076177e-01 2.018736054743363317e-01 9.071412177052680381e-02 3.484188583165661046e-01 1.669903074628434902e-01 -1.093724968824133920e-01 8.496131311343164960e-02 2.482926925025489284e-01
