6.295678845021787096e-01 -7.970761674376596329e-01 -1.149106805882588317e-01 -6.200513590301683919e-01 3.227900027742431344e-01 -4.555563289613005495e-01 3.511736311414687672e-01 5.925787561567964490e-01 8.040372739047463302e-01 7.081407188895849636e-01
1.495115061637601328e-01 1.205830910586068311e-01 -3.885696114166027337e-01 4.038747137337244109e-01 3.959211142590600696e-01 -1.082221257984253143e-01 -2.521413028321353167e-01 -4.318018422297482672e-01 5.164719404571467276e-01 -2.684179291244730980e-01
2.789869628370882926e-01 4.417954103285057776e-01 -1.995310671594559618e-02 6.560889619284990815e-01 -5.671400891393274524e-01 -2.936497920426687225e-01 5.552805494698029865e-01 2.502083706173502953e-01 6.817072213265759073e-01 -2.661209101571086477e-01
1.598962029808462249e-01 -2.134928478045260147e-01 -5.979106644820367245e-02 -6.122948732969023949e-02 -1.701571626346966015e-01 -1.906440649756010186e-01 2.351852405640046106e-01 -2.020471921455921360e-01 1.710150638260903577e-01 -1.078084939006768161e-01
-1.100010656442424080e-03 -2.462400857074452647e-03 5.204271545103066748e-02 -1.114025081546210494e-02 8.910817255546743532e-02 6.077970599214986037e-03 1.742778915004021545e-02 5.345398168606106670e-02 2.902690397836047397e-03 3.476356385239821184e-02
-4.455950354073562880e-01 -7.472226809328461616e-01 -4.071258278970208561e-02 -7.938286303353960793e-01 7.016616943698652520e-01 -6.937921674606208899e-01 5.531244577954194108e-01 7.117951872302199501e-01 6.744331672111714138e-01 2.297516436513261096e-01
-6.755883208703617610e-03 1.482934207594324705e-01 5.452400996284138129e-02 8.050251570640445942e-03 -1.419867799764348848e-02 1.235128386232971047e-02 3.919481370574656731e-02 -1.690942943635224179e-03 5.255736744502232521e-02 7.832190401719618233e-05
-5.350149389589060611e-01 6.805158117092759973e-01 8.030256520632989004e-02 6.857383297324102234e-01 2.259447265418123851e-01 -3.245915116315682969e-01 -3.839362391768940674e-01 3.203479192892497718e-01 -6.048811276914306534e-01 5.600101658402304450e-01
-6.923434899557912026e-02 5.906966441619030395e-01 5.503134001520627594e-01 -5.605442239061086962e-01 -2.789340486531354246e-01 3.698966163181679478e-01 -4.190501163174409904e-01 7.194501449217274303e-01 5.170978851185397129e-01 -1.896342598435955540e-01
7.421774606549364460e-03 -3.149567018295452428e-04 -2.864813087404419114e-03 1.796921412027983542e-02 6.810540522067264069e-02 3.360390354749117486e-02 9.255724636227629504e-03 3.885776641862252051e-02 2.672519224966637616e-02 2.280891329168470774e-02
-2.468333877608257926e-02 8.310562178857192062e-02 8.151994117977814924e-02 -1.006117086354830770e-01 2.414685356886397960e-01 -2.304261416396021986e-03 -3.348730945132072367e-02 -1.246223983157843801e-02 2.636827818991124145e-02 4.842863666375878118e-02
3.423176444886271708e-01 -3.189118238150309703e-01 5.944694592337106398e-01 1.864309791602897781e-01 -3.493947166292638712e-02 -2.090380235861653002e-01 5.403299118270833423e-01 5.067353107769880793e-01 -4.533166807721976665e-01 4.087515534131172523e-01
-4.237106181782968051e-01 -4.339068014407326118e-02 4.439331452058499217e-01 5.828424950100309365e-01 4.656487409455161708e-01 -4.644326872947124873e-01 2.075400347390448930e-01 -1.352501587387295590e-01 3.168377306385802283e-01 -1.288477675334572803e-01
4.175345957042365663e-01 1.992319684541321023e-01 -4.649325563654904681e-01 6.383205119960178031e-01 1.754660658124544970e-01 5.469326024314320744e-02 7.423674501350712163e-01 -1.626366954861402370e-01 4.116542486758282826e-01 2.866763287720045517e-01
3.107251743589541926e-01 -5.500729992331965246e-01 3.571606140375040983e-01 -2.367645327419618806e-01 2.908693979603653723e-01 -1.811980885507985528e-01 -4.554646839608401110e-01 -1.670925938722216952e-01 -2.008594600002725217e-01 -6.848355505355248063e-01
-8.987324083304943766e-04 1.680986214551702038e-02 4.356220870673068596e-02 1.471896697272699096e-02 8.290214479501411410e-03 3.559018799569094865e-02 2.928657301800462534e-03 1.442070206387538944e-03 2.130252895076557504e-02 2.513597679392278253e-02
-4.247761672401755284e-01 1.044798964259058965e-01 -5.586016873654864323e-01 -4.802842076471999233e-01 -1.025531407114007795e-02 2.100095420901626764e-01 -4.155818426736692522e-02 3.657790256035944321e-01 9.960058709990218806e-02 2.433073825994752915e-01
8.297693588441726886e-01 -5.337684851639514783e-01 -7.693738084874138794e-01 4.700903448583728661e-01 5.958565521464143089e-01 3.149318712830898037e-01 1.115675861526447682e-01 6.657066999383565165e-01 8.042225385981518482e-01 -4.411919289368215757e-01
1.652727979101114523e-03 4.210813138478116530e-02 -5.904762542646753154e-01 -4.773314701527909820e-01 -5.786761182338041598e-01 2.857042071867144095e-01 -3.643306720586172998e-01 6.680962841981192835e-01 6.729221631373437373e-02 1.283507682063993183e-02
-4.918401208474929703e-02 2.578626364308440611e-01 -1.394753502418556168e-01 5.868773163110834606e-02 1.841307252492371815e-01 -9.297065229389889218e-02 -2.203192655363522268e-01 1.566350013387134699e-01 1.569501339714939325e-01 3.042234328821294062e-02
4.987532300513755189e-04 -5.480049757049922088e-02 -2.438186297913280121e-01 3.695226039091040193e-01 -4.141691834841454978e-01 -2.514704227074023718e-02 1.812906118225763308e-01 1.854241550428525342e-01 -3.138379814082243313e-01 1.800362293175562234e-01
2.811284265390492365e-01 -9.435311305820187622e-02 -2.432124519273408669e-01 4.080181543444977299e-01 2.704558157877480218e-01 1.663939214348807150e-01 2.152621740838945308e-01 -8.741507370058745896e-02 -1.279317796022840792e-01 -2.137538796870535329e-01
6.124215217962004909e-02 4.310771771271795227e-01 -2.198015848468630185e-01 1.776883653089273707e-01 2.632140635664182993e-01 1.357316599065522267e-01 1.049769247492599450e-01 -6.757382072727584343e-02 2.525358108071306673e-01 -7.157052804712565885e-02
5.222946149437004415e-01 1.115063751514255852e-01 8.166549617779492731e-01 -8.842860958288717432e-01 -3.956473924616187854e-01 8.722622695077765498e-02 7.580345270131425561e-01 -7.725663155300334095e-01 -2.096379903606833683e-01 -8.079041696662977445e-01
-6.274264242245283230e-01 1.828991990747497187e-01 1.181682564513209313e-02 -6.587518080473811488e-02 3.367432610275162830e-01 -1.374344921964494870e-01 -6.832333700120285513e-01 4.642204518545866576e-01 -6.523988080481070151e-01 -6.027780797796381540e-01
1.175731460624798198e-02 -5.011787884340424687e-02 -1.637307417102865786e-02 2.515521402605607193e-01 -4.943099487064893105e-01 4.292308155318590446e-01 -2.095983144047874336e-01 -2.480907054703857320e-02 2.231734845071895734e-01 -1.168664369558452126e-01
1.709644462856561298e-01 -6.255162927656569005e-01 -8.097570868581164261e-01 -8.167195475942641558e-02 -3.101287445332124304e-01 -7.991111222767376399e-01 -6.674075053210924979e-01 -7.254347825390611293e-01 8.640653889448643987e-01 -5.172054494302176231e-01
3.692313539999087513e-01 4.745400292410036913e-01 -4.059361293868941206e-02 -2.686159647211869284e-01 4.391052811272631029e-01 -2.813796902135178857e-01 5.142744769776684821e-01 3.524467025593097658e-01 1.550071648406836367e-01 1.386552088800954430e-01
-3.191052348016693019e-01 2.880696433473831641e-01 -3.526758683604953176e-02 3.095350115404090635e-02 -6.908944861166919083e-01 -2.412087699042679001e-01 3.286656473759207442e-01 -6.540630454584276388e-01 3.866565834570664384e-01 1.142581877317255020e-03
-1.736988594997010693e-01 4.791314422663087158e-01 6.158146914973164909e-01 -6.949410675758678491e-02 -2.242113146745011165e-01 -5.419696727819519610e-01 -2.598532436446249205e-01 -4.146559743171921997e-01 5.222687913623357270e-01 3.633679097858428242e-01
-3.794098971534766163e-01 -5.432775086835001099e-01 8.691190890371227606e-01 6.492185083166006621e-01 5.114131651979358928e-01 -1.406741254202710789e-01 -6.770847031300833985e-01 -8.293280115859588686e-02 -5.793249993069828907e-01 -6.626047881561880626e-01
-6.632857069306136166e-02 -1.100033775639477768e-01 -6.928444994601815621e-01 3.340918056066611297e-01 -3.807626253253345028e-01 -5.831239808095540766e-01 7.992539082626410885e-01 -1.505807277888956408e-01 -1.322720067940622857e-01 3.524693086311472823e-01
-1.485884312936288087e-01 6.077820772360843504e-01 -4.888085628404479910e-01 -6.696209794609578880e-01 2.551606032813427127e-01 1.317316568029780477e-01 -4.273793829845737302e-02 2.510931421868198288e-01 3.149263448228023510e-01 2.502634631923653097e-01
3.106184647914739805e-01 6.367708611957295650e-01 -2.222351906321302917e-01 3.547379904626185576e-01 -6.204441636783343261e-01 -5.811445732659388241e-01 1.082926928993306059e-01 1.943579178043644828e-01 -1.157997407830931441e-01 -4.419933427332515818e-01
-3.382159653547562456e-02 3.150147711319314370e-01 3.520956262879792464e-01 3.137399270644982141e-01 5.179672260862340227e-01 -2.797323866259223135e-01 -3.707108377757385997e-01 -5.386421319216855297e-02 -5.647540517880637045e-01 -6.159641727685829377e-02
-3.533559089051120372e-01 5.912255467866438519e-01 2.735141874486581859e-01 4.302155339883312890e-01 4.043221101048712351e-01 -4.504723351812824905e-01 3.575895895937976632e-01 -2.655483655831125667e-01 7.194638342643944195e-01 -4.221826587119287821e-01
8.410342917924333583e-02 2.513251587947215593e-02 3.371956814625415993e-02 4.611979572828663401e-03 -3.662935191956430761e-03 -3.720527181833978379e-03 2.827753685734816710e-03 1.308972335107226603e-01 -7.951137026368052321e-03 6.560857322660007020e-03
1.783635078658828421e-01 -2.161271101531238650e-02 1.073229449356813588e-02 -2.141845203454432467e-01 -3.118431179407332166e-01 -5.443814747643824399e-03 -7.629777048505131942e-02 1.390791991210010847e-01 -1.280253872385607727e-01 -3.393886935583022568e-01
3.833801217407761253e-01 -5.496994120136312612e-01 -2.868475830204801347e-01 -7.037959867189752527e-01 -6.882467846377668397e-02 -6.979661110631300014e-01 -2.021226396200772601e-01 -6.332050796265036308e-01 -2.136671105122016009e-02 3.070253690837526084e-01
2.497599183309207743e-02 -1.062105712198440771e-01 5.023741964761807739e-03 -1.823529109447412366e-02 1.632283288308584157e-01 2.186598798230813406e-02 7.216299622244949641e-02 8.917654499460780926e-02 -3.044579742073871137e-02 8.716256944482039803e-02
1.176851516569786538e-01 2.526237094434988228e-01 -4.070073530725700633e-02 9.857321180926201243e-02 -4.735919341501076962e-02 1.869480793281646236e-01 -3.106247980989061408e-01 1.951045886065143065e-01 -4.129857077723868048e-04 7.245042931932182961e-02
-3.877124760578381513e-01 -4.161260652505385793e-02 5.806848745061005124e-01 -5.026156636381126641e-02 -2.540627322736356275e-01 7.139576872026166532e-01 -3.185940496461802107e-01 -5.216358755192389562e-01 -4.080044256726364504e-01 5.405827495630023405e-01
5.804258271992832618e-01 -7.645498562696631528e-02 -2.596824584195599472e-01 6.619295576607429066e-01 -2.619596172294576530e-01 2.606515806372656716e-02 -7.756691072422852162e-01 1.503403172962927414e-01 -5.355165047769806508e-01 7.419282522196878338e-01
2.556912743857661652e-01 1.781489185122644425e-01 6.499180348128539252e-03 1.192135844154854629e-01 -7.646002467361583121e-02 4.857100709554341977e-02 4.458376534516701739e-02 5.897904102107572738e-02 1.230614666786306044e-01 1.453812837556008597e-01
-5.196151594844924393e-01 -8.468327424185598806e-01 1.538914887432740741e-01 6.034720644100123321e-01 -2.750048041035759172e-01 5.897936680790445418e-01 -8.404962922982082141e-01 -6.937838771896896739e-02 -6.877633261618865124e-01 6.392743517257759578e-01
-1.706105827517747850e-02 3.109404452905907904e-02 5.874393093716679531e-02 -2.585779019566596809e-02 -3.500888061357113057e-02 -1.586590020230127865e-02 -9.706029052874939889e-02 5.716272873220742262e-02 -8.235293971576213012e-02 -6.747077985339773598e-02
2.017390762463708020e-01 -2.372710412333388919e-01 -4.396111361462229916e-01 -2.985676793565308906e-01 4.331572293462986889e-01 3.668789306115731175e-01 -2.064502513978924425e-01 -5.421552207594264594e-01 -5.206551475563168108e-01 4.964531976978691641e-01
2.840475767879598323e-01 -5.193660261762567121e-01 -2.142046555219482423e-02 -3.459990018504290887e-01 9.669486734035356856e-02 -2.993019020518167816e-01 -4.171466789589047264e-01 -6.630491779256168783e-02 1.063241398513139341e-02 1.819515737246074905e-01
-1.182770616503427269e-01 -2.992857594054646464e-01 -8.107021741735666309e-02 7.742992756090545658e-02 1.602802367988128140e-01 2.263149743677892178e-01 2.485020161240733549e-01 2.086464515825069699e-01 1.323144482095799379e-01 5.854779417932091251e-02
-8.565253585914618384e-01 4.481004554475006008e-01 8.862492839559535374e-02 7.385281123645860424e-01 -2.690104162006883293e-01 -3.179861647742820430e-01 -1.515841789420576680e-01 7.624662228376734019e-01 -5.122834555858442329e-02 1.403241026495561927e-01
-2.455806501941115716e-01 8.413405300188654679e-02 5.660644950528138653e-01 -4.034653236257452757e-01 1.997098938825642156e-01 8.074371169148412131e-01 1.953379720282070742e-01 -7.697797288897124252e-03 3.370929525429602891e-01 -4.151743579067859180e-01
5.125595457710843336e-03 1.464644161928039257e-01 -6.240797282200636481e-02 -1.578694880232148490e-01 1.850917918462673672e-01 -2.167932352612260971e-01 2.173154588084088429e-03 2.091495210981325625e-02 -1.196986986716539088e-02 -1.444934862565238343e-01
7.781925671925193910e-02 -2.144644816003759072e-02 1.604333592873898873e-01 -1.444900577810622269e-02 -3.981936570670395470e-02 -4.922630193021661216e-02 -2.673698925904982593e-02 3.037447540320203920e-02 -1.472521186702170359e-01 4.670965184053686020e-02
-2.860141808942071040e-01 7.673239552359883975e-01 9.164483218292365230e-01 -6.225842595942208124e-01 -1.041671885602126479e-01 -2.617469249082766125e-01 -3.140523151668120350e-01 -2.219383278759522737e-01 6.826002417948071610e-01 -4.091416646231613718e-01
-3.397993154628874968e-01 -4.367578253341726779e-01 -4.449909813491964572e-01 2.754046852712010995e-01 -2.322261523461229549e-01 7.256532474821771883e-01 -2.105803606324599120e-01 -5.145495582674708412e-01 7.557655596946348531e-02 4.403723037644350913e-01
-5.076033706995966011e-01 4.419774561449818506e-01 5.394470379578090169e-01 -3.209807300285286713e-01 -1.563360006932321689e-01 3.177183487256186600e-01 -3.198868264379789994e-01 2.313012498841854059e-01 -5.809662370955676058e-01 -7.124002247129717080e-01
-2.356504542419018688e-01 -4.539420163231108751e-01 -6.263611655396172928e-01 -3.944513354004519079e-01 3.805836595766385333e-01 -5.382388949961137703e-01 4.824463560514373472e-02 -3.184387576722413349e-01 -3.673206061083188478e-01 1.488497785754888669e-01
5.523670475015469983e-02 -4.610328213319832280e-02 -2.493132080667365691e-01 1.780962867464303823e-01 2.754590331224463298e-02 -9.456627055967455064e-02 6.742688983976560801e-02 -1.351342377793016136e-02 1.035328891488099118e-01 -2.381863417064863098e-01
-2.605885199928762996e-01 1.648094860475445844e-01 1.996294747886561971e-01 -1.490073941858239548e-01 -5.803773248029480136e-01 5.640656767310231468e-01 -1.291484287379841556e-01 4.407555323872481279e-01 -1.793336740098248894e-01 -5.510915090340920974e-01
8.604053495203196900e-02 4.265688137312699524e-02 8.204123823532588275e-03 1.066398612096579324e-01 1.202389350196648304e-01 3.294815524463216849e-02 3.441461845922621360e-02 -1.024180548738487517e-02 -2.530774420421354545e-02 1.794421114161906181e-02
-5.663819378337180410e-01 -2.823501480724914803e-01 -4.575257155915024021e-01 6.328994403440176830e-01 -4.813231467969924515e-01 6.958853740205095395e-01 -3.439514455022670836e-01 -4.622958422221644104e-01 4.829170304774600408e-01 5.611960839922383038e-01
-5.397639637148301528e-01 -7.965525206486898102e-02 3.622004548805429214e-01 -3.969162573605315193e-03 8.202432229386678042e-01 -2.675191062909196282e-01 -2.275864784047815226e-01 5.784566966432252988e-01 -2.557340259893663981e-01 4.230262328489804990e-01
-1.019221098760433042e-01 -5.562653800998151876e-02 6.119702165058764354e-02 3.530536533965080576e-02 -2.428524971101754526e-02 -2.742628934124280524e-03 5.519882231833488084e-02 -5.672505687114226189e-03 1.495576226260255867e-02 9.624680050881088966e-02
-1.095465271683419700e-01 2.412943845221917627e-01 -1.315914224748665658e-02 8.831416838180537743e-02 1.936038344791573551e-01 4.209614924766012095e-02 -1.790690448547441194e-01 -1.464127959442913796e-01 -5.838366797443730882e-02 -9.313649812836291564e-02
1.136334590125711620e-02 -7.914637091440755723e-02 1.083771974125392022e-02 -1.829436423175736792e-01 1.118112835591658777e-01 9.306803162438678778e-02 -8.836846984347804246e-02 -2.744324536852479901e-01 -2.867254443260807140e-01 -5.736481897216162418e-01
5.241619407741129333e-01 -1.213914894537195394e-01 -5.315769776606161789e-01 -5.672882784607737872e-01 1.281239832326680761e-01 8.766800454546792853e-02 -5.206160947139013562e-01 -6.673359832556290117e-02 -6.291273453531048832e-01 5.163858958666631693e-01
4.628894238684830298e-01 -6.372618120501862826e-01 3.789036096949759402e-01 5.758349149503975140e-01 6.316004195383365660e-01 -3.037465058405292018e-01 4.018698559889504196e-01 1.688687467014618193e-01 -1.214400831562469606e-02 4.827327366702336420e-01
4.268339510289901328e-01 -4.509851055429137667e-01 -3.972630568768092396e-01 1.710219951158870877e-01 -1.396759986067743209e-01 -4.173596146137905638e-01 5.114792366385049194e-01 4.286459623049932444e-01 -1.288236585274775414e-01 1.137808178132039827e-01
2.112592760553885507e-01 7.913080986566197739e-01 5.096006990496704248e-01 6.020542716800927341e-01 7.222008154530690227e-01 -8.034885924338706076e-01 1.674491560776310561e-01 7.940241224185049518e-01 3.090283592348052610e-01 -8.708207075320547608e-01
2.963466508505822605e-01 -1.226482267861485620e-01 5.532105214147202410e-02 1.385786593902115227e-01 -2.034033355434593793e-01 3.933262074173955458e-01 -4.036670170858502188e-02 2.326029512006349276e-01 1.449291697936654633e-01 3.416571454494580773e-01
4.352286955555897396e-01 -5.487768031733085694e-01 5.588328851430141020e-01 -3.532405479717790620e-01 -1.772581757697381244e-01 -1.572176573121137066e-01 5.529071299534279449e-01 -4.489466520772033009e-01 3.280189041003453432e-01 -2.350933715393219992e-01
6.766387347234890104e-01 -2.550036001543870556e-01 -7.074584532560286299e-01 8.932583712407800025e-01 8.626010642852723065e-02 9.341072077569158028e-01 6.929450204352914922e-01 -2.708447988666320971e-01 -9.290677505436950590e-02 7.890342439403916774e-01
-2.181314929232275046e-01 5.631335624995681410e-03 5.662568161828446939e-02 -5.288659605653996953e-01 -4.314611061726595365e-01 -2.342556692686198483e-01 2.239493897282618107e-01 -4.097473360563697597e-01 -2.996172728766300919e-01 1.460558513335663833e-01
5.741015124143798894e-03 3.511860343428708370e-02 8.755776432726567957e-03 6.731668315844160921e-02 -3.331152035659395126e-03 5.084495135666689675e-02 2.650284929529201586e-03 3.745582731697551238e-02 1.086114141814079059e-02 1.315962968760996110e-02
-1.247491331762808076e-01 -6.040795377967547175e-01 2.780210436180193811e-01 3.247523536132802119e-02 4.885011574523002165e-01 -4.553695931605634128e-01 2.440152593704898176e-01 -3.970259943412379755e-01 7.159650530669773305e-01 4.417304696001579933e-01
-4.827790900953919939e-01 6.683433564895082668e-01 -1.043195530123654652e-01 -1.643774232458065920e-01 4.581769017120367327e-01 5.147052621597029143e-01 2.669235418580868657e-01 4.610871782149583153e-01 -4.655359215441524645e-01 -3.976619104320381348e-01
-6.861495531064092102e-02 -4.266453810728173535e-01 5.930898873799363841e-02 -5.540275148080534701e-02 1.669173973505256869e-01 1.714165575433451716e-01 1.161637644100205480e-01 4.179349334883095679e-01 -2.855924804977352793e-01 3.343612236643989655e-01
-6.776958466435469841e-01 3.951428527080289022e-01 4.483858154440077404e-01 7.206241254477685487e-01 1.307896446378658539e-01 5.895340668863718880e-01 -1.914250902484772310e-01 -8.658968342222028713e-02 7.058481039612187757e-01 9.201750208909845186e-02
-1.492139597086773184e-01 6.246279871471036582e-01 -5.617374293677998009e-01 1.918257754836087958e-01 3.067995737102575116e-01 4.218305698039919172e-01 4.004492983960440955e-01 1.156793155908162757e-01 -4.276236471181599219e-02 -1.580560607632673920e-01
1.086144943813569658e-02 -8.453501880767773369e-03 1.287335022772282019e-02 4.448802298724102711e-02 6.861412127972565944e-02 3.646234512594486582e-02 1.267666426887507957e-03 6.632933323870497666e-02 2.426222242030803486e-02 3.934788886373313116e-02
-4.907419628428926206e-01 5.983330145210864481e-01 -4.899572513287087094e-01 -5.534367731131086335e-03 5.721704117821645452e-01 -7.475948239407812501e-01 -7.993004817069775392e-01 2.623865688400381924e-01 -3.388782987892194898e-01 -7.029666484353642719e-01
-2.169704054179528718e-01 -1.749233526414301909e-01 8.305852734994483011e-02 1.392753863689211724e-01 1.459471418377244201e-01 -4.220613814669569863e-01 1.132302429408674344e-01 5.763811243531778983e-01 2.109870482491883192e-01 -8.338687300593189411e-02
-5.441352670641972367e-01 1.975517570481124252e-01 -8.116899137130627606e-01 -3.336142474829662530e-01 -6.752757636952840814e-01 7.844407507954025138e-02 -8.327271336748389707e-01 -5.073459401555393544e-01 7.994065531082419351e-01 6.881697782881154302e-01
4.697111860497946156e-02 3.773985697111687659e-02 8.150567578365738863e-02 -7.804292358450745648e-02 2.104986528249518790e-02 -1.221391563986112122e-02 5.714668734898418166e-03 5.088351720732258235e-03 -2.548978577484416978e-03 5.609058190671331254e-03
7.649139396959263315e-02 -2.083560199721882500e-01 2.927481509981780250e-01 4.339021028572216387e-01 -4.842061430795259191e-01 1.819894712523757452e-01 2.299026650412834272e-01 3.665814943829030781e-02 -4.978884950571688117e-01 -5.602077460385445073e-01
2.607199466232801854e-01 -1.325095213129614258e-01 2.576424042127049563e-01 -3.427419622972623786e-02 -2.187932478467548292e-01 -2.588066301696054783e-01 2.266007609995017436e-01 -2.971791603865600040e-01 -1.406669868120982714e-01 3.300646614644022203e-01
6.966210640077176164e-01 -4.806672914905041338e-01 4.769239701133702325e-01 8.245825107334883164e-01 6.135168349423982814e-01 -3.284061142665960914e-02 5.270980778862587313e-01 6.937056276817360478e-01 5.924988195247198330e-01 1.054299753093556058e-01
9.378637349697781234e-02 1.160463650482340681e-01 4.676171137334173000e-01 -1.442741218919291191e-01 1.883029396960221313e-01 -1.976841974396852109e-01 8.901209509865301572e-02 2.664217380595828022e-01 -3.732406545817912313e-01 -3.570723466033948190e-01
-3.574426348895752836e-01 1.337930616519155402e-01 3.854326936895253186e-01 -5.819453627006687668e-01 5.707388329762503876e-01 -1.234613458696428995e-01 7.215220208863206697e-01 -5.611212645782520658e-01 7.492676480938911809e-02 -4.129753016442413299e-02
1.608700187377316015e-01 -2.237334928413369783e-01 -4.259518156191584581e-01 1.411350089250452966e-02 5.034027946946006971e-02 -9.894083629470020944e-04 3.907118341535930073e-01 4.028188628426893070e-01 -3.031832037192597196e-02 -5.196457058283078245e-01
3.057339878387965726e-01 -6.163045929339594498e-01 -4.753009669578299734e-01 3.021598616351930597e-02 1.555447605604374783e-01 2.927218981736038894e-01 -2.638886609215214674e-01 2.010988915839159452e-01 -2.691025325150269154e-01 -4.038190501951376965e-01
-3.737263666836219272e-02 3.731886166069087740e-01 3.210959203817124741e-01 1.844718628101136848e-01 -5.853516305120915614e-02 2.225819293129887855e-01 -3.253977564466962735e-01 1.857054885491890017e-01 -2.344359331387084347e-04 -4.203628482400466049e-01
2.508941104145822054e-01 -1.880518922821059480e-01 -1.575407744642250696e-01 4.526717333706365975e-01 3.880331894465492426e-01 4.654441153551372445e-01 6.942379238904986538e-01 -9.279668715453351369e-02 -2.944806020427331306e-01 3.396996577953569907e-01
-5.133506327504688826e-01 -2.182182220354703106e-01 -5.351455014838558261e-02 -1.182225115613805451e-02 2.635471142324902205e-01 -2.504998755740899252e-01 5.713069971170748294e-03 -1.836657605592706688e-01 -2.876633758231610383e-01 2.397493282592496056e-01
-1.824028236990720420e-01 -8.542973691012351045e-02 -2.777700821104353013e-01 2.860786044087237912e-01 1.908463857426794807e-01 3.392254985379078991e-01 -1.366656683343729917e-01 5.174173204640471896e-02 -2.462205329447620956e-03 -3.909847601090277180e-02
2.159805518811843406e-01 2.399279266064093530e-01 1.750124602473913660e-01 -2.165716769841524725e-01 -3.669038765665440516e-01 -2.444559514608472539e-01 2.288812967159019607e-01 -3.201352623495821170e-01 3.559217174913279491e-01 6.606226408734929001e-02
-3.578761638074408108e-05 5.339352974027637977e-01 -4.411222950206772353e-01 4.750969803979728234e-01 6.464151599296023010e-01 1.769970535450649807e-01 3.232918463331013736e-01 2.758150983222941721e-01 -4.689582046514050861e-01 -6.462340727197075640e-01
2.859946417814860919e-01 -3.769062506857216999e-01 -4.042999995202917196e-01 -2.358859314480979963e-01 4.779907516338531281e-01 -5.661183506164267631e-02 2.105537728827001562e-02 5.250051696275698232e-01 2.654453453856021050e-01 -2.485798407006019062e-01
-7.111209612067045938e-02 2.981192492596353993e-01 -2.515752085141932382e-01 1.813372904930082297e-01 -5.127168987632294561e-01 -1.678446942540514075e-01 3.094472031119682165e-01 -2.775913451699051904e-01 6.695532168203176537e-01 4.523702972480014295e-01
-2.493680455678114541e-02 9.937059951172287631e-02 2.292271327603304931e-01 2.117175676115122529e-01 7.790419437997549157e-02 3.754066304897079598e-01 1.732463597917178744e-01 -1.019065131571066651e-01 9.160212120924068890e-02 2.664541122989766975e-01
