6.286124299609870958e-01 -7.935138470758513751e-01 -1.146281574558459387e-01 -6.192016888605010871e-01 3.217038110576911358e-01 -4.556214945870781796e-01 3.521216587523657848e-01 5.921503025775145534e-01 8.047814898479309642e-01 7.073784649141920955e-01
1.492208409499464206e-01 1.205836993155436354e-01 -3.872618342955506665e-01 4.043766060248808469e-01 3.952496706593836562e-01 -1.074229586718198903e-01 -2.523190324836244169e-01 -4.309080396361600340e-01 5.160980101999361747e-01 -2.686195442844641623e-01
2.784234703557952884e-01 4.414622433327582973e-01 -2.013338051817338895e-02 6.558332783191738180e-01 -5.671429144289582558e-01 -2.936350169260908416e-01 5.546383488425569164e-01 2.521007461952364248e-01 6.816054572016736479e-01 -2.658603774809653597e-01
1.625681636049615408e-01 -1.827676755919087348e-01 -4.877681829104061478e-02 -5.114696314914120995e-02 -1.468481642579641810e-01 -1.477266986994911213e-01 1.963096263518061824e-01 -1.597707304236506975e-01 1.423454061919396108e-01 -8.503749439523587694e-02
-3.649099029770147985e-03 -1.648875785583370657e-03 6.995130483342272554e-02 -4.245473564803877754e-03 8.685420614253498706e-02 9.653651178520300177e-03 1.743469845988194003e-02 6.728786047582710483e-02 5.850995476030150522e-03 3.899475481730900472e-02
-4.455901151081200773e-01 -7.468756533803322384e-01 -4.071409198776984595e-02 -7.938387473184862486e-01 7.015885849695486787e-01 -6.938108268104027365e-01 5.530877281467571072e-01 7.119179536686325305e-01 6.743706255131788341e-01 2.297344896825863070e-01
-5.549774246350350215e-03 1.727124854760187789e-01 5.804141813934873828e-02 2.585516107728956341e-03 -1.134408238538436690e-02 1.094413667690028596e-02 3.750830943198158601e-02 1.039137000862292229e-02 5.491464402315742593e-02 5.218793054171556346e-03
-5.348396583384684710e-01 6.801585995237586779e-01 8.187891429612956240e-02 6.853090637058001366e-01 2.256405812187949333e-01 -3.245148894267305684e-01 -3.837993258233861615e-01 3.201562552446387544e-01 -6.046269058841571287e-01 5.596867635778692840e-01
-7.003657037780589012e-02 5.909463133194780005e-01 5.496224872543971074e-01 -5.608769635154784439e-01 -2.789792562503782825e-01 3.698064596675042504e-01 -4.173492052865306889e-01 7.205843910095807159e-01 5.173756406527513230e-01 -1.902374384265407836e-01
6.340687231978779301e-03 -1.574173019510792613e-03 -6.182273139708490718e-03 2.810019838647241294e-02 8.647848744923064546e-02 4.221768851560637331e-02 1.062222309989697099e-02 3.930819480261268234e-02 3.137141815642589121e-02 1.557028563874490734e-02
-1.375055947681272893e-02 9.584081454369031139e-02 6.350254499305602041e-02 -7.066227328285845655e-02 2.183105004977396735e-01 9.958325784794698488e-03 -2.709574218787534280e-02 -5.005218924440502093e-03 2.848524038861875024e-02 4.893475133661898124e-02
3.422716284007590315e-01 -3.188834298563490433e-01 5.950626881383310751e-01 1.864095835904595044e-01 -3.493854964092411169e-02 -2.090186297079757172e-01 5.402758481252346590e-01 5.067759240566008794e-01 -4.532722665731057643e-01 4.087084817374840306e-01
-4.219729380407403196e-01 -4.394350795811242244e-02 4.414341173559755971e-01 5.800940639520775211e-01 4.667118335871745516e-01 -4.585241278134062903e-01 2.075497723657603044e-01 -1.355632729555570348e-01 3.159617570234419803e-01 -1.277313136219451473e-01
4.148126701052329279e-01 2.012235637084322515e-01 -4.657155172563326451e-01 6.361197049183898722e-01 1.753436844754285850e-01 5.433611307212444369e-02 7.430066603083169685e-01 -1.599822385480478559e-01 4.121169192144643056e-01 2.873487783041788202e-01
3.104661804994781615e-01 -5.496315983666372196e-01 3.604432588337039833e-01 -2.361340233315282477e-01 2.911126694196373710e-01 -1.803135854038394603e-01 -4.544314063369437329e-01 -1.668682842505439801e-01 -2.010683542779700128e-01 -6.826517297434149256e-01
-4.578237234535030044e-03 1.208719098462177413e-02 5.123269201727318617e-02 1.547940392903214037e-02 6.745268475305618225e-03 4.466952371628984259e-02 4.738060586643464377e-03 2.818618419562264762e-04 2.543529572492668478e-02 3.261993779390385401e-02
-4.059574490395361224e-01 9.853703733849332458e-02 -5.428594551278500546e-01 -4.655509957164756241e-01 -1.395818251235633918e-02 1.973617329759586869e-01 -4.066654189523171564e-02 3.594357875405780889e-01 9.803639808582630122e-02 2.455741431338004099e-01
8.297675427578430352e-01 -5.337673169240799709e-01 -7.693721245866516067e-01 4.700893159885553008e-01 5.959789629772240804e-01 3.149311820030386011e-01 1.115673419686846746e-01 6.657052429300635010e-01 8.042207784252281000e-01 -4.411909633159266653e-01
1.404297565968803604e-03 4.166521191880052238e-02 -5.886757594451468290e-01 -4.766361813596940999e-01 -5.778231361252239573e-01 2.850798209426953500e-01 -3.637646753894751006e-01 6.701573033856832451e-01 6.701850126494515725e-02 1.281689183994903954e-02
-4.488794136198370061e-02 2.391656357130506061e-01 -1.345708412538309251e-01 6.395954862013927822e-02 1.935635618068864694e-01 -8.803475769333758694e-02 -1.984409234342343620e-01 1.344459452487802575e-01 1.439745074670123748e-01 4.708320138596897714e-02
-1.834151596400507549e-03 -5.330441042301994198e-02 -2.355304310551200042e-01 3.633389607898187545e-01 -4.069966150001785299e-01 -2.559201528611210891e-02 1.777514146500992487e-01 1.939610101639174244e-01 -3.055847951769901094e-01 1.751073620600163971e-01
2.756877986035088379e-01 -9.223051058609241237e-02 -2.255276356137814742e-01 4.016664334456481189e-01 2.648505869565654924e-01 1.641082232763970417e-01 2.087891681327058990e-01 -8.921204794491838230e-02 -1.254148358810468489e-01 -2.127421812472412299e-01
5.815224247521447176e-02 4.166565622323148976e-01 -2.022345275829361966e-01 1.713289983592735100e-01 2.539864504190914585e-01 1.301039113394774627e-01 1.017104878443175348e-01 -5.332917097154063479e-02 2.441347298141993694e-01 -7.003439552996794382e-02
5.222841269915619034e-01 1.115519921347482429e-01 8.166465165143558247e-01 -8.842802628045831614e-01 -3.956430527317592594e-01 8.721666813922357431e-02 7.580185375949021198e-01 -7.725567147295612225e-01 -2.095506816684689078e-01 -8.076141328853008172e-01
-6.268363655588543581e-01 1.826726208180075584e-01 1.285305770274594757e-02 -6.591445968036552250e-02 3.363166982575609976e-01 -1.341715862365791823e-01 -6.822273993144112314e-01 4.617591601769917564e-01 -6.515646212583547925e-01 -5.980515593872123281e-01
1.107290941412232034e-02 -3.409873299028540194e-02 -1.618058506368190083e-02 2.453426252431706589e-01 -4.857630307198915753e-01 4.172216202127452811e-01 -2.048231605071950678e-01 -2.446177379689303683e-02 2.177952080495340614e-01 -1.161020433883255543e-01
1.708395665984243084e-01 -6.254825221241989697e-01 -8.086828998206659902e-01 -8.176948974426606620e-02 -3.101062160318673877e-01 -7.991541082252228145e-01 -6.672654681034891899e-01 -7.253781701606375476e-01 8.637873709057609650e-01 -5.173275962361386648e-01
3.680806988755374043e-01 4.728825910275606947e-01 -4.056490182790978283e-02 -2.681731934803111006e-01 4.398835328276579637e-01 -2.764068642099081763e-01 5.127162918799385016e-01 3.513049909258973980e-01 1.544222219665818130e-01 1.384698159206834145e-01
-3.188647982681847015e-01 2.905313678406629685e-01 -3.572062646431597988e-02 3.138798131022962207e-02 -6.897197091924768264e-01 -2.377274527271883153e-01 3.305002886461653744e-01 -6.523693191122280632e-01 3.853097543217143262e-01 5.402737696712276534e-04
-1.717725621477940445e-01 4.752611306232010224e-01 6.127626518305847592e-01 -7.129704522248368759e-02 -2.139257559535341635e-01 -5.386982045537906938e-01 -2.583818141570689009e-01 -4.080943191948164239e-01 5.183562852094983908e-01 3.583085959867733927e-01
-3.799004276967233307e-01 -5.403087252073067726e-01 8.693624388266056879e-01 6.499864052807303727e-01 5.101432280719043755e-01 -1.409205971407472835e-01 -6.758175452954553464e-01 -8.338256472696044252e-02 -5.776291529555847015e-01 -6.629696430948015529e-01
-6.657477505061532019e-02 -1.097453887016655583e-01 -6.912592350902181382e-01 3.337821806257980639e-01 -3.806869317276181386e-01 -5.788365000132534854e-01 7.971317469135983380e-01 -1.520584692769270663e-01 -1.319573489172613523e-01 3.548401795609398279e-01
-1.488539886725242511e-01 6.065461518231002325e-01 -4.887082047770027748e-01 -6.683612492767315727e-01 2.550464034624642107e-01 1.321472394975805043e-01 -4.309881366496878807e-02 2.548827944963555914e-01 3.152464343808107361e-01 2.483768091255558474e-01
3.092885148919038985e-01 6.339453813032157603e-01 -2.221370865844084219e-01 3.528542054294303565e-01 -6.121640654450803964e-01 -5.783248417259572172e-01 1.085913608031095628e-01 1.926001336937614994e-01 -1.167351371267617566e-01 -4.404203575052154651e-01
-3.420627177700748256e-02 3.173939795198066904e-01 3.511899170676697213e-01 3.132735298362111509e-01 5.175194025146395704e-01 -2.785418829067018986e-01 -3.701732942335586585e-01 -5.309262057788939615e-02 -5.641881953314584752e-01 -6.183742416509585560e-02
-3.528768556498106390e-01 5.891954933682235218e-01 2.752235941404602149e-01 4.288219110998098271e-01 4.009455599524765490e-01 -4.513839210373736810e-01 3.561081431683423837e-01 -2.610760637853962174e-01 7.172285808603678925e-01 -4.216301179775638341e-01
1.003813075064222127e-01 3.160187543717903752e-02 3.564425771358546713e-02 4.644553295460475580e-03 -8.049547733976062866e-03 -6.010485231869065921e-03 3.390071635466982997e-03 1.652471616316197045e-01 -7.611757649326223243e-03 6.247321132242663992e-03
1.456181756507874125e-01 -2.990112594015983602e-02 -4.021587452363071559e-03 -1.763712243322195228e-01 -2.422105988805270393e-01 -1.144394535938587573e-02 -5.713460168448395576e-02 9.921096464232170842e-02 -1.179349496512841211e-01 -2.911993190604003079e-01
3.828297318355264878e-01 -5.490283636751220886e-01 -2.856901865008682484e-01 -7.031137631190610415e-01 -6.882988448900224931e-02 -6.948318976793403934e-01 -2.032378507343220175e-01 -6.339161276667227840e-01 -2.116963843435088963e-02 3.118890118382720567e-01
2.666207009268412725e-02 -8.453939427972047282e-02 -6.315772991944742371e-04 -5.808453413563162762e-03 1.678332446250078436e-01 4.808217282275057541e-03 7.243750115769864717e-02 6.525170806133412382e-02 -2.193895211231915165e-02 7.522900555721963312e-02
1.127736980723400284e-01 2.504324755846230044e-01 -3.584211690157934616e-02 1.116961692594337918e-01 -4.267723613530881310e-02 1.682858623653870067e-01 -2.850507629523933995e-01 1.832246213152621817e-01 -3.068838473447921007e-03 7.186559178735631159e-02
-3.834023122525769822e-01 -4.039642271540989232e-02 5.795774091886783941e-01 -5.070640838031672398e-02 -2.531278682145386982e-01 7.115812101208934815e-01 -3.186438648619659419e-01 -5.177766675666871654e-01 -4.079697760865813039e-01 5.432880829570918557e-01
5.803853213727565574e-01 -7.590463016880760749e-02 -2.596679493491541035e-01 6.618739221843443765e-01 -2.619518986710873687e-01 2.617347814288097790e-02 -7.756248552252857920e-01 1.503489322621243685e-01 -5.355053201067599966e-01 7.418839868471561738e-01
2.485889376629553671e-01 1.701462044637410687e-01 9.030050764396247223e-03 1.151310641233088544e-01 -7.253815611789453388e-02 6.891337670571522078e-02 4.422949557278970517e-02 5.297883383720052020e-02 1.167007724296289517e-01 1.394337029561556474e-01
-5.197745183870684516e-01 -8.463475373822290093e-01 1.548281875989315215e-01 6.035681363490825735e-01 -2.752523263746068372e-01 5.896937008774867373e-01 -8.403573650981792653e-01 -6.960194615989995226e-02 -6.876847507691716821e-01 6.391916812011299021e-01
-1.476045667931556249e-03 1.339363098572186189e-02 3.424664195505389142e-02 -2.362730768663755601e-02 1.626500263061324281e-02 2.998904015568073372e-02 -5.462255685602143002e-02 4.291903605287438611e-02 -6.015961430713743369e-02 -4.061085054113584142e-02
2.002238139260358318e-01 -2.355480341987710446e-01 -4.379613185710946599e-01 -2.985732742770172421e-01 4.337435672223338701e-01 3.655272015934039054e-01 -2.073763628464050379e-01 -5.344021811301353786e-01 -5.176443831760199066e-01 4.921885388998264443e-01
2.793593839426206649e-01 -5.106203208428926610e-01 -2.082574363188461480e-02 -3.400328259897323901e-01 9.734107089732889351e-02 -2.936237898365862686e-01 -3.999835728960067782e-01 -6.384819669598322533e-02 9.718956826283603120e-03 1.787219783372658855e-01
-1.124575253376389611e-01 -2.885082565207380267e-01 -7.787903968539013067e-02 7.058502089878751495e-02 1.697681490363622259e-01 2.171114541710264523e-01 2.381722867274414512e-01 1.974080696040317606e-01 1.240421312421969569e-01 7.465880835484409173e-02
-8.560660417354207796e-01 4.487043609473270744e-01 8.848418619782225103e-02 7.395679154135477162e-01 -2.688883180215038138e-01 -3.178968681705086063e-01 -1.515131448679112591e-01 7.620595847968862913e-01 -5.125027590854791537e-02 1.401832864342257012e-01
-2.427330433109629315e-01 8.396023567957615341e-02 5.652792879519104030e-01 -4.028948112263960324e-01 1.993282964745939356e-01 8.064023394915849074e-01 1.951106468493520874e-01 -7.682681539097209814e-03 3.366446773481203691e-01 -4.147129967806907347e-01
-6.623321655007627720e-03 1.288110882551813663e-01 -5.307194504061799739e-02 -1.209924212833159846e-01 1.501383615340376732e-01 -1.683050579097767618e-01 4.535352890655011682e-02 2.595894662795539959e-02 -3.351550461363628306e-03 -1.269174729465463169e-01
7.117149068495666475e-02 1.438741216141013616e-03 1.775358862537545213e-01 -1.890680259937342969e-02 -3.189420337168908520e-02 -4.483782456581829334e-02 -9.141387927083483717e-03 2.709923662966473232e-02 -1.255298352135658102e-01 3.204125260300780959e-02
-2.856742110406258472e-01 7.654420192983303339e-01 9.158062587465283233e-01 -6.204337327938341806e-01 -1.041831443393144430e-01 -2.535588817838757003e-01 -3.168189684334194456e-01 -2.251325825870352237e-01 6.811058012896263891e-01 -4.006340689265751043e-01
-3.387425422299853994e-01 -4.367382459917709125e-01 -4.448674129535633570e-01 2.745495411883550618e-01 -2.324659077168505228e-01 7.265506344752603596e-01 -2.090708127060142141e-01 -5.144671156750358909e-01 7.516989050649178217e-02 4.389779375225707492e-01
-5.075809917705543794e-01 4.419470192026314637e-01 5.393981999977548458e-01 -3.210006888812346748e-01 -1.559519206303856542e-01 3.177948863205863339e-01 -3.198792082122167701e-01 2.312211378989922628e-01 -5.809719700637332451e-01 -7.120166928306105314e-01
-2.345915624579812120e-01 -4.527239358528413193e-01 -6.244783327446412624e-01 -3.888670385209105906e-01 3.795187449965314874e-01 -5.363416950113014670e-01 4.774319140275064266e-02 -3.169507176211573407e-01 -3.664236774528734086e-01 1.470161086789232019e-01
7.787129611675171204e-02 -4.181018160865221378e-02 -2.408607651832781749e-01 1.700866470957331511e-01 2.743905977227286547e-02 -9.293631378374422880e-02 6.539083210553375825e-02 2.393025352125704368e-04 9.714071572367589946e-02 -2.227847858533800740e-01
-2.589125698766651662e-01 1.638002165818784051e-01 1.965030785645294487e-01 -1.462867725087734216e-01 -5.756310330818747989e-01 5.643410014564775867e-01 -1.272514210331904261e-01 4.394500598804289559e-01 -1.769778930511401449e-01 -5.500399500564189248e-01
7.534486230353484859e-02 3.514665003987602065e-02 1.498321321330215068e-02 7.432875604242211720e-02 1.024331187588300857e-01 -5.949244688790235368e-05 1.938273301434728299e-02 1.166643650334103430e-02 -9.777800871706401192e-03 9.124144638689282716e-03
-5.660894777361621388e-01 -2.821810378075551573e-01 -4.568190881345804977e-01 6.321790349649407670e-01 -4.831287458353106801e-01 6.933435030936440091e-01 -3.441961378571110619e-01 -4.591670299448437076e-01 4.824491437956565654e-01 5.608446792835982686e-01
-5.398325243691730613e-01 -7.968166476300969636e-02 3.621601562271449803e-01 -3.996783181883054904e-03 8.202263442428506801e-01 -2.675131458681485053e-01 -2.276269423195263208e-01 5.787433628473197533e-01 -2.556915955670506224e-01 4.228852787756424148e-01
-6.886692428618428063e-02 -3.977816239694827172e-02 4.638443452911079207e-02 5.021579281012143736e-02 -2.862983023748249395e-03 2.831073145447232306e-02 3.753442890331992743e-02 -1.032161864656181913e-02 8.167074075958272519e-03 1.091959560270998608e-01
-1.024188494759172008e-01 2.413939391299808335e-01 -1.710732422443114048e-02 7.852571506481297037e-02 1.772447191687465395e-01 4.395122753041900282e-02 -1.595171612430969499e-01 -1.411579299709334878e-01 -5.228716204423831254e-02 -8.248626507591134971e-02
1.009575170536109769e-02 -7.369256929654617594e-02 1.449044897500296331e-02 -1.747944106230014394e-01 9.828237155796305802e-02 7.828210740687198410e-02 -8.612087432685874844e-02 -2.528762627445682587e-01 -2.789368434352252346e-01 -5.529744869269461738e-01
5.207375113130318089e-01 -1.119628750018318436e-01 -5.287488717742819810e-01 -5.631821249622229741e-01 1.250337143995461642e-01 8.693128340532801923e-02 -5.160769498451273085e-01 -6.752660587099043599e-02 -6.235019649866943015e-01 5.131187421127828552e-01
4.615515282110528861e-01 -6.365586046889951666e-01 3.783646390057188169e-01 5.747765671035238721e-01 6.296839925597741416e-01 -3.049833746829858083e-01 4.011035464008153029e-01 1.711165073215506760e-01 -1.252750908885633813e-02 4.827580039080532903e-01
4.220910422816533392e-01 -4.480009626197455352e-01 -3.858296454256705532e-01 1.679567178381463632e-01 -1.394080257150273894e-01 -4.145831535825459380e-01 5.059294750734462109e-01 4.245396109057585909e-01 -1.279929188429230758e-01 1.125104471292324576e-01
2.122790517919987408e-01 7.907256267071285372e-01 5.093912826048445641e-01 6.024047245625525626e-01 7.223532337606817233e-01 -8.030250298514653995e-01 1.672864430457787488e-01 7.930865358720263769e-01 3.089898788651623263e-01 -8.703869854687320551e-01
2.827713455827311484e-01 -1.171096042731856884e-01 5.361735379851041705e-02 1.356977422452174953e-01 -2.054647575553693317e-01 3.717665641196995496e-01 -3.475373919748837859e-02 2.350373221459448603e-01 1.434231743747886312e-01 3.476027487199843669e-01
4.329396327496723429e-01 -5.426642616757946236e-01 5.570342295408973188e-01 -3.536545998552152459e-01 -1.760738409987174791e-01 -1.589325730327384723e-01 5.542083616938338064e-01 -4.469050773292185252e-01 3.271599235983061460e-01 -2.335872874392379284e-01
6.766387347234890104e-01 -2.550036001543870556e-01 -7.074584532560286299e-01 8.932583712407800025e-01 8.626010642852723065e-02 9.341072077569158028e-01 6.929450204352914922e-01 -2.708447988666320971e-01 -9.290677505436950590e-02 7.890342439403916774e-01
-2.178307238275159763e-01 6.448840730151294415e-03 5.962398592540450737e-02 -5.244231480849721461e-01 -4.295784344459029902e-01 -2.349822420248894317e-01 2.201862968865155312e-01 -4.087820800530652110e-01 -2.975971872502540805e-01 1.439681489890691779e-01
4.590820831377115385e-03 3.547559331818327805e-02 5.651551736982627153e-03 8.192887920187753859e-02 -1.843411526941710846e-03 5.959877139273400681e-02 6.185341130617772257e-03 4.687223542976948903e-02 1.062104005866824040e-02 1.497119130766900140e-02
-1.260534364966477139e-01 -6.036532465056574370e-01 2.769523362521560395e-01 3.298925269192899690e-02 4.901505045897017188e-01 -4.554909983832867715e-01 2.460532570545196918e-01 -3.977791672828488445e-01 7.151586661333285688e-01 4.421833250378861546e-01
-4.828828588055641413e-01 6.717239436323733104e-01 -1.040192671045368500e-01 -1.635419272148881109e-01 4.565780334637388194e-01 5.141362911379846468e-01 2.680519961649903693e-01 4.601596218166516539e-01 -4.639641519129310554e-01 -3.978118907038453722e-01
-6.652695183309488558e-02 -4.195128115414296088e-01 5.670118305081239124e-02 -5.692757269942357728e-02 1.593338292879132867e-01 1.732925801636409080e-01 1.141615866311247729e-01 4.125134020993552197e-01 -2.775393629662643025e-01 3.286338198123196497e-01
-6.774483517863900683e-01 3.952649201704715454e-01 4.481711549137735728e-01 7.201031736508711756e-01 1.306801011647134858e-01 5.891286421869561529e-01 -1.913541572291368176e-01 -8.536719333995064496e-02 7.055075498880831741e-01 9.195965479592338454e-02
-1.490748390017431202e-01 6.240205455652266808e-01 -5.614919205004605951e-01 1.915552690953986337e-01 3.063814631381023279e-01 4.244959762902901779e-01 4.000736314146157158e-01 1.155241578399137797e-01 -4.285270221021948017e-02 -1.581116142969148930e-01
1.305953812287940531e-02 -6.372198778543889872e-03 2.278037372864252438e-02 5.182202411832212419e-02 6.199340477337520611e-02 3.129426520147386009e-02 6.002541941367765983e-03 7.874040391494936675e-02 3.736563056723841286e-02 4.374095790255695670e-02
-4.907659938834090796e-01 5.989320533931093982e-01 -4.900686050825585061e-01 -5.588548303768544646e-03 5.722870127060192269e-01 -7.475722401917186399e-01 -7.993152971415806718e-01 2.622604715201795611e-01 -3.389237408348032554e-01 -7.029576858718775689e-01
-2.134946783961167160e-01 -1.633421203690670620e-01 8.102119599759406710e-02 1.388589319309204151e-01 1.426268726342287962e-01 -4.158993139469736589e-01 1.113980429031342367e-01 5.743275870897897040e-01 2.070125785837409471e-01 -8.269316671809848196e-02
-5.440521339514120536e-01 1.970980315773746550e-01 -8.106146615990673654e-01 -3.333604926089029363e-01 -6.752883570740098040e-01 7.860523083999816640e-02 -8.325609193881641223e-01 -5.071987232035253257e-01 7.998741443555487107e-01 6.875390582514806503e-01
4.613678295277135605e-02 3.261979644751878543e-02 7.500491949200924213e-02 -5.432074962519773537e-02 1.607951133194087528e-02 9.961932738432712278e-03 2.611994606447244280e-02 2.201939605594389546e-02 -5.914686142403959013e-03 1.138298982043261902e-02
7.550769159204456793e-02 -2.063419640622428664e-01 2.921344769009464049e-01 4.348580176092813887e-01 -4.837518996391699244e-01 1.843246217900655626e-01 2.268743456186119445e-01 3.687918203180538118e-02 -4.959408046383562696e-01 -5.567517082421941099e-01
2.261063014293739903e-01 -1.228027439740835697e-01 2.292191420970700055e-01 -2.816994659272492943e-02 -2.033915140228961804e-01 -2.309937889875716133e-01 2.246735369845473673e-01 -2.602448771653066428e-01 -1.210314717869512835e-01 2.990139390655537910e-01
6.965965335358076382e-01 -4.802582033027744113e-01 4.768403212462410390e-01 8.245723409449364771e-01 6.134566485798103042e-01 -3.285202713032756017e-02 5.271057039159470214e-01 6.937001486437179842e-01 5.925079346178511175e-01 1.054223458750971065e-01
9.561438404135293168e-02 1.155319639255398684e-01 4.710350425923453543e-01 -1.435356800176452174e-01 1.869341374409233814e-01 -1.970249382765552615e-01 8.851186383753800735e-02 2.654556365444551980e-01 -3.723830906038586575e-01 -3.561102525124130724e-01
-3.569057894987649471e-01 1.337389285088592672e-01 3.852278943462026373e-01 -5.816397869162567291e-01 5.703940165015842778e-01 -1.215585062514974446e-01 7.211260930255986024e-01 -5.608216664917797800e-01 7.488757818920918630e-02 -4.131887454162122553e-02
1.577665873340784730e-01 -2.181946103091995937e-01 -4.163850539228040604e-01 1.516882906903781712e-02 5.155839867991009878e-02 1.886000131922136239e-02 3.795871612691252839e-01 3.870759571447354719e-01 -2.947439078393478823e-02 -4.941451807844248201e-01
3.047517798749693196e-01 -6.144974394254415495e-01 -4.710229066936539311e-01 3.027881491530798677e-02 1.544838249501015448e-01 2.918309519565265298e-01 -2.634499230909069789e-01 2.001641945357019725e-01 -2.652725339941587324e-01 -4.029941804217943568e-01
-3.683994441600229458e-02 3.752772267727768618e-01 3.183208472156442981e-01 1.821741630631301123e-01 -5.423870830290273420e-02 2.232468857649328453e-01 -3.233543100666091963e-01 1.841315523170629354e-01 -4.884122662430775237e-04 -4.161770834291460552e-01
2.503634810224715235e-01 -1.877203662556366781e-01 -1.565567765645112797e-01 4.522048351738451877e-01 3.872142339310114534e-01 4.670446804988354073e-01 6.920221522256048141e-01 -9.384137778116860562e-02 -2.915227517796171175e-01 3.413851451591964903e-01
-5.110752404091636336e-01 -2.157627798147443154e-01 -5.464430002360586014e-02 -7.612673728042511183e-03 2.653944684017093825e-01 -2.399047251053839369e-01 6.352926735479090016e-03 -1.847742596560831563e-01 -2.858004479148571475e-01 2.401536924007467433e-01
-1.698261222434968298e-01 -6.976882245608638511e-02 -2.504248508933792361e-01 2.426816390701899973e-01 1.758614143841332744e-01 3.005398220346831573e-01 -1.031772009221233743e-01 6.244536059062313210e-02 -1.202343013540600313e-03 -4.344000771680793516e-02
2.126134038280616534e-01 2.407045868741116978e-01 1.726289520513122344e-01 -2.151428142074198746e-01 -3.652546796726291456e-01 -2.426745163543417849e-01 2.331673756044386203e-01 -3.136482725157144769e-01 3.515533195387772758e-01 6.492867765452856044e-02
-1.952839071845722889e-05 5.346349875767140158e-01 -4.410954735496332990e-01 4.750020264465601438e-01 6.462296132041465135e-01 1.769200103456320949e-01 3.234247492100485455e-01 2.757691299440720445e-01 -4.689052479997515843e-01 -6.461666813542635834e-01
2.821924091880195773e-01 -3.716101335697690189e-01 -3.943912046715589703e-01 -2.328365508971003139e-01 4.713780148327189057e-01 -4.837032776102766912e-02 2.092453464078517650e-02 5.179199329094276161e-01 2.620926614106534047e-01 -2.444121306033631424e-01
-6.767621774506440979e-02 2.969447969301632906e-01 -2.510312815290034472e-01 1.816023755884258184e-01 -5.121854352087057416e-01 -1.678434792537418785e-01 3.092836504700119948e-01 -2.787337419618486356e-01 6.676364735696057595e-01 4.503869464259721012e-01
-1.954152749705219058e-02 9.519215273963277379e-02 2.191020787807977099e-01 2.099471939486481364e-01 8.535036139884849549e-02 3.646954626225928364e-01 1.721183248037794489e-01 -1.084661080002990996e-01 8.959287803879223411e-02 2.621363749513204167e-01
