6.283991892583795646e-01 -7.928321056065876782e-01 -1.144906234217907409e-01 -6.189556547624590621e-01 3.215102170988350383e-01 -4.556560842787864551e-01 3.523946047023168715e-01 5.920630183057647988e-01 8.050178620920240835e-01 7.072165071287814797e-01
1.491246518367888019e-01 1.206324349926632955e-01 -3.866381836509716896e-01 4.044465640828113773e-01 3.951349558146642904e-01 -1.073246233401069921e-01 -2.523853124694460659e-01 -4.305180432312318284e-01 5.160175705385473544e-01 -2.687468677958597119e-01
2.782867562867706868e-01 4.414218528469092684e-01 -2.001506842156159857e-02 6.556328371290817136e-01 -5.669733424255088972e-01 -2.936805054403557880e-01 5.543820638521208544e-01 2.524620899638713722e-01 6.818101414615047595e-01 -2.658754727681557628e-01
1.680387634078795434e-01 -1.701845115919936036e-01 -4.000051302135211595e-02 -4.240213357069941985e-02 -1.379111919937673070e-01 -1.275744334630780352e-01 1.799693744233073767e-01 -1.445513078727740097e-01 1.309809441898847071e-01 -7.830276377220730943e-02
-4.203400923745955961e-03 -2.771418918235747306e-03 8.023747444192644296e-02 -7.130027698948578421e-03 7.893219132431672502e-02 1.898837999639891444e-02 1.307647512791101745e-02 6.654126917851919953e-02 6.800675108864711466e-03 4.085707849257431967e-02
-4.455953412357060994e-01 -7.467995095219941426e-01 -4.071588967896189876e-02 -7.938694609725850393e-01 7.015607230122147264e-01 -6.938427598080826320e-01 5.530765500300189874e-01 7.119846474196662722e-01 6.743509313830977625e-01 2.297241826965225886e-01
-4.744944644811011081e-03 1.713472198754760201e-01 6.951373153970909213e-02 8.386368465400537500e-03 -1.379392783979129129e-02 1.000309139562596990e-02 3.621834448100074572e-02 1.271030795666935193e-02 6.590572820652704222e-02 5.697088230750708797e-03
-5.348180987337025627e-01 6.801075383695053267e-01 8.231320858297845600e-02 6.852445839910088488e-01 2.255892505925817526e-01 -3.245037571595982273e-01 -3.837786441547067495e-01 3.201247563429358012e-01 -6.045926369104256404e-01 5.596431868710677326e-01
-6.963773145956872468e-02 5.907456922317838588e-01 5.499039501512404948e-01 -5.613412832421750265e-01 -2.794312098468432759e-01 3.687222457077419246e-01 -4.159503428723459462e-01 7.203981804992505289e-01 5.174170855916667700e-01 -1.897749531996545946e-01
1.034469205922428948e-02 -5.057865703873566134e-03 -7.252090256294979262e-03 1.930977303349641280e-02 9.442214335684408211e-02 4.842649464409236326e-02 1.697233049411722358e-02 4.742418102326723117e-02 2.489825385389984533e-02 1.417884238823995807e-02
-1.191372085398350981e-02 1.022427544294183116e-01 5.780119226039599767e-02 -5.964761112412674676e-02 2.102301626126591161e-01 1.591327347944046858e-02 -2.661000477325164981e-02 3.385043557939569560e-04 2.843326107911491041e-02 4.790140875683608634e-02
3.422663687937867460e-01 -3.188785296502792965e-01 5.953112861450220450e-01 1.864067190785800576e-01 -3.493801274851456723e-02 -2.090154177682444214e-01 5.402675458343580983e-01 5.067681365511160774e-01 -4.532653012456412944e-01 4.087022012111365399e-01
-4.216329257285234000e-01 -4.409875436889253847e-02 4.409272428414615641e-01 5.794807762576559274e-01 4.671518430126644361e-01 -4.568564012339659808e-01 2.075490180913049376e-01 -1.356674947228177774e-01 3.157969485661346609e-01 -1.274761941683240640e-01
4.146794858829474517e-01 2.017378946676230134e-01 -4.654688057550778191e-01 6.353773893024771136e-01 1.749529724871791148e-01 5.367587023282794495e-02 7.435441933576302231e-01 -1.598197976949445043e-01 4.121658599721780836e-01 2.879287321599937610e-01
3.104448388698830552e-01 -5.498512695468670275e-01 3.618749907851968595e-01 -2.360455720857965178e-01 2.915563636157237903e-01 -1.801210268274530402e-01 -4.542555272219925833e-01 -1.669305104159979625e-01 -2.012340218554364013e-01 -6.820961063006417691e-01
9.544725575819206767e-04 1.906435289418408757e-02 4.690104286638056147e-02 1.519743438922577239e-02 6.179897929427081472e-03 5.554383995946034214e-02 3.495848654326451279e-03 6.012809063008583114e-05 2.580913219968739361e-02 4.071735593490152100e-02
-3.957833288430111507e-01 9.667317454989790559e-02 -5.335947130990190690e-01 -4.563464236232165350e-01 -1.416345378690516202e-02 1.928052665648029296e-01 -4.258962439900912389e-02 3.552783846881391594e-01 9.511463708298720232e-02 2.437977954464189689e-01
8.297674850112956024e-01 -5.337672797772670119e-01 -7.693720710432413457e-01 4.700892832733266635e-01 5.959960959183447926e-01 3.149311600858299420e-01 1.115673342043067701e-01 6.657051966012094146e-01 8.042207224565730561e-01 -4.411909326118396146e-01
1.354703484039155616e-03 4.159055373631987546e-02 -5.882668691010135564e-01 -4.764718467708519145e-01 -5.776219535456837972e-01 2.849600566341218832e-01 -3.636346296815847756e-01 6.710596999896742965e-01 6.697424275031300944e-02 1.281776304169713471e-02
-3.580180461824733484e-02 2.331660551865215314e-01 -1.328368920192743718e-01 6.010238762251536582e-02 1.864096723893215179e-01 -8.708259962608909388e-02 -1.937359311442480858e-01 1.316560336486412852e-01 1.372093506436883881e-01 4.904420467249576837e-02
-3.159495583868643116e-03 -5.381295007390179963e-02 -2.329357974526732600e-01 3.598153003996948374e-01 -4.030264987333578297e-01 -2.504711201394955664e-02 1.746938066449486293e-01 1.990529388230423413e-01 -3.022504248213344624e-01 1.706577209277562179e-01
2.736606155018122544e-01 -9.137057529126800526e-02 -2.175154880506810773e-01 3.993694010430132169e-01 2.625566124334691720e-01 1.631707026046901043e-01 2.060897526138039948e-01 -8.996639504524363284e-02 -1.244112480911638841e-01 -2.127663987989337480e-01
5.699429736011878134e-02 4.108644262662449198e-01 -1.945465760653019571e-01 1.688192123051056870e-01 2.503116419591575603e-01 1.280795786163753947e-01 1.003383960788033491e-01 -4.652240806212876167e-02 2.408288088524092319e-01 -6.920479338893056886e-02
5.222710233632954502e-01 1.115700669154303798e-01 8.166479898216163491e-01 -8.842787026148766216e-01 -3.956618896425694309e-01 8.720762511274449125e-02 7.580122623285278083e-01 -7.725666814327487586e-01 -2.093940225007796252e-01 -8.075145347749405067e-01
-6.267225540105694215e-01 1.824043514916491304e-01 1.288942626745081220e-02 -6.607641483665936677e-02 3.361667188504278703e-01 -1.329670034193607964e-01 -6.820235894585466863e-01 4.612123167024085868e-01 -6.514427018976848283e-01 -5.970572360809536239e-01
1.091150881393019093e-02 -2.904304188959137140e-02 -1.613467683160654462e-02 2.436800510638469364e-01 -4.837356576316913515e-01 4.141231207538213499e-01 -2.037098709130030216e-01 -2.461040253255020183e-02 2.163009662258441046e-01 -1.157855625777368391e-01
1.708123284874761005e-01 -6.254667830577459453e-01 -8.083105917154630449e-01 -8.180715223133938618e-02 -3.100989233959652314e-01 -7.991684939880253635e-01 -6.672183952313360811e-01 -7.253374318370420237e-01 8.637004364959113278e-01 -5.173570810945017362e-01
3.679321007835672508e-01 4.727250611708806449e-01 -4.056401640546535015e-02 -2.681122563624287469e-01 4.400707670613429046e-01 -2.753406484454022363e-01 5.124378633998011301e-01 3.510950574671712898e-01 1.543005838640667815e-01 1.384273744113397875e-01
-3.189007599455369046e-01 2.914691990637326979e-01 -3.584716418137636612e-02 3.164788925665239921e-02 -6.894578436673827193e-01 -2.364096391695814925e-01 3.315762280652937988e-01 -6.518720088336421581e-01 3.849558888617908847e-01 2.835313310557838131e-04
-1.713962941316815036e-01 4.741245300587710321e-01 6.118394913437860128e-01 -7.217799309962584509e-02 -2.104996234732193217e-01 -5.380272697153053452e-01 -2.582158141580466193e-01 -4.057274928809953551e-01 5.176644049137087977e-01 3.563641172748615582e-01
-3.801390440865740072e-01 -5.389402611585767389e-01 8.694456866700822628e-01 6.502259682007203168e-01 5.097580003218712408e-01 -1.409639187427769447e-01 -6.752148430066405860e-01 -8.340377822604037872e-02 -5.769304012920546398e-01 -6.631099706933519800e-01
-6.657620694491218905e-02 -1.098844902383680489e-01 -6.911377766979828197e-01 3.336261243082807582e-01 -3.806406529765668512e-01 -5.779029395617013565e-01 7.968077263185996406e-01 -1.522621972706556526e-01 -1.319010159003559113e-01 3.551963164317386012e-01
-1.490068059461142069e-01 6.062335471244462148e-01 -4.885370013320597948e-01 -6.683382831643751576e-01 2.551388675788038851e-01 1.323227177334512505e-01 -4.345132613315559611e-02 2.564233127671239898e-01 3.154602455234046254e-01 2.475370984264702867e-01
3.090463394603032432e-01 6.335132773445637522e-01 -2.221508655323033987e-01 3.524426261463919352e-01 -6.101521457585321606e-01 -5.778610609632506279e-01 1.093057430308028571e-01 1.922233671015556866e-01 -1.169447963857291467e-01 -4.400906970369591331e-01
-3.425425502844520187e-02 3.181410869998745339e-01 3.510027436168089987e-01 3.131823574840660318e-01 5.174019681371666568e-01 -2.782762073084096288e-01 -3.699973811927549927e-01 -5.299110060922280346e-02 -5.640874042107650865e-01 -6.189882493807188218e-02
-3.527224032385817831e-01 5.885012721914262279e-01 2.760130587190248730e-01 4.288462548898157589e-01 3.999527055567099754e-01 -4.519054724843688531e-01 3.557503108983788298e-01 -2.600941822187089469e-01 7.164738705141614483e-01 -4.218012362991304665e-01
1.055405330115630341e-01 3.602723141302660581e-02 3.507085839730548354e-02 8.657982697887808138e-03 -7.236695374260912646e-03 -9.943383083013917004e-03 9.546926551249778530e-04 1.813031399874540928e-01 -1.063426181682061711e-02 1.298205498639836645e-03
1.344425741917656958e-01 -2.437725178870731729e-02 -9.793453951513335712e-03 -1.640020493096182863e-01 -2.157513130927889988e-01 -1.320854649083643036e-02 -5.705295327568855879e-02 9.311373786057952628e-02 -1.125432848293454191e-01 -2.751901525640518820e-01
3.827426595883738902e-01 -5.489853573004626064e-01 -2.854901899286814149e-01 -7.031324086156115483e-01 -6.879660582173754979e-02 -6.940353691866077979e-01 -2.035046613166809348e-01 -6.340981207471229064e-01 -2.107302487538074975e-02 3.131792686788541502e-01
3.224261798848914590e-02 -7.541043423644466781e-02 -2.763244895011198604e-03 -1.382247747168902996e-03 1.715376043063386313e-01 -1.265140555869711039e-04 6.890495416954103836e-02 6.019059045158173943e-02 -1.879719983129646624e-02 6.662129399301713883e-02
1.123415565499108482e-01 2.466814078540256749e-01 -3.278481240297403954e-02 1.179200556497621982e-01 -4.137617311502258394e-02 1.600026503956778479e-01 -2.739788067880571387e-01 1.786381177081896310e-01 -4.484753306417657917e-03 7.269373976448387231e-02
-3.817964987567183943e-01 -4.019503693634511599e-02 5.792770403299195570e-01 -5.075549605566451877e-02 -2.527490137325698605e-01 7.107728574049110293e-01 -3.183655523561541578e-01 -5.166054797015354749e-01 -4.078414159959999341e-01 5.440745023172631756e-01
5.803786022900472297e-01 -7.572099184769248703e-02 -2.596665203541229650e-01 6.618653666786475931e-01 -2.619474146277750437e-01 2.617223996548030326e-02 -7.756162908937203060e-01 1.503468316154718543e-01 -5.355011667037486989e-01 7.418753753333233725e-01
2.456624120990809901e-01 1.673521012437871047e-01 1.112306714380961389e-02 1.141676749585007061e-01 -7.114066861029429145e-02 7.705054366203990812e-02 4.463141773052360650e-02 5.067620511708430253e-02 1.137978403232406399e-01 1.369234745125138542e-01
-5.198111830356528795e-01 -8.462895755339479020e-01 1.551240833615570858e-01 6.036040957102629667e-01 -2.752998307398145106e-01 5.896747796735593017e-01 -8.403434191158583033e-01 -6.965830043629640811e-02 -6.876773034036063326e-01 6.391876415397038658e-01
3.246508096199137144e-03 9.622911097603674760e-03 2.763882390436582168e-02 -2.531954360405799798e-02 3.708943947804380081e-02 3.946324508123729563e-02 -4.155415356771658547e-02 3.847411534907214936e-02 -5.637088706749265182e-02 -3.574295307377616665e-02
1.994702377136277627e-01 -2.353489998800318839e-01 -4.377751394786959516e-01 -2.985696259534722508e-01 4.339849835801408706e-01 3.655909592858829771e-01 -2.080502068566214280e-01 -5.317887172002733198e-01 -5.168567934197206837e-01 4.907106962813887474e-01
2.777802092786992305e-01 -5.075319581075505848e-01 -2.068471114972693023e-02 -3.378823782650501872e-01 9.768529689722738052e-02 -2.915294295146710346e-01 -3.925471789092058739e-01 -6.290142633323343724e-02 9.351987191831988636e-03 1.775406861067733433e-01
-1.097077912939025263e-01 -2.813174554960546359e-01 -7.626394035982018982e-02 6.804966945121236621e-02 1.767279526705873849e-01 2.114871782601524808e-01 2.315025984468233877e-01 1.914429462329592935e-01 1.200604542131407659e-01 8.137962801943406099e-02
-8.560121575667669624e-01 4.488170562271805442e-01 8.845550435677185241e-02 7.399105887644511492e-01 -2.688794752515534237e-01 -3.178984476764284417e-01 -1.515049881208955229e-01 7.620135537290197991e-01 -5.125793509585938046e-02 1.401554844875965711e-01
-2.418093239066554934e-01 8.392601911808869608e-02 5.651517476294549702e-01 -4.028063776795341999e-01 1.992584235957545746e-01 8.062268232533635892e-01 1.950776087312990070e-01 -7.677766748609561424e-03 3.365663057515886902e-01 -4.146519457823398813e-01
-1.204883565512897839e-04 1.221973502693737557e-01 -4.477889333014562628e-02 -1.112422639301164501e-01 1.365997108420289596e-01 -1.642374714146191406e-01 6.287497902180029519e-02 1.891735873563507933e-02 -2.927721729474720529e-03 -1.152850566603674520e-01
6.981445034797990890e-02 1.081870093717708127e-02 1.867451054063703764e-01 -1.752427659494249293e-02 -2.758420727545765269e-02 -4.248196675777317355e-02 -2.254731611423372271e-03 2.966079416592545814e-02 -1.185153537993701295e-01 2.787818808833713094e-02
-2.852985300012486070e-01 7.636889685059125021e-01 9.145377709578044190e-01 -6.204770647270938522e-01 -1.044097379575995022e-01 -2.506028106829225610e-01 -3.172379572535605763e-01 -2.259479650863485678e-01 6.802773296953625870e-01 -3.988217769437903959e-01
-3.382413747049231589e-01 -4.366558849779457741e-01 -4.447844686724374830e-01 2.742142130052628302e-01 -2.327045415268169104e-01 7.275155368745953588e-01 -2.087520553825787939e-01 -5.144677972461795257e-01 7.501920223378090447e-02 4.384137013233404545e-01
-5.075783374707087958e-01 4.419414734786146215e-01 5.393884562802060412e-01 -3.210138418474284272e-01 -1.558257351346759856e-01 3.177769376951574687e-01 -3.198799118433610644e-01 2.311940751924177473e-01 -5.809814178396646156e-01 -7.119156510493851453e-01
-2.342559204582159160e-01 -4.526760174675928949e-01 -6.239533507589541950e-01 -3.858380818833901937e-01 3.787532091367438181e-01 -5.360550275791156061e-01 4.738063248219791246e-02 -3.167485937423450970e-01 -3.662987544066753642e-01 1.462908405663178035e-01
8.660949358895450589e-02 -4.150889472551138465e-02 -2.366175239632773708e-01 1.657617837416395512e-01 2.993900431849423616e-02 -9.311413810293847626e-02 6.541708613322122501e-02 4.253210807818670787e-03 9.461323895191968425e-02 -2.171104755892870608e-01
-2.566819181978214903e-01 1.630823401127104721e-01 1.967417772854817559e-01 -1.458236678012861387e-01 -5.747525812629246111e-01 5.624297840268289717e-01 -1.243510224084694443e-01 4.379243531525334743e-01 -1.761013015752664612e-01 -5.486356791396727051e-01
7.630953763407714863e-02 3.079719823613047414e-02 1.761459971207310696e-02 7.009716808877233807e-02 1.044735077869083373e-01 -3.475692724956569012e-03 1.361025063209422327e-02 1.437362548895045229e-02 -3.453942452041161223e-03 6.002732112696079238e-03
-5.657156876534802370e-01 -2.821845945234290887e-01 -4.566344880754318325e-01 6.322178625453872547e-01 -4.835271723119335396e-01 6.925503067810613311e-01 -3.442193930432385085e-01 -4.579619247471931609e-01 4.822566083038846707e-01 5.609293941629122093e-01
-5.398497112090171468e-01 -7.969457820833426853e-02 3.621555301218072342e-01 -4.025828855176044954e-03 8.202590404334786367e-01 -2.675033458784638052e-01 -2.276587095715297548e-01 5.788409410847223935e-01 -2.556526356730375316e-01 4.228063077310247886e-01
-5.808483620233944461e-02 -3.481675467783149069e-02 4.191193678346652463e-02 5.435697646590595400e-02 4.825999632352894093e-03 3.844363567377799551e-02 3.213645357033704381e-02 -1.133106012108279874e-02 6.197720421308439837e-03 1.160956076406836068e-01
-9.847361911393057166e-02 2.392293703994813059e-01 -1.797407480035949010e-02 7.440888748734952873e-02 1.716026975345513739e-01 4.462573340083210438e-02 -1.476350699626126084e-01 -1.392649787411068818e-01 -4.894210111741402469e-02 -7.621817449758849783e-02
1.226807972538751859e-02 -7.234330819104096977e-02 1.621759562508454100e-02 -1.704056140418989673e-01 9.513812130143768642e-02 7.408144023525134458e-02 -8.469949389531299111e-02 -2.428761919163552330e-01 -2.755942688815684605e-01 -5.441738537722402569e-01
5.194522689259699622e-01 -1.075360260190182660e-01 -5.276550270057757119e-01 -5.616037250364633859e-01 1.238371676544012256e-01 8.661032148832042976e-02 -5.142247143648530638e-01 -6.775916570962897678e-02 -6.211332851367497021e-01 5.119736621750080596e-01
4.614865517658686134e-01 -6.364400119831428171e-01 3.784014469430971306e-01 5.747712848084893800e-01 6.294617995316155179e-01 -3.051107883138307608e-01 4.009871639368901564e-01 1.713743611629569563e-01 -1.261270999883765467e-02 4.825978233190151290e-01
4.205774015938179566e-01 -4.470352052162691048e-01 -3.817846204319451653e-01 1.667684778025255443e-01 -1.394825472846788206e-01 -4.139929152014152902e-01 5.042696099437840029e-01 4.234435932961728710e-01 -1.277020498014476146e-01 1.122083955432695013e-01
2.124992883003910815e-01 7.906411686053337329e-01 5.095431851461548201e-01 6.024782291672815537e-01 7.222846662909161441e-01 -8.031446608689575273e-01 1.674355147767690732e-01 7.929160106927864993e-01 3.089622832551360276e-01 -8.702837645523670007e-01
2.788703404661966867e-01 -1.152791787637705567e-01 5.436441543977826168e-02 1.355640785849704377e-01 -2.040151984784119576e-01 3.630372196084263869e-01 -3.318696916894872673e-02 2.359571152632879698e-01 1.416378812009380095e-01 3.459024462335131833e-01
4.324724963200703431e-01 -5.400187581695640171e-01 5.566690666619386052e-01 -3.538670407866802980e-01 -1.761790714823461834e-01 -1.593966494979193460e-01 5.544499854360965818e-01 -4.460980026943115462e-01 3.268327531066892999e-01 -2.333406187940191834e-01
6.766387347234890104e-01 -2.550036001543870556e-01 -7.074584532560286299e-01 8.932583712407800025e-01 8.626010642852723065e-02 9.341072077569158028e-01 6.929450204352914922e-01 -2.708447988666320971e-01 -9.290677505436950590e-02 7.890342439403916774e-01
-2.179107928355584478e-01 6.757740502079024117e-03 6.143450310001305481e-02 -5.226652740688961796e-01 -4.278702778738884271e-01 -2.354959213678894381e-01 2.186724537879620733e-01 -4.072511461655308196e-01 -2.966474302280001640e-01 1.436237424477800062e-01
5.138447525191899498e-03 4.586602422117069117e-02 8.437743919509743673e-03 7.648239495976642821e-02 1.382429089397415158e-03 7.514288664961556174e-02 2.082293500115515224e-03 4.442930942372372988e-02 7.350327667436515160e-03 2.177636425856728508e-02
-1.264212364823335544e-01 -6.033049245163568663e-01 2.760582417396679200e-01 3.324671155537172601e-02 4.914921710689391654e-01 -4.558519070368854398e-01 2.466370026134305504e-01 -3.980025040294914440e-01 7.148625061458561136e-01 4.421766316361304683e-01
-4.829803299814098283e-01 6.728742000545716584e-01 -1.037572997618643189e-01 -1.631729341103158037e-01 4.561995993910418767e-01 5.138997421593038961e-01 2.682950857503819120e-01 4.599494977220908720e-01 -4.633863417753417147e-01 -3.979238207156146068e-01
-6.593550310113828472e-02 -4.169054132346532993e-01 5.573235489084102379e-02 -5.759417725048408820e-02 1.568149252089577339e-01 1.748617137553578893e-01 1.135111130251408446e-01 4.112577436404055709e-01 -2.749035673636826549e-01 3.265953111140442733e-01
-6.774133323301834153e-01 3.952345081206254385e-01 4.481572316432565484e-01 7.199725659551871049e-01 1.306677333214851799e-01 5.890491414486646038e-01 -1.913508933860307015e-01 -8.487693284208348843e-02 7.054417496576319557e-01 9.196406463196245273e-02
-1.490572243263500185e-01 6.239426727665925432e-01 -5.614479836494447040e-01 1.915244269639329311e-01 3.063355438378339568e-01 4.252765242094764808e-01 4.000270590774694934e-01 1.155087304718606239e-01 -4.285840771355327317e-02 -1.581103498274180896e-01
1.320117429707276351e-02 -5.082461139128034537e-03 2.762128203671132196e-02 5.567852950000615198e-02 6.487264960613967069e-02 2.747684413860057226e-02 7.107076690423233707e-03 8.562789105147650126e-02 3.806933931696968032e-02 4.463373652965536842e-02
-4.907708945433654213e-01 5.991480169733995886e-01 -4.900834278266315569e-01 -5.599903765890141064e-03 5.722940345873939183e-01 -7.475721159454317144e-01 -7.993165473261082399e-01 2.622395453849979408e-01 -3.389285965956153057e-01 -7.029590937186276367e-01
-2.128090857845255923e-01 -1.608035698902395005e-01 8.072440180415049737e-02 1.388521606194379754e-01 1.419834662616653309e-01 -4.147098253295714021e-01 1.110707590690594021e-01 5.746645719127229102e-01 2.062561075944527589e-01 -8.253381477875768035e-02
-5.440234301618691592e-01 1.969266788992369288e-01 -8.101588548619806929e-01 -3.332769752915269446e-01 -6.752959872323321955e-01 7.864637757884417046e-02 -8.325070552434020721e-01 -5.071738659693955098e-01 7.999557122420655197e-01 6.873032456531088519e-01
5.085498771042432781e-02 2.964599612304195941e-02 7.834901439339125861e-02 -4.627018349907116579e-02 1.481589701963253146e-02 1.947218719095454229e-02 3.546243456996916316e-02 3.211001535352766417e-02 -4.001094468076414612e-03 1.274568243122718887e-02
7.526946479149834723e-02 -2.053976939278960301e-01 2.918993823766987128e-01 4.344312791004152907e-01 -4.836314987763659645e-01 1.849962483971478444e-01 2.259833586954750895e-01 3.672912654437988922e-02 -4.952961227971746649e-01 -5.560874882521533724e-01
2.169326690719783068e-01 -1.180179978392549983e-01 2.187739335506674876e-01 -2.786064697786114208e-02 -1.954324963273577909e-01 -2.263749449533404567e-01 2.263724920696331411e-01 -2.488263552895827180e-01 -1.132324802941109959e-01 2.877710175433756956e-01
6.965933041735228315e-01 -4.801284157197910907e-01 4.768226145020324491e-01 8.245663563785400330e-01 6.134403577355153070e-01 -3.285685676768636959e-02 5.271100421583361229e-01 6.937023394298131862e-01 5.925106696611338597e-01 1.054232960020082682e-01
9.635886202053038641e-02 1.152446966018201152e-01 4.722236620085522030e-01 -1.433659474943478895e-01 1.863294466769231938e-01 -1.968652601309167083e-01 8.844143828547482156e-02 2.650072051272255313e-01 -3.722252437179637274e-01 -3.560290458266071600e-01
-3.568891691419255885e-01 1.337327005664147306e-01 3.852099550881214474e-01 -5.816127011667537872e-01 5.703674544441107441e-01 -1.210804392508127436e-01 7.210925116902856535e-01 -5.607955501986442437e-01 7.488409083117532339e-02 -4.131695040797227214e-02
1.572694314295234319e-01 -2.175387694334454669e-01 -4.147639163988784961e-01 1.463752531276798878e-02 5.164295243961351811e-02 2.167845518296422289e-02 3.787300534415156683e-01 3.842205502128610006e-01 -2.909469972861771642e-02 -4.899325988113560904e-01
3.045806765967559171e-01 -6.141987722548774009e-01 -4.701324107382950923e-01 3.027310876030936057e-02 1.542775301849662606e-01 2.916931162858704130e-01 -2.634135804328681663e-01 2.000079886212235147e-01 -2.642012372629234385e-01 -4.028789701728589523e-01
-3.666237882227189188e-02 3.767085951112810194e-01 3.174431667715801320e-01 1.815028495387866203e-01 -5.227626354006426751e-02 2.233805020849612688e-01 -3.226597962660651131e-01 1.836457779151765279e-01 -5.968830156221415851e-04 -4.149861935258452039e-01
2.503571232940218216e-01 -1.881505174598883112e-01 -1.567900013392966585e-01 4.519451596999581877e-01 3.868987982102741197e-01 4.678315510220444340e-01 6.915325123927887896e-01 -9.415265437062268761e-02 -2.904327415394996614e-01 3.418656271318747941e-01
-5.101523966022554202e-01 -2.133249061758345222e-01 -5.527437954344541216e-02 -7.443422318194749081e-03 2.653127381294833054e-01 -2.355296425389132031e-01 4.961138007400107790e-03 -1.834785183169302114e-01 -2.862245273708405313e-01 2.386246835073105588e-01
-1.551960895052121592e-01 -6.777855492950779492e-02 -2.317219456756522133e-01 2.204872099071196190e-01 1.680894088021456789e-01 2.706165595039423111e-01 -8.106770499164668575e-02 5.675602713496686463e-02 -6.087522639152443153e-04 -3.661804552072431967e-02
2.120685232298021028e-01 2.411657959478978597e-01 1.720228869811450956e-01 -2.145105337896892339e-01 -3.644748201949378763e-01 -2.421871490259677184e-01 2.350530891495536678e-01 -3.120383758989935807e-01 3.502949649025099976e-01 6.463571150530031395e-02
-2.000487681324758450e-05 5.347970740454711658e-01 -4.410924826778279129e-01 4.749785885735717250e-01 6.462067327377035708e-01 1.769014160263973900e-01 3.234194852074044890e-01 2.757540053574992767e-01 -4.689005396985527208e-01 -6.461619368200460789e-01
2.812321953078799619e-01 -3.703448681392246811e-01 -3.907468417873330435e-01 -2.320763180365016387e-01 4.697962253121987786e-01 -4.629971209216854344e-02 2.086783591168400384e-02 5.161746555855144525e-01 2.612746057972096247e-01 -2.433879330978560018e-01
-6.713736014441992750e-02 2.965273064454536645e-01 -2.509730673934533196e-01 1.817068228958962639e-01 -5.121081852130661138e-01 -1.679686359413220254e-01 3.094008785159714225e-01 -2.792541086280003193e-01 6.672256598475996281e-01 4.499283138475407839e-01
-1.348585629385626490e-02 9.404527087367250959e-02 2.148052449135264275e-01 2.070110470687155924e-01 8.714245968792211361e-02 3.588336142992564759e-01 1.700673178317221867e-01 -1.082218575060536342e-01 8.747518371999400688e-02 2.569764460877244083e-01
