6.282054014513459572e-01 -7.916349974815201085e-01 -1.144481476730004055e-01 -6.187266027438204086e-01 3.211581032183158380e-01 -4.557542378508480096e-01 3.527050528219440872e-01 5.919303646470442937e-01 8.053434016069404011e-01 7.070515588044684607e-01
1.490276678458762882e-01 1.206141832187161700e-01 -3.859432685036844890e-01 4.046276579010203434e-01 3.949637962872553087e-01 -1.071127152576234198e-01 -2.523997190042049366e-01 -4.301224549089243676e-01 5.159205352099778263e-01 -2.688515676445548119e-01
2.780019853825524967e-01 4.413371761224737511e-01 -1.999175558499163841e-02 6.554563349274322714e-01 -5.667779501197910408e-01 -2.937460053686604677e-01 5.540593949750313163e-01 2.533493892712235240e-01 6.820270021268846072e-01 -2.661671723435651837e-01
1.768842169428879174e-01 -1.570308902764311620e-01 -2.993484212961412469e-02 -3.307195997602727783e-02 -1.303573428223084030e-01 -1.080584435198976845e-01 1.597698885956747583e-01 -1.295648762260193376e-01 1.159740739896596706e-01 -7.032813937381808544e-02
-3.996952983932972221e-03 -2.437045763660172087e-03 8.215750443267781644e-02 -2.423558661289757030e-03 8.265135380031608803e-02 2.558361418467584858e-02 1.375075588790225165e-02 6.169370988811737760e-02 1.428622787310868981e-02 3.635113548433361458e-02
-4.455966065655429520e-01 -7.467447772053278365e-01 -4.072125869598521714e-02 -7.939163098820936071e-01 7.015180214431651073e-01 -6.938940969573720308e-01 5.530621125353081258e-01 7.121946827012273218e-01 6.743217179033320630e-01 2.297063327561018886e-01
-4.922819808000882501e-03 1.664397572033665673e-01 8.157362639595409914e-02 9.885233642229342838e-03 -1.378203097489521037e-02 5.943308051542118241e-03 3.773228887602067538e-02 1.560319277831525089e-02 7.205818290481434685e-02 6.026233129652591378e-03
-5.348075039765441963e-01 6.800886975286900560e-01 8.257295397320152386e-02 6.852189361200419215e-01 2.255610850139201373e-01 -3.245044636684369932e-01 -3.837712635029517094e-01 3.201068603010078228e-01 -6.045809235589353348e-01 5.596248778933116119e-01
-6.983575184861141871e-02 5.906974950159818993e-01 5.496032102978362088e-01 -5.612539403840671737e-01 -2.796115637925611908e-01 3.685350897068873088e-01 -4.151227787683369197e-01 7.205604756684395040e-01 5.174524060462490915e-01 -1.896940363581180178e-01
7.620589125308377051e-03 -4.934694916127795906e-03 -8.674158252883779410e-03 2.729075062558399684e-02 1.037454581858409247e-01 5.265327664998522422e-02 1.500679356573884904e-02 4.315870888652346971e-02 3.133724626834485244e-02 1.166252501474769436e-02
-8.732984963272827014e-03 1.105987162940656326e-01 5.156227925344755020e-02 -5.049914699584017591e-02 2.028906465188236030e-01 2.615538131741855163e-02 -2.755484826297145348e-02 7.211624043469704211e-03 2.649043467979714586e-02 4.564887517695255525e-02
3.422650933957177011e-01 -3.188773414030599551e-01 5.954359888428996106e-01 1.864060244652868958e-01 -3.493788255788510960e-02 -2.090146389074373778e-01 5.402655326181978745e-01 5.067662481648714801e-01 -4.532636122287156399e-01 4.087006782511096725e-01
-4.214636674973937791e-01 -4.413384838764998486e-02 4.406865069462264639e-01 5.791938954660922345e-01 4.672633986048423949e-01 -4.555097047043951131e-01 2.075066415653639140e-01 -1.357052440765428025e-01 3.157324748504243828e-01 -1.273988038041791171e-01
4.146799312455967113e-01 2.022457620287642643e-01 -4.651581535785540011e-01 6.350063848611250394e-01 1.744202568423003641e-01 5.308118969212690524e-02 7.441051962572918788e-01 -1.598804487354082426e-01 4.120433282830478494e-01 2.890909858695498991e-01
3.106390583883740231e-01 -5.499312747873353890e-01 3.631796891916418968e-01 -2.359810475134537788e-01 2.918686044072823504e-01 -1.800795559152893188e-01 -4.541526920512014565e-01 -1.670153788638056858e-01 -2.014330959096420626e-01 -6.817742970291370552e-01
-3.278368784365738413e-03 1.540323313498095925e-02 5.354448077624453933e-02 1.785789441590012253e-02 1.613794814935599550e-02 5.666488278432259273e-02 7.024464091637792201e-03 3.945290325994839364e-03 1.898467695708085448e-02 4.531518434169647114e-02
-3.867820261502592505e-01 9.495787870912066053e-02 -5.254111432271533211e-01 -4.483573482602275506e-01 -1.430653521471153197e-02 1.875755037397647262e-01 -4.411711608641965404e-02 3.538106332808006460e-01 9.212494447107402729e-02 2.436617388299369413e-01
8.297674753725523544e-01 -5.337672735769205534e-01 -7.693720621060631260e-01 4.700892778126764537e-01 5.960027451985236979e-01 3.149311564275272812e-01 1.115673329083185505e-01 6.657051888682460339e-01 8.042207131145860943e-01 -4.411909274868784925e-01
1.328178979620187440e-03 4.153713575506093325e-02 -5.880159219327423248e-01 -4.763685100612115031e-01 -5.774972594943897919e-01 2.848812188562310221e-01 -3.635525661727139202e-01 6.719620525116838383e-01 6.694241382710149069e-02 1.282007248344635419e-02
-3.249918321691334933e-02 2.255205322512522093e-01 -1.288391140402573853e-01 6.102403198606130841e-02 1.874777347863761101e-01 -8.469975487275663295e-02 -1.846579224645961137e-01 1.213224725467969556e-01 1.332029811179243350e-01 5.571888463209892506e-02
-5.498886231867329728e-03 -5.365087356373976490e-02 -2.294742294468927468e-01 3.567910230844080210e-01 -3.994722513612272707e-01 -2.618069856559019151e-02 1.712517271871346058e-01 2.045873612478567860e-01 -2.977332766233009020e-01 1.670509790048786969e-01
2.719254492285159142e-01 -9.080639965831542593e-02 -2.084388531920182142e-01 3.971452000446494268e-01 2.608670849907900324e-01 1.620938716642173760e-01 2.040058155458130129e-01 -8.995664964588850898e-02 -1.234419609733022616e-01 -2.124626021359138084e-01
5.579743903420980589e-02 4.052471387672366698e-01 -1.876701434997739837e-01 1.665443047988844072e-01 2.469475263142403010e-01 1.263489640539007253e-01 9.902194595129716614e-02 -3.949892738789433783e-02 2.377311825731464323e-01 -6.833560355052696600e-02
5.222585594812255705e-01 1.115854560764308334e-01 8.166443085471896124e-01 -8.842753742747364587e-01 -3.956878409526817797e-01 8.720260869449047991e-02 7.579989810787812754e-01 -7.725769304831525686e-01 -2.091842334792914926e-01 -8.074626108548250691e-01
-6.267010936980322855e-01 1.823673551096635648e-01 1.304357595018222453e-02 -6.639331365400379104e-02 3.360531948164858229e-01 -1.323813202492378216e-01 -6.818850696450752258e-01 4.607835147778798213e-01 -6.512546920567567899e-01 -5.965881297779194181e-01
1.080673233709401708e-02 -2.451213495416674007e-02 -1.656060079646255734e-02 2.421112097212723691e-01 -4.814758403828733879e-01 4.109997094104284043e-01 -2.026036925965148672e-01 -2.454419125390663523e-02 2.148953718806855817e-01 -1.158064753029351551e-01
1.707829065134974511e-01 -6.254473018404093088e-01 -8.078612269615762509e-01 -8.181034965471178921e-02 -3.100795090085989858e-01 -7.991399990721831381e-01 -6.671813683973243370e-01 -7.253180547913051779e-01 8.636515895615074490e-01 -5.173495865930841653e-01
3.677897549996928528e-01 4.725692107886100279e-01 -4.058656724597081711e-02 -2.680276895717542129e-01 4.402334159786558954e-01 -2.739037205564116007e-01 5.121891768714984527e-01 3.509121509220303192e-01 1.541940615495397959e-01 1.383564529278992206e-01
-3.189187706811005274e-01 2.917888935249052795e-01 -3.604077347580520591e-02 3.173204924513214897e-02 -6.893008614656833677e-01 -2.349372562614292781e-01 3.323778834226108203e-01 -6.515689138659639390e-01 3.846511091254647408e-01 5.942443722099019222e-05
-1.707105208155177689e-01 4.733687448841423784e-01 6.112239912521550966e-01 -7.289838931728956362e-02 -2.070631390980641473e-01 -5.376146750479371406e-01 -2.578258045712262247e-01 -4.040662345810726030e-01 5.165378767559908324e-01 3.552266386157306166e-01
-3.801539877068265683e-01 -5.375467386089456401e-01 8.693861182580023828e-01 6.503701790549523132e-01 5.092975957568905976e-01 -1.410425559866979039e-01 -6.748992611542122821e-01 -8.360536635068839539e-02 -5.764405607536459142e-01 -6.630569087620971080e-01
-6.685964538305946836e-02 -1.096271520974787250e-01 -6.903909475345756386e-01 3.332007492483965994e-01 -3.807461475582277766e-01 -5.767929164007071785e-01 7.958324759197381582e-01 -1.529299508714699607e-01 -1.317128029010022627e-01 3.559035406932075651e-01
-1.492992093914806417e-01 6.059747902475226544e-01 -4.882154217972665688e-01 -6.684472020033138673e-01 2.554658964737406279e-01 1.323279615404716059e-01 -4.395257558830824307e-02 2.581255412991841913e-01 3.157841795709909749e-01 2.469680552900777315e-01
3.089462466251714501e-01 6.333169515311970477e-01 -2.221505646949474277e-01 3.522552830201655105e-01 -6.092320797642575281e-01 -5.777278338548628156e-01 1.098336266757458241e-01 1.920037230754155222e-01 -1.170409476699378615e-01 -4.399971408635880987e-01
-3.432005741418117650e-02 3.189571792984639553e-01 3.507832208584913403e-01 3.131100252712760712e-01 5.173099767036084540e-01 -2.779738096461926711e-01 -3.697852035624142331e-01 -5.289212772336333163e-02 -5.640272151049783300e-01 -6.200230109987533295e-02
-3.534296530876751552e-01 5.877430461626325098e-01 2.763114225958684944e-01 4.286676689368760784e-01 3.987929407473863042e-01 -4.533156255474074525e-01 3.553178795249575250e-01 -2.578846292340554180e-01 7.156104967395422456e-01 -4.216803235933203609e-01
1.045511178304245059e-01 4.731181122080206636e-02 3.401619785479552405e-02 9.244939823765891199e-03 -5.036915248937550577e-03 -1.491288270542313020e-02 5.264052064576295016e-04 1.956898850864509376e-01 -1.310981875169669152e-02 -2.540878473457327917e-03
1.221795705864389264e-01 -2.871528737017187485e-02 -8.890200296164930266e-03 -1.519536254951984744e-01 -1.910235137115825765e-01 -1.317411408955071472e-02 -4.845187710085598065e-02 7.776583617033550055e-02 -1.067844060871669387e-01 -2.568940763761410895e-01
3.824867838171429613e-01 -5.486469021978274130e-01 -2.849708005369946950e-01 -7.032027680102914680e-01 -6.881400725158200171e-02 -6.934184417136390888e-01 -2.039760317402352641e-01 -6.343480282061502162e-01 -2.090730022788652928e-02 3.142149029196693033e-01
3.235163385270591052e-02 -6.981674025324509369e-02 -6.174750038534396711e-03 5.677019802601206795e-04 1.772145373920225309e-01 -6.709556362136150261e-03 6.849593870023686082e-02 5.072073888352513632e-02 -1.364090302806092100e-02 5.765457592564485201e-02
1.124516052974474378e-01 2.457767745965252770e-01 -3.130012131606485504e-02 1.239738921115540321e-01 -4.077146917173347235e-02 1.538720584805071123e-01 -2.652305676979439530e-01 1.745536628688550418e-01 -4.803938810391959052e-03 7.237338383000674336e-02
-3.806425461817445899e-01 -4.020663047654851607e-02 5.792403331399861299e-01 -5.094819066754626563e-02 -2.527365451807097596e-01 7.102919440808410645e-01 -3.181735041386398732e-01 -5.160248220540454289e-01 -4.078257374681288905e-01 5.445576405584110491e-01
5.803727793026967063e-01 -7.551004641494292458e-02 -2.596649871302940116e-01 6.618585170394803985e-01 -2.619445384881673444e-01 2.617183092678831632e-02 -7.756089929714163889e-01 1.503450909097647781e-01 -5.354967644962088658e-01 7.418677410994082289e-01
2.414292340398492831e-01 1.625570874773075714e-01 1.266987152692162881e-02 1.120271873134796453e-01 -6.960050401552375643e-02 8.949073218192230006e-02 4.746383305889406712e-02 4.750367112151098609e-02 1.109001131962384368e-01 1.321635564106965477e-01
-5.198428496596165793e-01 -8.462425910039613752e-01 1.554608356315109186e-01 6.036274541599253585e-01 -2.753446338712930430e-01 5.896561214795117412e-01 -8.403376754000329019e-01 -6.971817286836842764e-02 -6.876850755532694093e-01 6.391912882326151735e-01
3.361130445326469211e-03 5.409531064121257324e-03 2.222936971758811275e-02 -2.299422133945001889e-02 5.267834635943820926e-02 5.013854957016862512e-02 -2.536131536758534644e-02 4.180540634901744323e-02 -4.668925054971805738e-02 -2.170152530697872298e-02
1.985820158229066323e-01 -2.348695284732615629e-01 -4.369257773241798093e-01 -2.993898681154515962e-01 4.347851734204148388e-01 3.654092552651710957e-01 -2.090436686993417947e-01 -5.286983532840745514e-01 -5.154930069728551612e-01 4.895350281173574958e-01
2.765782125126676760e-01 -5.052178651340039073e-01 -2.063247627197980702e-02 -3.362832464781505548e-01 9.784118769219958545e-02 -2.899968900675636285e-01 -3.858306222778035699e-01 -6.224590090501551376e-02 9.118144970139879790e-03 1.766281914631503414e-01
-1.069195770658185052e-01 -2.748450173243159878e-01 -7.533256987022114715e-02 6.595084657110671100e-02 1.839085570246011825e-01 2.060399410804450715e-01 2.254562161796279385e-01 1.864058890044982819e-01 1.163793190549654438e-01 8.776726326960058999e-02
-8.559899186545192329e-01 4.488764072754788947e-01 8.840742612343646667e-02 7.401583099125311760e-01 -2.688831353094524035e-01 -3.179347448068424176e-01 -1.515038433937436202e-01 7.619912668431094716e-01 -5.127160987474834591e-02 1.401158035154035364e-01
-2.412462257149166622e-01 8.390746892047207250e-02 5.651062915232264450e-01 -4.027743188804164265e-01 1.992236337687254000e-01 8.061721413641754763e-01 1.950667691909632739e-01 -7.678902957489514361e-03 3.365417228157159268e-01 -4.146362976586483451e-01
5.355464497754700189e-03 1.116532570097057558e-01 -3.383459313564472076e-02 -9.503314118641448260e-02 1.131908448769767817e-01 -1.550557748615785936e-01 8.921768180624110867e-02 1.182736152545995137e-02 -4.088594449323973944e-03 -9.756223247663593778e-02
6.307297510739742763e-02 1.775053194136185300e-02 1.971352960707215829e-01 -1.697232095313137845e-02 -2.400971720518784921e-02 -4.031634252605247049e-02 3.304487886377145342e-03 3.151154540091113260e-02 -1.089701194045810950e-01 2.248286852253288462e-02
-2.851557956185571396e-01 7.628075781931042965e-01 9.140180336452166099e-01 -6.202829602409574150e-01 -1.044736580670161952e-01 -2.487364751266206986e-01 -3.175998569110947689e-01 -2.265708766224830695e-01 6.795963496689525485e-01 -3.975666850956320886e-01
-3.377731571419665402e-01 -4.367074967267864372e-01 -4.449515826305367461e-01 2.740738825489454356e-01 -2.329252371289966539e-01 7.285069687324492449e-01 -2.082508288773420313e-01 -5.145861560432206661e-01 7.491347049677110626e-02 4.379480263995040312e-01
-5.075763465862830337e-01 4.419382099808645270e-01 5.393799665918284081e-01 -3.210250077211996289e-01 -1.556909461328490618e-01 3.177543396029112732e-01 -3.198819801763224668e-01 2.311695454643687420e-01 -5.809882874348926141e-01 -7.118450323209798425e-01
-2.341578979141824557e-01 -4.524868461641612938e-01 -6.237260173225768201e-01 -3.840055004082321699e-01 3.784020859803799430e-01 -5.359431707270584377e-01 4.723108997069921933e-02 -3.166582349943328212e-01 -3.662011318104443358e-01 1.459611036992938538e-01
9.618318674295958659e-02 -3.974171347990292091e-02 -2.325397134544409938e-01 1.620481506242491543e-01 3.117313697809455386e-02 -9.280325020968492600e-02 6.457178716182881972e-02 9.531750421885790484e-03 9.218253536370035750e-02 -2.104500927302337676e-01
-2.546536211997781907e-01 1.633873113797600085e-01 1.974534193928730863e-01 -1.459784879789090550e-01 -5.749696923065337195e-01 5.608324561449417045e-01 -1.225693728876741939e-01 4.372522996681280638e-01 -1.755918916118416606e-01 -5.477911843141455295e-01
7.745589860958888850e-02 2.805485640246442244e-02 1.994116382128757053e-02 6.614633072545304804e-02 1.039369444081148508e-01 -1.071770143930127553e-02 8.086420636523860075e-03 2.434137574555840164e-02 -2.258379845846950236e-03 7.676583307422686110e-03
-5.655148293280716221e-01 -2.823096609593483963e-01 -4.562859466380575491e-01 6.325080485569951616e-01 -4.838828766701623874e-01 6.914527493240257838e-01 -3.440892391217822421e-01 -4.564788138544554896e-01 4.822104838289023587e-01 5.613915854084102763e-01
-5.398829577881953945e-01 -7.970525236296460703e-02 3.621466388342933218e-01 -4.032362452910836711e-03 8.202622012219661363e-01 -2.675119974672657830e-01 -2.276957382096056748e-01 5.789183873206967812e-01 -2.556389131577841423e-01 4.227656554507960296e-01
-4.724403567596197756e-02 -2.945282643280984838e-02 3.698134086233115236e-02 5.639717564210050549e-02 1.157462555336297161e-02 5.526428656531486711e-02 2.682015856482618602e-02 -1.288588571539693931e-02 4.014995774555730687e-03 1.195720534819546405e-01
-9.385600780075496752e-02 2.349304270698859276e-01 -1.888113981310191730e-02 7.002916902052820636e-02 1.631299807853576200e-01 4.754384273686709794e-02 -1.371035959530113035e-01 -1.355629090200461684e-01 -4.496919207337465169e-02 -6.455975879382193361e-02
1.043976654881923621e-02 -7.092180987137519654e-02 1.744225302226877147e-02 -1.658402593608510334e-01 9.000526631488234286e-02 6.545328409190602492e-02 -8.323428488074839648e-02 -2.268779460627295685e-01 -2.722504738378617728e-01 -5.314958249957038028e-01
5.184061001351593090e-01 -1.036945239299106730e-01 -5.266364968336829655e-01 -5.601927647399873589e-01 1.229245697012475436e-01 8.632000425912786379e-02 -5.130048661833217505e-01 -6.806415225724518625e-02 -6.194352880399552896e-01 5.109805320545519614e-01
4.612017078126036118e-01 -6.363269437329047706e-01 3.783469477589331831e-01 5.748023373473016839e-01 6.292839616961450888e-01 -3.055089322896121784e-01 4.009457893557253350e-01 1.719141416875914763e-01 -1.264764607000640889e-02 4.827155033272772511e-01
4.196554133269946862e-01 -4.465445333749357704e-01 -3.790121354131611997e-01 1.660391991394587763e-01 -1.395474444696018779e-01 -4.136541768988200585e-01 5.032465971819369832e-01 4.226976033859194404e-01 -1.275191120536385003e-01 1.120093430944160001e-01
2.125820415414404752e-01 7.906207600467018981e-01 5.095673300195071587e-01 6.025118618485811872e-01 7.222737893186251812e-01 -8.031504300759133574e-01 1.674390876923820826e-01 7.928688551108132865e-01 3.089495359496274851e-01 -8.702827180595354983e-01
2.709944662642393975e-01 -1.138758046072538971e-01 5.312415275242367285e-02 1.347368337440448538e-01 -2.042249928275612358e-01 3.515512008395586530e-01 -3.079143246528082481e-02 2.410265013647740207e-01 1.386851753657980524e-01 3.469699086560869561e-01
4.325083963069755177e-01 -5.390171406401245147e-01 5.568568322055158504e-01 -3.540650873649417441e-01 -1.773152255770949759e-01 -1.604802751954983175e-01 5.560955755953584934e-01 -4.458333154040686752e-01 3.267030183496634210e-01 -2.322478623197755387e-01
6.766387347234890104e-01 -2.550036001543870556e-01 -7.074584532560286299e-01 8.932583712407800025e-01 8.626010642852723065e-02 9.341072077569158028e-01 6.929450204352914922e-01 -2.708447988666320971e-01 -9.290677505436950590e-02 7.890342439403916774e-01
-2.182153115926130371e-01 6.902020770844040538e-03 6.362079441889283149e-02 -5.213901903678941352e-01 -4.268250443192195820e-01 -2.363716616577934138e-01 2.171192754067864106e-01 -4.056734410642813260e-01 -2.960611092181908433e-01 1.429504140279238000e-01
2.334019220098636476e-03 4.839461731396798444e-02 1.736946682140885767e-02 7.663284165960262961e-02 3.630467338789837399e-03 7.500727074868673849e-02 -3.769841193429666719e-03 5.535011041933933507e-02 1.102479790735594843e-02 1.555364646698985387e-02
-1.264557781964129879e-01 -6.032682190943133849e-01 2.758874493557795793e-01 3.310622972537523301e-02 4.913938916175722982e-01 -4.560933100467796653e-01 2.469451616189435039e-01 -3.981892569775801194e-01 7.146937762697973540e-01 4.418519385285721857e-01
-4.830294751085283944e-01 6.748906247443869910e-01 -1.036470544355416884e-01 -1.628056233503376304e-01 4.555939753897337852e-01 5.137014275547948650e-01 2.685757850014847126e-01 4.595883265635299919e-01 -4.627516943669676142e-01 -3.979445261494221064e-01
-6.513226255076196014e-02 -4.138644728735517142e-01 5.482864333907797733e-02 -5.778445798879146972e-02 1.539985775673350654e-01 1.776746324923534903e-01 1.129494051615625438e-01 4.088648339813814592e-01 -2.717425020444704242e-01 3.256983877548001449e-01
-6.774078369556402190e-01 3.952169971847496188e-01 4.481613537513934875e-01 7.199267581405092153e-01 1.306627179110720627e-01 5.890234327607923870e-01 -1.913518161256024253e-01 -8.455664939669826907e-02 7.054197258135040949e-01 9.197135274086049028e-02
-1.490458227316045769e-01 6.238838786042065765e-01 -5.614619354976181365e-01 1.914937112096029015e-01 3.063029944752798106e-01 4.259452446565780703e-01 3.999968084632689047e-01 1.154964173520149490e-01 -4.287274961211611640e-02 -1.581438898945317362e-01
1.177351157472281487e-02 -6.063193502172258345e-03 3.102890999196441721e-02 5.527042033133797855e-02 7.335201385656640871e-02 2.209045881738466721e-02 7.124483459957905128e-03 9.306708416777410842e-02 4.057011283778218236e-02 4.611870651340509164e-02
-4.907740856713239674e-01 5.993391076806989792e-01 -4.900964763129436186e-01 -5.609269456644948477e-03 5.723016635710286293e-01 -7.475760243014334394e-01 -7.993199875936752852e-01 2.622253510501396656e-01 -3.389359474272941597e-01 -7.029622738049884356e-01
-2.120012233795225132e-01 -1.568786285386579160e-01 8.028394630663705789e-02 1.386998192446936284e-01 1.411501666370963415e-01 -4.131752909986692868e-01 1.106264841081714412e-01 5.751788079042194912e-01 2.053254378285710724e-01 -8.233982153970482998e-02
-5.440346746798727651e-01 1.967546179740425338e-01 -8.097177586721188147e-01 -3.330487947860502618e-01 -6.752593385923132407e-01 7.872985067108023705e-02 -8.324087713999444027e-01 -5.071967104807336701e-01 8.002520477023143952e-01 6.870507482407585131e-01
4.782324348005270731e-02 2.903724542848305085e-02 8.135474723822129495e-02 -4.351916683445091610e-02 1.909951826732535565e-02 3.196201633671433978e-02 3.605169944332127507e-02 3.514644540496685704e-02 -1.459832435939618705e-03 1.480780617856355084e-02
7.459015813992558863e-02 -2.039797240842411985e-01 2.925776007384729982e-01 4.334730031390783278e-01 -4.831516450146661201e-01 1.857616620612725089e-01 2.244972981856735994e-01 3.741387963234624192e-02 -4.941212330137048081e-01 -5.555671021165381473e-01
2.111886910084540547e-01 -1.127095055492584180e-01 2.116469394573005924e-01 -2.829293599531806230e-02 -1.916317239272806727e-01 -2.272164711092444500e-01 2.284783253054160079e-01 -2.406203431718708929e-01 -1.073465736649876073e-01 2.784067048934011912e-01
6.965877261175520418e-01 -4.800144772136383242e-01 4.768112730054239745e-01 8.245664620118129395e-01 6.134338597386262970e-01 -3.286067629290459480e-02 5.271073814636471067e-01 6.936992792007190545e-01 5.925103032497744948e-01 1.054217226257020829e-01
9.680977243944002830e-02 1.150572814754836637e-01 4.730695873341341229e-01 -1.432729958292268124e-01 1.860972736175620923e-01 -1.967683030411803702e-01 8.841789937595961879e-02 2.647854201730571178e-01 -3.721500284410549364e-01 -3.559514159014832702e-01
-3.568854785530097828e-01 1.337313176373009782e-01 3.852059716341154627e-01 -5.816066867130413875e-01 5.703615562774323466e-01 -1.208671538163676867e-01 7.210850548766275514e-01 -5.607897510149743026e-01 7.488331645520798774e-02 -4.131652314961760386e-02
1.551454646734407861e-01 -2.149045597113542483e-01 -4.096912173883853203e-01 1.271472226264108892e-02 5.157161575822505339e-02 2.837202807604190247e-02 3.730771537018168771e-01 3.790240471036553926e-01 -2.818329097404169079e-02 -4.836795496033781672e-01
3.044502372088926934e-01 -6.139977177290354415e-01 -4.689758108161914962e-01 3.028778727036783927e-02 1.541540458733711982e-01 2.915973001255864339e-01 -2.633847521832349270e-01 1.999132946801688848e-01 -2.637305264754361001e-01 -4.027826897954384089e-01
-3.663051136402159513e-02 3.774647408893680445e-01 3.171233375186454095e-01 1.812532968755121432e-01 -5.134887896670013718e-02 2.233962149411839182e-01 -3.223497549026035358e-01 1.834189427494278823e-01 -6.063343671928465893e-04 -4.145323304446405510e-01
2.500826173995469581e-01 -1.879054272205109566e-01 -1.562031389090272060e-01 4.514237740689673872e-01 3.866654442317667972e-01 4.686479280644754719e-01 6.906131050119163062e-01 -9.478081506707207449e-02 -2.890030048450145661e-01 3.424918288576343506e-01
-5.091993093374320711e-01 -2.117660249624079005e-01 -5.552392316465525057e-02 -7.410808071079631396e-03 2.643972377719485678e-01 -2.298425153384971997e-01 4.321298603095677024e-03 -1.835063419001407847e-01 -2.859196083659143461e-01 2.370162402842476146e-01
-1.420181535599084333e-01 -6.008994113173958540e-02 -2.139029575717117937e-01 1.978277914154338846e-01 1.617845476624278356e-01 2.398088561333041324e-01 -6.147982392492849779e-02 5.514708030047350829e-02 1.673352385787964854e-03 -3.154958261935181252e-02
2.107519452784411274e-01 2.418497892118590398e-01 1.714304802384379600e-01 -2.133244400056640289e-01 -3.640768219273803896e-01 -2.429413776287201732e-01 2.376055499442721319e-01 -3.089786813819139222e-01 3.495544857665728311e-01 6.534528769829936468e-02
-1.988993831340745365e-05 5.350846462293999961e-01 -4.410900624072777165e-01 4.749581331959797370e-01 6.461783032187740083e-01 1.768831221831684009e-01 3.234150086245875522e-01 2.757396422721544726e-01 -4.688949312703969974e-01 -6.461554652255355746e-01
2.803484617303651505e-01 -3.691536244110810716e-01 -3.877184915200612703e-01 -2.313592265981592733e-01 4.683482337831173514e-01 -4.308173032401585445e-02 2.083758932255148563e-02 5.145419483935587124e-01 2.605366911580619949e-01 -2.427106224845710647e-01
-6.621054262856489181e-02 2.962621364914489464e-01 -2.508587388347218172e-01 1.818348893942031419e-01 -5.116701187313447141e-01 -1.679996649622049198e-01 3.094369635141807073e-01 -2.794299590838770775e-01 6.668830649376058517e-01 4.496273303718748560e-01
-9.053539992668410349e-03 9.310472332219045521e-02 2.109060017308925228e-01 2.044285890316697718e-01 8.930363854974562865e-02 3.530802806639742331e-01 1.684728879714081917e-01 -1.088640995874732564e-01 8.635696404109394209e-02 2.525118857826074703e-01
