6.380711257475979448e-01 -8.170318653710572088e-01 -1.162961813289211804e-01 -6.258854578307334604e-01 3.294766419459914664e-01 -4.585364451714399325e-01 3.465087741111330111e-01 5.956122200980100700e-01 8.052775225956525507e-01 7.184282034893879620e-01
1.520336812247478353e-01 1.218998201300893619e-01 -4.166610470436910574e-01 4.183907043510242119e-01 4.127805767572029771e-01 -1.171220326629540814e-01 -2.528147208994468431e-01 -4.415745040422034973e-01 5.308690510777120952e-01 -2.772096167639139797e-01
3.037395137272792534e-01 4.578336954631660460e-01 -1.919557484010697701e-02 6.889340821831608785e-01 -6.070076102906191151e-01 -3.088460837984147167e-01 5.921445045855439071e-01 2.464381576514214356e-01 7.054084214669096298e-01 -2.748944726987848086e-01
1.341683303544097816e-01 -3.564457956618239387e-01 -1.185538009917528474e-01 -1.610984091276161656e-01 -2.903101644223669009e-01 -3.222053356646865097e-01 3.952672506308043121e-01 -3.949393159871132375e-01 2.452639069988176157e-01 -1.987181075645993167e-01
5.576151907881854441e-03 -3.099569307428084119e-04 5.458614112574719512e-02 -3.253369170972308932e-02 2.825730493413562000e-02 -5.328111044574932110e-05 7.755091225610373680e-03 5.305849131284075260e-02 -2.290031481683967376e-02 1.347772598779160488e-02
-4.465895343921080229e-01 -7.509397701399184166e-01 -4.080981611026215927e-02 -7.947512729735677350e-01 7.045030614951813819e-01 -6.943091750367925696e-01 5.547796087174299284e-01 7.123684616975649586e-01 6.770700539578670130e-01 2.290306922243229015e-01
-7.619268711935845567e-03 1.064963521996727669e-01 3.682557054267104196e-02 -9.540210260334292675e-03 -1.117362898019454674e-02 3.151522309305966607e-02 6.696007116926894209e-02 -8.521423845264955443e-03 7.791439388028601268e-03 -3.661000441059175659e-02
-5.468678090647092205e-01 6.970361343357648343e-01 6.617436434244668153e-02 7.012821113663428862e-01 2.305862196242431661e-01 -3.289518812344774945e-01 -3.912150560993809534e-01 3.257906621575398232e-01 -6.152034769466283581e-01 5.759678900438958138e-01
-7.062975537382951141e-02 6.002762962576706496e-01 5.600991005294775338e-01 -5.691450058936278200e-01 -2.831911605757462813e-01 3.751585529284567899e-01 -4.386706889249034069e-01 7.257172908546133394e-01 5.254959991161890498e-01 -1.913649259455683371e-01
6.744230322488151130e-03 2.329132576804531906e-03 -3.040693702722553453e-03 1.567917775025354579e-02 3.251234215405373468e-02 1.100218646778519313e-02 8.462188017074000895e-03 3.062097056993268521e-02 2.917802825211609358e-02 2.587402280795154941e-02
-7.291927237473222467e-02 1.797484988331548086e-02 1.734639419235100566e-01 -2.396466966915611618e-01 3.381981782179997453e-01 -7.460215062076760474e-03 -4.451208146973731350e-02 -7.957630977951983542e-02 2.517739591932146442e-02 7.343997417042320841e-02
3.490165362154906137e-01 -3.245609405576772577e-01 5.938760462868025725e-01 1.896086960174216129e-01 -3.496268207287788615e-02 -2.129658163563267204e-01 5.496240527713158741e-01 5.125699266437728774e-01 -4.612273768925664874e-01 4.128461967819353484e-01
-4.509396438373344806e-01 -3.740301627583986904e-02 4.814657117840455691e-01 6.242754874224636374e-01 4.825947718977581791e-01 -5.280664076973862198e-01 2.120594873548187209e-01 -1.426775786986304029e-01 3.355084700064341341e-01 -1.382641542560430203e-01
4.412869880995436422e-01 1.807570831174559189e-01 -4.717732531378771021e-01 6.742878342348043175e-01 1.831884277473531109e-01 4.947295304450606557e-02 7.586299537416452132e-01 -1.852155174031674123e-01 4.236350073126178284e-01 2.961808432974484817e-01
3.197739510038818400e-01 -5.619731413170302448e-01 3.507854600928255184e-01 -2.422052102144981456e-01 2.972013688564349443e-01 -1.890960275903119658e-01 -4.669954321061362545e-01 -1.752547687287289713e-01 -2.020991115706832486e-01 -7.033518093644646196e-01
1.041800415969726043e-02 8.810419971085928573e-03 1.800382136331839592e-02 1.165741193306690446e-02 -1.462943234974447594e-02 5.778201200936729232e-02 1.762510274564007412e-02 -3.575200176708275349e-03 2.673224765000396450e-02 3.693330266895365754e-02
-5.530309653881188003e-01 1.224277599990388071e-01 -6.950840043713369942e-01 -6.015282398618599924e-01 -3.056013454623537906e-02 2.952879070241505866e-01 -5.217217606053042855e-02 4.506441488909436743e-01 9.824752426639994651e-02 2.362702897932918433e-01
8.340253533630299643e-01 -5.347815756905842655e-01 -7.700179716047209633e-01 4.718737458062992052e-01 5.940012349989183260e-01 3.137064846439258092e-01 1.123050340660949331e-01 6.653530930463987803e-01 8.069865905861658417e-01 -4.416941766797847224e-01
2.847861356682324877e-03 4.413469882183367748e-02 -6.142393204852036881e-01 -4.883406997263197713e-01 -5.933875578130831663e-01 2.942016712765574971e-01 -3.731454945824804748e-01 6.712373857928859433e-01 7.057928121751759487e-02 1.357373839730374905e-02
-7.989211160111550636e-02 3.745754605609102894e-01 -1.818509251936955284e-01 5.462350103450672179e-02 1.797953710636765734e-01 -1.099101230581336214e-01 -3.269037623161782924e-01 2.683753499002278220e-01 2.571980378626149699e-01 -8.546165174104570269e-04
2.215184420655242140e-02 -6.082719913513008614e-02 -3.048734000470835759e-01 4.364796155919398735e-01 -4.988811246739768279e-01 -2.808216449992606903e-02 2.417660839726357702e-01 1.733068680952233320e-01 -3.703959561653290544e-01 2.099713324582581087e-01
3.180763730630830621e-01 -1.029254903145911948e-01 -3.353038122685174094e-01 4.693538256478425597e-01 3.129441098486646644e-01 1.756834058657298081e-01 2.651925215685626003e-01 -9.519060181463880055e-02 -1.456592723973906822e-01 -2.389795376467809540e-01
8.189638720094923052e-02 5.360262833432424268e-01 -3.073385832031224618e-01 2.290233792143348546e-01 3.334601538775053275e-01 1.693137430040413949e-01 1.258627504972342492e-01 -1.522210841717417662e-01 3.101897652247171955e-01 -8.767295688977010115e-02
5.269604587080656266e-01 1.074897814776013399e-01 8.214570643779466330e-01 -8.892490131176765678e-01 -3.979464615283231366e-01 8.984033998189475123e-02 7.632604402218978734e-01 -7.786066963651272488e-01 -2.117620376138815153e-01 -8.178062121150450059e-01
-6.500924424573140126e-01 1.868584759472379231e-01 -4.055352118549472671e-04 -6.510871826465387813e-02 3.477867523828934160e-01 -1.502220974229707406e-01 -7.088584551963382774e-01 4.978952383362232892e-01 -6.840684344718461762e-01 -6.576441850132452860e-01
2.206548224740814343e-02 -1.340386394117201729e-01 -2.758676527766563968e-02 3.097445295685822830e-01 -5.764340796505015296e-01 5.143939709850446906e-01 -2.536595831612036833e-01 -2.705078209668545022e-02 2.602175290837783761e-01 -1.202050234247593608e-01
1.726175717778226371e-01 -6.278371960320566769e-01 -8.194434805425792057e-01 -8.114446608313144460e-02 -3.115499544967327838e-01 -8.031611189104139736e-01 -6.715652994756060590e-01 -7.276259309162573796e-01 8.687485609197463932e-01 -5.186923300690616800e-01
3.919799958704403564e-01 4.983892134874816082e-01 -4.551470026958646248e-02 -2.752903661258333523e-01 4.577346100073635404e-01 -3.259241495157719770e-01 5.444880854892284461e-01 3.734621842122172741e-01 1.643604439855831378e-01 1.471400266506097676e-01
-3.309424846098992790e-01 2.866924228706248523e-01 -3.332487877272918841e-02 2.561381044070711044e-02 -7.094491949705091782e-01 -2.645031567767477387e-01 3.402490998883728746e-01 -6.783881325115447281e-01 3.974958258739291206e-01 6.289133455189204825e-04
-1.841225051639266141e-01 5.009533324031709700e-01 6.318091026572865143e-01 -5.723626734627428742e-02 -2.665726154743024989e-01 -5.784511699492634884e-01 -2.642313914258176410e-01 -4.358041831933910371e-01 5.514132703425571602e-01 3.886099744110081966e-01
-3.808128463020790111e-01 -5.572529035689213206e-01 8.731226935492462093e-01 6.515217186018489315e-01 5.181047233190680945e-01 -1.413318532802135541e-01 -6.827171178634445781e-01 -8.049424761262345684e-02 -5.866768590740816247e-01 -6.616703869821022321e-01
-6.960460424876700747e-02 -1.103106630156757417e-01 -7.169362141574970870e-01 3.460501544761706572e-01 -3.959045912391872535e-01 -6.317407307744813405e-01 8.301158862940817285e-01 -1.492084490418297549e-01 -1.395384889099869352e-01 3.517620236632791886e-01
-1.595717622869324281e-01 6.360284875301113194e-01 -5.208193473216270464e-01 -6.956279658752075878e-01 2.481151419641436373e-01 1.354806290833639459e-01 -4.275544658957639715e-02 2.523781583776236181e-01 3.265751648736727186e-01 2.770926804141796151e-01
3.268953238209634793e-01 6.667961134161973780e-01 -2.253397125123430822e-01 3.775184660367099099e-01 -6.709132432366317067e-01 -6.162171099550328712e-01 1.096180000832169960e-01 2.120075131954174963e-01 -1.092541390971678988e-01 -4.600073029910006772e-01
-2.520972513997761857e-02 3.136903076339856988e-01 3.593400083986372229e-01 3.182185472175812491e-01 5.303643110198947852e-01 -3.009341914239435645e-01 -3.858229614473565050e-01 -6.677887661207107528e-02 -5.779880474186849248e-01 -5.990136041464050320e-02
-3.647089218711002667e-01 6.126740850483353151e-01 2.596598487711337944e-01 4.601191061537160398e-01 4.343064403103586990e-01 -4.582136366007802941e-01 3.855242728523846085e-01 -2.912942980802810666e-01 7.422075113882146136e-01 -4.322199999070238108e-01
3.498918900681687039e-02 6.408999098035399536e-03 1.855648581368309416e-02 -1.024907297698654518e-02 -9.486925451026102102e-03 1.837252162666861213e-02 5.457063073302943421e-03 8.965496189281089989e-02 -1.501663364191356195e-02 1.870454559101673853e-02
3.010403681304375523e-01 -2.503769862027510271e-02 4.946993095769920690e-02 -3.761400303045429050e-01 -5.630768787979730794e-01 -1.958501823872209682e-03 -1.362958428260518107e-01 2.870122593610529016e-01 -1.631353467285634740e-01 -5.367585538086556696e-01
3.984100743095584374e-01 -5.707383066445440578e-01 -2.996101236586355965e-01 -7.297516402909602906e-01 -7.205289411393028809e-02 -7.297218314376855419e-01 -2.074031228666418925e-01 -6.564336050160963776e-01 -2.605485139032451269e-02 2.857249972631187851e-01
-1.025028838569580318e-02 -2.353360915662304764e-01 1.295349653215030353e-03 -1.302613477729502589e-01 1.331142259054038657e-01 1.478917912679471314e-01 7.870083446001090166e-02 2.499795983636654839e-01 -7.544878394975360059e-02 1.491163657164290279e-01
1.395084618951437649e-01 2.796845736499976032e-01 -6.305094652486489815e-02 7.560429847046502838e-02 -8.241466295921512364e-02 2.998944618414248198e-01 -4.477202189830736256e-01 2.453097660684116776e-01 1.566776194207537484e-02 9.633575699695198780e-02
-4.169117505724346806e-01 -5.913871923352824467e-02 6.033586016490012360e-01 -6.455930693044367730e-02 -2.629890403142943756e-01 7.451404092833886494e-01 -3.256013543081369699e-01 -5.725297814254434181e-01 -4.213830386836667219e-01 5.290491710449335416e-01
5.890831473939520668e-01 -8.425630470843506470e-02 -2.635457200733486993e-01 6.749564151174123339e-01 -2.654668177036456633e-01 2.342646763514771163e-02 -7.856879186043542740e-01 1.488009505222127049e-01 -5.401960135549321862e-01 7.510673742980097378e-01
2.796915906220897585e-01 2.354962435258149134e-01 -3.718351667920162269e-03 1.543206767662798351e-01 -1.214387047560508415e-01 -3.473447718610623430e-02 4.964954484030018045e-02 9.431585130107346393e-02 1.437555003751252725e-01 2.008348512570347355e-01
-5.196818036351807946e-01 -8.583504080919314161e-01 1.483284486240031286e-01 6.047463371678652999e-01 -2.720757582492512872e-01 6.009478259673758371e-01 -8.469304088079607773e-01 -6.901894408420361504e-02 -6.949861895438353976e-01 6.411866076857283270e-01
-4.604960214859032952e-02 6.203044555799371029e-02 1.698871042320098668e-01 1.828045543702581585e-03 -2.473197077004836153e-01 -2.340419815160475758e-01 -2.895098478185327284e-01 5.494678118164593450e-02 -1.975612859273755961e-01 -1.476086894693092733e-01
2.190554298182260939e-01 -2.488802684235883744e-01 -4.526061989122564522e-01 -2.973223017625609699e-01 4.228829552443040263e-01 3.756054813910598145e-01 -1.999125409007959375e-01 -5.768585159167334275e-01 -5.370004056672933457e-01 5.174585952618413476e-01
3.166886387699760497e-01 -5.672806007902770897e-01 -3.343500996375825540e-02 -3.779654778131918413e-01 1.060204057556040497e-01 -3.319891702143863421e-01 -4.904210081519438380e-01 -7.213872635821005908e-02 -2.253383925268570391e-03 2.031427096194779736e-01
-1.603816055570022048e-01 -3.811584831343341473e-01 -1.062948130700466925e-01 1.291939887170454049e-01 1.411937457121195116e-01 2.887604215012266051e-01 3.345473710737693618e-01 2.981770761014794768e-01 2.034626079921688091e-01 -2.987898405506482676e-03
-8.761608050411926474e-01 4.489932407547201354e-01 9.370819388465381761e-02 7.455232472699997448e-01 -2.745322103421308224e-01 -3.235393397117973802e-01 -1.551514112339279217e-01 7.806216830586435451e-01 -5.196290243208508824e-02 1.438532562221768452e-01
-2.790586976769650618e-01 8.708350226231743874e-02 5.903206749778775464e-01 -4.204320241835136085e-01 2.108209079640007422e-01 8.389164153716981431e-01 2.014458338320300745e-01 -9.799849120389822477e-03 3.501038239928907503e-01 -4.276560567823983749e-01
1.897131531661492773e-02 2.148991332189279235e-01 -1.430966837304094574e-01 -2.968122170661437464e-01 3.202781032745706247e-01 -3.863865437753715160e-01 -1.669638661509036948e-01 2.759726407480801030e-02 -3.801060174547453430e-02 -2.510666371766931415e-01
2.011855466855766092e-02 -1.704165818008076261e-01 1.335169526622245473e-01 2.649528033960840169e-03 -5.930131801773090572e-02 -1.142044964651118821e-01 -6.591942530695391045e-02 3.119061701438353290e-02 -2.698405176040045150e-01 1.113818363893529090e-01
-2.911446320616177807e-01 7.781541254730205415e-01 9.210585154403525543e-01 -6.282404086466930604e-01 -1.042898457748130808e-01 -2.848296464585201027e-01 -3.102652861012516472e-01 -2.118959386305529213e-01 6.852529380428663552e-01 -4.341590418897534054e-01
-3.536879822216892344e-01 -4.396836415372591955e-01 -4.571180827763567933e-01 2.822992710053298659e-01 -2.367454137733869535e-01 7.252845795729422340e-01 -2.199156427001237590e-01 -5.238603720077594783e-01 7.904001526817416856e-02 4.567284219407771739e-01
-5.108427742161867346e-01 4.449631892592860183e-01 5.422298180188671601e-01 -3.215060565423956684e-01 -1.611583793193721581e-01 3.136132103606417143e-01 -3.190027019648152828e-01 2.331501317564230735e-01 -5.834115929572718517e-01 -7.183030596621834407e-01
-2.614541455425340999e-01 -4.813076126683912270e-01 -6.742625312685667227e-01 -4.498331546525729530e-01 4.021567389179268037e-01 -5.750619790989726088e-01 5.297126984491696416e-02 -3.438247079412202201e-01 -3.885475003762138835e-01 1.743900234390671766e-01
-5.454319769259255435e-02 -7.534096172425626403e-02 -3.127119488077866882e-01 2.363104175381773309e-01 1.235834583020672950e-02 -9.859722525097384949e-02 7.254089816166160720e-02 -7.860930022338585843e-02 1.368630631052798752e-01 -3.130303417456994364e-01
-2.900001359724109773e-01 1.726115871363873289e-01 1.933868291128797157e-01 -1.771034515840313461e-01 -6.156455525953836716e-01 5.727815586030585715e-01 -1.392571470549226753e-01 4.645437782207530453e-01 -1.877664893974411442e-01 -5.806606853991108652e-01
1.441859347982913098e-01 1.162371388816391543e-01 -5.872045079884022356e-02 2.438132113240765730e-01 1.403802949815641521e-01 2.126933828366840695e-01 7.263725864010081579e-02 1.311990023546000424e-02 -9.256156696483421042e-02 1.985475002746046186e-02
-5.752126305120298655e-01 -2.910918761928967258e-01 -4.622834363962024518e-01 6.362072427604603675e-01 -4.791869574546241406e-01 7.208873965048219201e-01 -3.489074276159100929e-01 -4.737793762068996384e-01 4.829583928627510514e-01 5.642428458449050277e-01
-5.440096942993509765e-01 -8.079336302908028677e-02 3.681400371898880253e-01 -2.945851383703843637e-03 8.293511996084415028e-01 -2.695741111288338376e-01 -2.382775494821190165e-01 5.905967107049978626e-01 -2.591229270555964748e-01 4.280893058237817406e-01
-2.585047151211145589e-01 -1.204907487008953088e-01 1.377277815987237863e-01 1.057847028850282187e-02 -1.360032554104376457e-01 -9.844468621134193353e-02 1.501620366207865598e-01 2.478118071178414886e-02 5.823235020752436097e-02 1.210070475385209739e-02
-1.649956080585323337e-01 2.708191782606976239e-01 -2.119671606103549349e-03 1.655793830663852273e-01 3.046223679037428078e-01 6.854231224960179170e-02 -2.928915044039030469e-01 -1.954470095197908264e-01 -9.581118047160862294e-02 -1.758852049713109378e-01
-1.900067851019136139e-02 -1.376324481757053020e-01 -4.341639970270539696e-03 -2.235433074154569433e-01 1.281190280892446631e-01 1.832514088891380455e-01 -1.142771432284673816e-01 -3.886144224004337566e-01 -3.430684532529496011e-01 -6.511696361498164887e-01
5.451685002097163002e-01 -1.583990244167271244e-01 -5.513731830493379116e-01 -5.923489489303832567e-01 1.434167726984616476e-01 8.781748487284968263e-02 -5.575203494749538802e-01 -6.518382850622832236e-02 -6.525050911607717108e-01 5.451185751469381779e-01
4.687795148981825366e-01 -6.480611404051430657e-01 3.804794967859482790e-01 5.858438685838910365e-01 6.337860362691899452e-01 -2.956610931899347761e-01 4.053160828249193770e-01 1.648663031627661812e-01 -1.234025487727502882e-02 4.867719239682379295e-01
4.494722800581555933e-01 -4.644579649631421780e-01 -4.349647098266947731e-01 1.841673674236424252e-01 -1.458911802018431902e-01 -4.345295314389474584e-01 5.407492067300756489e-01 4.476591610806247012e-01 -1.400438199447098242e-01 1.194825027905662973e-01
2.054605798287061080e-01 7.953722120820000407e-01 5.077896490507174398e-01 6.049521356825845464e-01 7.221396596660477618e-01 -8.079147776644922674e-01 1.677406746279843097e-01 8.017961907041436520e-01 3.097670714262040215e-01 -8.789707236459752826e-01
3.511353236079535756e-01 -1.727851781362810257e-01 5.775208482125673143e-02 1.627500323497397539e-01 -2.266211474256765446e-01 5.307907778907028362e-01 -7.322187304435831545e-02 2.421217015050620147e-01 1.523091997564297306e-01 3.462290149731737099e-01
4.654334767878304802e-01 -5.904668699139186128e-01 5.888807203587682615e-01 -3.607998192223089151e-01 -1.958048919609621519e-01 -1.663858218572576431e-01 5.643312416632519923e-01 -4.744491934574802117e-01 3.453872737680598881e-01 -2.525047623000582497e-01
6.774771436564170912e-01 -2.559009986125884706e-01 -7.079770310483225471e-01 8.951680989383677955e-01 8.731255803073280364e-02 9.340379240385039417e-01 6.944937394987624746e-01 -2.711175443565981280e-01 -9.392520860219252810e-02 7.903455839709644382e-01
-2.319673187989383933e-01 7.158992162839815723e-03 3.152981166597086660e-02 -5.671017999936303067e-01 -4.624435193272551370e-01 -2.477790243783588031e-01 2.558196783971933286e-01 -4.322883667884049319e-01 -3.191983950293853511e-01 1.485123343198028190e-01
1.897240029416212212e-02 2.991862427223483667e-02 6.319331025527443954e-03 5.056544749953581497e-02 -1.057532476370907915e-02 4.993991714898477624e-02 -2.676815276720371367e-03 2.585881142464473148e-02 1.338888242068525178e-02 1.376461358740986747e-02
-1.214113172792107426e-01 -6.174803513364985896e-01 2.934392884145856639e-01 3.505783116118742909e-02 4.860428209529829569e-01 -4.569374008469588300e-01 2.370242019689788038e-01 -4.058943351265554833e-01 7.270248172964745015e-01 4.497359997446335744e-01
-4.943730387738485832e-01 6.696462529588934620e-01 -1.067029925892318820e-01 -1.723020512232485146e-01 4.794690518841583926e-01 5.279546793071389077e-01 2.619481089575196875e-01 4.732172662207635438e-01 -4.814510008811984099e-01 -4.059827830795054160e-01
-7.853192898958603896e-02 -4.933608426888426157e-01 7.188756440550791993e-02 -3.222266197648336605e-02 2.019599634180447856e-01 1.898545751474483012e-01 1.589107619749830225e-01 4.662617839554819010e-01 -3.468367957358748921e-01 3.943854063669470222e-01
-6.902172008098245160e-01 3.973496247092200839e-01 4.577469736841833781e-01 7.378035121872740243e-01 1.360107425771595324e-01 6.021050785664190386e-01 -1.964595636083547037e-01 -9.984239770072185494e-02 7.186014259074708921e-01 9.240340970847849000e-02
-1.541202015415924498e-01 6.427682735157528304e-01 -5.777315128124740351e-01 1.988882162715064905e-01 3.106800080551096466e-01 4.125079918274461854e-01 4.116958008946877690e-01 1.210586005683553790e-01 -4.381107695808608704e-02 -1.624862873064157331e-01
2.934691520207177023e-02 -9.881095984894238543e-03 4.986330849591402714e-02 4.272699554448626535e-02 -9.878916501965258161e-04 4.765418032903532414e-02 1.562858068972419745e-02 3.750548235111129947e-02 3.095326545072713334e-02 -2.354389327542878718e-02
-4.947973737057882460e-01 5.954498514477938320e-01 -4.905576790269395859e-01 -3.827415155485459387e-03 5.740091944955690861e-01 -7.523238734490007573e-01 -8.028087948172210053e-01 2.652193502638091060e-01 -3.405973240311377381e-01 -7.073709830704588697e-01
-2.524677349256947423e-01 -2.335085608045459338e-01 9.586469965279706407e-02 1.555185286287255053e-01 1.844365282610322954e-01 -4.873926614431855486e-01 1.283685116389613468e-01 6.457747236342264996e-01 2.588963618278248835e-01 -9.238052748192961128e-02
-5.502259942894021094e-01 2.030158002386927563e-01 -8.196089880992915022e-01 -3.398954130035932164e-01 -6.775073274283223146e-01 7.533105539777090742e-02 -8.377141037162354475e-01 -5.114423099242928483e-01 8.012244920030388018e-01 6.916065135712825551e-01
9.174699914818086610e-02 9.299980546006260396e-02 8.685332510570883957e-02 -2.803897678347008759e-01 5.788742760512702312e-02 -1.391463396956015286e-01 -8.544303043990324198e-02 -1.278307419614482243e-01 2.933791086941199902e-02 -5.382113972803999682e-03
9.351857489915511856e-02 -2.298705757380947734e-01 3.003117592128429214e-01 4.505717026120721891e-01 -5.113145302429579209e-01 1.821362620135092147e-01 2.556193109649103623e-01 3.710236656300706926e-02 -5.303296432545004935e-01 -5.940055669503306879e-01
3.872966742095088621e-01 -2.127466331132735478e-01 3.394331575624761066e-01 -5.396470680372619788e-03 -2.713687998264090462e-01 -3.621301045468227620e-01 2.303209781940338818e-01 -4.752340288241458932e-01 -2.102985152072125441e-01 4.702057693589733467e-01
6.960460956067077154e-01 -4.818568889725265425e-01 4.806681632678327931e-01 8.253580497505215163e-01 6.190826127250730337e-01 -3.127828959253738106e-02 5.271858762081791383e-01 6.953597096003877320e-01 5.953731436662476062e-01 1.044025573237172405e-01
8.725963048364472618e-02 1.246992991614157553e-01 4.548310377027269813e-01 -1.547071538794270451e-01 2.048020031094730797e-01 -2.089979723511104226e-01 9.745774181681762793e-02 2.830495564922743124e-01 -3.974281351262805018e-01 -3.788159274469135585e-01
-3.751462347934745867e-01 1.344133699102314228e-01 3.994209767221221230e-01 -5.969217202768583030e-01 5.889651495703190909e-01 -1.393275297841112259e-01 7.447833062161127726e-01 -5.754360936398936754e-01 7.710733056177751510e-02 -4.416222943307967358e-02
1.663502166846259067e-01 -2.602784742477058377e-01 -4.781941955357475460e-01 1.763460789580506560e-02 4.331759007019301416e-02 -4.524843422549643807e-02 4.337664090528661198e-01 4.769417645804971961e-01 -6.329079128841386126e-02 -6.371161462625805072e-01
3.180647409098041334e-01 -6.333873667436368260e-01 -4.964173765349079726e-01 2.791032951942763740e-02 1.669067366614399306e-01 3.011779445922102560e-01 -2.641976989723440195e-01 2.094089950414895762e-01 -2.918607354160126510e-01 -4.193027331626942855e-01
-4.873693654062070252e-02 4.089788232689758329e-01 3.647641455451989811e-01 2.101280289412936209e-01 -8.662576011047380675e-02 2.389538590736396406e-01 -3.666825949750902036e-01 2.102738763025002733e-01 -8.182768464248240531e-03 -4.935887291492216389e-01
2.627727991474999025e-01 -1.961326686828098464e-01 -1.705103336003860881e-01 4.715180339347291305e-01 4.072558250351271947e-01 4.686358746257994756e-01 7.286668905123140361e-01 -9.209500688973447369e-02 -3.228138337470513042e-01 3.424483952529590036e-01
-5.413084789365212313e-01 -2.483829644211317245e-01 -5.701865435465448134e-02 -4.600012114609151881e-02 2.786112518296168794e-01 -2.998013983672110916e-01 1.384287820247941288e-02 -1.953048990964846854e-01 -3.046044664013971004e-01 2.542803524492490141e-01
-2.193374052222794302e-01 -1.580728705116911381e-01 -3.849680026475520989e-01 4.822646384977078982e-01 2.364010019020565123e-01 4.361147618859926856e-01 -2.754567364281774733e-01 -1.781479460845480922e-02 -1.842948160160077717e-02 2.029485473068809963e-03
2.429689841778378545e-01 2.344055872769391646e-01 1.909420132980660378e-01 -2.335081835673049055e-01 -3.973381620616034948e-01 -2.595789897408203872e-01 2.318880686045663442e-01 -3.509386237235711525e-01 3.863625747614965467e-01 6.982811840299560369e-02
-2.447449793057893206e-03 5.392937117694961424e-01 -4.463667892778622193e-01 4.823233639708150999e-01 6.587811058418180377e-01 1.817505375005769863e-01 3.127190747161118778e-01 2.770890287345539882e-01 -4.756382505952468365e-01 -6.551671161547314437e-01
3.169065924734830730e-01 -4.184102631732907196e-01 -4.742687411577448109e-01 -2.608212889934108936e-01 5.287338794515452634e-01 -7.831641413345097336e-02 2.115704106201976228e-02 5.793338310675746339e-01 2.928041316217774304e-01 -2.782712501808361494e-01
-9.088099373471290876e-02 3.277350239710713486e-01 -2.805421203440044420e-01 1.913743705999317590e-01 -5.379271185005357614e-01 -1.667591110190415615e-01 3.089334204590384325e-01 -2.784782206151324435e-01 7.056541534392530846e-01 4.909934135706859326e-01
-1.145214235545304882e-01 1.235417494574301556e-01 3.359395850849429821e-01 2.864771012759130264e-01 1.042329720864767773e-01 5.102850631993998132e-01 2.264425730509137535e-01 -9.143447912476258821e-02 1.351868837618996066e-01 3.732590610088520888e-01
