6.295607924802130162e-01 -7.970237913871984770e-01 -1.149189714458211664e-01 -6.200477463498111907e-01 3.227906977292940294e-01 -4.555515622789798047e-01 3.511735001278288304e-01 5.925744348609117695e-01 8.040416342591333310e-01 7.081349949509970765e-01
1.494972431135055957e-01 1.205896102711054990e-01 -3.885805402415840604e-01 4.038641965833519309e-01 3.958667411391217916e-01 -1.081208445845909527e-01 -2.521632791905260018e-01 -4.317370796715286341e-01 5.164494215293506940e-01 -2.684072457097342879e-01
2.789520180470316801e-01 4.417597783670058620e-01 -2.000213551962089220e-02 6.560266222851993678e-01 -5.671763758908814346e-01 -2.936470573646569049e-01 5.552175604733583514e-01 2.503184831932587784e-01 6.816529137303398711e-01 -2.661430101044141572e-01
1.598927827081460806e-01 -2.118500414094989515e-01 -5.890189425546987767e-02 -6.121819664249580906e-02 -1.679681658886006679e-01 -1.888471500731590536e-01 2.329697009716213407e-01 -2.000189936509668420e-01 1.685062574774815192e-01 -1.068748731822556225e-01
-1.391853395607216444e-03 -2.678386668129878728e-03 5.142378486371364243e-02 -1.127892812844620216e-02 9.000903902227848363e-02 8.458891318909818324e-03 1.877257459176510240e-02 5.680120459033261016e-02 2.463953463005044524e-03 3.449691441104082296e-02
-4.455950354073562880e-01 -7.472226809328461616e-01 -4.071258278970208561e-02 -7.938286303353960793e-01 7.016616943698652520e-01 -6.937921674606208899e-01 5.531244577954194108e-01 7.117951872302199501e-01 6.744331672111714138e-01 2.297516436513261096e-01
-7.215089229333317145e-03 1.534162295071114790e-01 5.430388824777644674e-02 6.977360852645613128e-03 -1.382745201682943244e-02 1.279460747254296607e-02 3.878746487581914010e-02 -2.373798795564163906e-03 4.986796476969875686e-02 1.835393293621757167e-03
-5.349894303872757551e-01 6.804564528158802972e-01 8.048776469992117988e-02 6.856701915646384871e-01 2.259158485288015605e-01 -3.245714643838105706e-01 -3.839180266298972688e-01 3.203300904656407599e-01 -6.048422654512749519e-01 5.599615724113958803e-01
-6.941632838601091704e-02 5.907520577473320822e-01 5.500960639713853295e-01 -5.605218003359705436e-01 -2.787630420266024589e-01 3.700026445797245378e-01 -4.190476654003646440e-01 7.195774074784477836e-01 5.170920846691277051e-01 -1.897490258213940240e-01
6.413619523513092863e-03 -2.938647233838646324e-03 -5.117572576971192097e-03 1.441185990694590288e-02 6.172737394700699570e-02 3.657516477559544232e-02 7.180561924380697222e-03 4.660207557264186423e-02 2.396122917574125544e-02 2.362953283769805152e-02
-2.493763296722401740e-02 8.345503544661857231e-02 8.032209253559190187e-02 -9.762889256305189167e-02 2.410068680729503809e-01 -8.362687537402916814e-04 -3.316606375674214374e-02 -1.186753596351140284e-02 2.650426033864226177e-02 4.877456076570076127e-02
3.423098999629100581e-01 -3.189046408906676122e-01 5.945577705356156484e-01 1.864259210658442967e-01 -3.494008674757158317e-02 -2.090341870892593046e-01 5.403179835236484596e-01 5.067483543024968728e-01 -4.533072144305859696e-01 4.087417439403788766e-01
-4.235039149753787591e-01 -4.343634605744982335e-02 4.436475499099061803e-01 5.825273445516778725e-01 4.657023806411477729e-01 -4.638648796272147323e-01 2.075417435573784497e-01 -1.353036921258270742e-01 3.167540046554256361e-01 -1.287457426034081531e-01
4.168766062608419420e-01 1.995980028319840061e-01 -4.655573247290789585e-01 6.382675247436647714e-01 1.759033868836278047e-01 5.498732066673304303e-02 7.419112791760602565e-01 -1.621782874515879935e-01 4.116026374725634263e-01 2.864577253744113317e-01
3.107184754446699615e-01 -5.501130957397913912e-01 3.573460565829680857e-01 -2.366897995128547927e-01 2.907943349608912986e-01 -1.811565215851146660e-01 -4.553735572677229948e-01 -1.670468658570044840e-01 -2.008670661538427549e-01 -6.846167262584450519e-01
-5.505997108516453957e-03 1.727444803283125288e-02 4.302740785714224969e-02 1.833324179423457753e-02 1.784608383617272004e-02 3.450915370197697035e-02 1.756803149672702541e-03 -6.862135349476376983e-04 1.947479011538263624e-02 3.563426874823610868e-02
-4.247790052930600080e-01 1.044785710555781871e-01 -5.586064743279871569e-01 -4.802841695679407330e-01 -1.026368244065493755e-02 2.100059441338185673e-01 -4.155870873795567549e-02 3.657704323194552187e-01 9.959782991037019473e-02 2.433349233115225663e-01
8.297690266200027365e-01 -5.337682714530087580e-01 -7.693735004444954839e-01 4.700901566429694367e-01 5.958704624518348369e-01 3.149317451902443610e-01 1.115675414830648304e-01 6.657064334018142349e-01 8.042222166024520780e-01 -4.411917522918046841e-01
1.615015507333406866e-03 4.204882017136321593e-02 -5.902950533326006832e-01 -4.772576550224472691e-01 -5.785893269062390987e-01 2.856382122995187456e-01 -3.642720484208039622e-01 6.682282641301177106e-01 6.725889721986283432e-02 1.283791416102236273e-02
-4.907240623082614883e-02 2.572674997165141364e-01 -1.392281866920463684e-01 5.857531691932790080e-02 1.836219874381226635e-01 -9.280146174311983132e-02 -2.198465211862695723e-01 1.567758541047091503e-01 1.565999956759237255e-01 3.125820515665190397e-02
4.286121120713066437e-04 -5.491073987686898722e-02 -2.437435227842203456e-01 3.695750265828967596e-01 -4.141028488909840322e-01 -2.520473851994083428e-02 1.814086676124302688e-01 1.854987595920507271e-01 -3.138012118503001879e-01 1.801942396620885845e-01
2.811015618755703382e-01 -9.434398969239977950e-02 -2.432392394412424275e-01 4.079954749443333029e-01 2.705906787127311808e-01 1.663758734004980588e-01 2.152742558645399373e-01 -8.740464730234202839e-02 -1.279427193508191896e-01 -2.137810649475574698e-01
6.105558218218241212e-02 4.302320580506095449e-01 -2.186179079548826454e-01 1.772267033536926439e-01 2.625999851868568435e-01 1.352394397858923958e-01 1.047990382800287196e-01 -6.710969803536183387e-02 2.519887384609533210e-01 -7.157828602515092786e-02
5.222950817653116973e-01 1.115194575504943192e-01 8.166515830395408848e-01 -8.842834724495016729e-01 -3.956428205423501709e-01 8.722692974540514899e-02 7.580287227908008019e-01 -7.725596262294355254e-01 -2.096339615736978745e-01 -8.078647724887310089e-01
-6.274393080055620242e-01 1.830484703831548321e-01 1.219887986698591116e-02 -6.603058651991716710e-02 3.367650841833991215e-01 -1.371474378224407376e-01 -6.832795717502750943e-01 4.638050918547126367e-01 -6.521256111461947169e-01 -6.021767060908631564e-01
1.172800134717507173e-02 -4.887641433175797523e-02 -1.633225293071411538e-02 2.509249721269561362e-01 -4.930775384092391245e-01 4.281606600993357326e-01 -2.090757452725361121e-01 -2.474721673631235727e-02 2.226170698505564316e-01 -1.165750663275901822e-01
1.709644462856561298e-01 -6.255162927656569005e-01 -8.097570868581164261e-01 -8.167195475942641558e-02 -3.101287445332124304e-01 -7.991111222767376399e-01 -6.674075053210924979e-01 -7.254347825390611293e-01 8.640653889448643987e-01 -5.172054494302176231e-01
3.692249706641386187e-01 4.744895449189662773e-01 -4.059020715589740924e-02 -2.686853283599942577e-01 4.392938457740612757e-01 -2.813312211324276446e-01 5.141515449574418639e-01 3.523477705658763504e-01 1.549158635541245388e-01 1.386518149496572538e-01
-3.190741595021166499e-01 2.883260050894663751e-01 -3.530525588619310567e-02 3.106858190400728012e-02 -6.908336272265855893e-01 -2.408131138090534862e-01 3.287952093746671633e-01 -6.538509261379638060e-01 3.865142828653441720e-01 1.099649910141687562e-03
-1.735694874835962964e-01 4.788255701133948272e-01 6.154333239385921805e-01 -6.950268674265289159e-02 -2.232731845154724559e-01 -5.414217894634308914e-01 -2.599024598511722184e-01 -4.145360144468464569e-01 5.217761158529062859e-01 3.630043760772235228e-01
-3.794515568565640651e-01 -5.430134332329975555e-01 8.691820357551589549e-01 6.493110338010135152e-01 5.112631906640067170e-01 -1.407581375921519440e-01 -6.768846746317933594e-01 -8.296360063874455570e-02 -5.790270855904371405e-01 -6.626461534656362673e-01
-6.637346640592815816e-02 -1.098616976713295557e-01 -6.925335819964277828e-01 3.339560783068249439e-01 -3.807006717240966065e-01 -5.826985600925564945e-01 7.989828698228924608e-01 -1.508349802824137387e-01 -1.320804540536073546e-01 3.528116000986207812e-01
-1.485570279560534390e-01 6.076487435963677797e-01 -4.887333906891274671e-01 -6.695048607473417235e-01 2.552244696938038016e-01 1.316931924915436258e-01 -4.273271569983663754e-02 2.513195991653447425e-01 3.149261825928393876e-01 2.502086517915184660e-01
3.105534640654064038e-01 6.365386660011875808e-01 -2.221919166542838109e-01 3.544968703559296941e-01 -6.198171069315425719e-01 -5.809290984258069779e-01 1.082203114230980562e-01 1.940596412501244816e-01 -1.160284986721702855e-01 -4.419372604642848867e-01
-3.382062528986296002e-02 3.150057249382053337e-01 3.520855152533948762e-01 3.137309174801233835e-01 5.179523517619154527e-01 -2.796249123889377741e-01 -3.707001921731757910e-01 -5.379581045229643588e-02 -5.647378338991636548e-01 -6.159464842925309325e-02
-3.533325077492381339e-01 5.911434776033700489e-01 2.736879299716084013e-01 4.302232365142347748e-01 4.043712954041926988e-01 -4.503243738068333224e-01 3.575839462294277959e-01 -2.654779692906340527e-01 7.194952997723219612e-01 -4.222234782435045908e-01
8.338936810455448156e-02 2.666396607361046223e-02 3.394072269794864288e-02 1.524145734513431601e-03 -3.738091262585996593e-03 -4.183070151661434817e-03 2.540876565421288421e-03 1.347681433176058097e-01 -9.490798470685561650e-03 3.953453349440110530e-03
1.754443926292241773e-01 -2.084674690201550676e-02 8.996691387709957258e-03 -2.103992952713518716e-01 -3.048151559679554423e-01 -5.214692440741012201e-03 -7.520621475357223973e-02 1.371720718944264006e-01 -1.271851907191998698e-01 -3.346034701006763701e-01
3.833379015560895997e-01 -5.496009535443302507e-01 -2.866800507012308152e-01 -7.038307517789003098e-01 -6.879424808546176495e-02 -6.977792829921896089e-01 -2.022451990107133890e-01 -6.333126916234279591e-01 -2.126637061057893435e-02 3.073485590339079532e-01
2.305082655707837644e-02 -1.040855494275242238e-01 4.370344151501451106e-03 -1.988111276297801350e-02 1.637531136494783657e-01 1.991601276067954396e-02 7.214946920173105627e-02 8.803211033460899004e-02 -3.008933984524559888e-02 8.431151126350523717e-02
1.170749802765774089e-01 2.521705452174905493e-01 -4.005231901478614742e-02 9.961000182061915953e-02 -4.618734506972115711e-02 1.864226715129474743e-01 -3.096191694384897719e-01 1.945736437324434021e-01 -9.302969657893939322e-04 7.253397956374565969e-02
-3.877399896715381100e-01 -4.160899120086579417e-02 5.806973876990209060e-01 -5.029718572177115099e-02 -2.541135419880432011e-01 7.139177956549189741e-01 -3.186452904434393107e-01 -5.216370968228534188e-01 -4.080308929747868962e-01 5.406906051758433307e-01
5.804203034300809971e-01 -7.639371951793864912e-02 -2.596798966719495727e-01 6.619224283117292051e-01 -2.619643497203338334e-01 2.608327885499102730e-02 -7.756632621976389252e-01 1.503347725753104991e-01 -5.355141690560062395e-01 7.419194268551996263e-01
2.557072308623611900e-01 1.782218153404573346e-01 6.511532124262670029e-03 1.191481475342840296e-01 -7.639620354386424117e-02 4.876552827190748507e-02 4.435685318976206881e-02 5.902640584107483879e-02 1.229527507966708955e-01 1.454119511882872029e-01
-5.196513896587701131e-01 -8.467621165883860712e-01 1.539647742880898840e-01 6.034434194891459269e-01 -2.750361738935205858e-01 5.897376567049175122e-01 -8.404640894635249104e-01 -6.937906333160141770e-02 -6.877176013429648904e-01 6.392133850655350447e-01
-1.636745381878390235e-02 3.055556559411652315e-02 5.733426473814827451e-02 -2.630845248339162140e-02 -3.152534265432613281e-02 -1.305363990331907809e-02 -9.580305809093381253e-02 5.622433936688511769e-02 -8.149424953044155651e-02 -6.617755763333665886e-02
2.018058384079139400e-01 -2.372406668134823260e-01 -4.395586964697932308e-01 -2.985753903972709900e-01 4.332469987445200510e-01 3.669151785153467182e-01 -2.064921886911493532e-01 -5.421744943873367806e-01 -5.206116423782598535e-01 4.964891571776238743e-01
2.835204937283701265e-01 -5.183650661726008080e-01 -2.139971601782508434e-02 -3.453225023713585307e-01 9.680239422616278289e-02 -2.986559946159104140e-01 -4.153563311693482252e-01 -6.599929965886945638e-02 1.050311158384141172e-02 1.815544332348355827e-01
-1.177488815870266770e-01 -2.988267145493339605e-01 -8.073675958953434317e-02 7.648480664529366813e-02 1.613619614480288622e-01 2.256851736684593879e-01 2.471034120426887082e-01 2.072771001487442311e-01 1.312219407003723248e-01 5.994455914004628849e-02
-8.565253585914618384e-01 4.481004554475006008e-01 8.862492839559535374e-02 7.385281123645860424e-01 -2.690104162006883293e-01 -3.179861647742820430e-01 -1.515841789420576680e-01 7.624662228376734019e-01 -5.122834555858442329e-02 1.403241026495561927e-01
-2.451938454704040982e-01 8.411906098358019890e-02 5.659478463165452666e-01 -4.033855374929357085e-01 1.996722452267104542e-01 8.072559594888758516e-01 1.952997577164169718e-01 -7.691078949811355064e-03 3.370152134392324639e-01 -4.150912683671277303e-01
5.039228702699015058e-03 1.451898045334766019e-01 -6.172147203171788471e-02 -1.553699024135150597e-01 1.830766222261712983e-01 -2.144567273094838411e-01 4.878740035251085370e-03 2.063632614469871132e-02 -1.183783120017075675e-02 -1.429272576212394230e-01
7.758650923747838213e-02 -1.971420777039374281e-02 1.621734073883123184e-01 -1.480665013069269210e-02 -3.931864257634450771e-02 -4.839996561207090403e-02 -2.666643164200263247e-02 3.004376260533059284e-02 -1.463484420140097053e-01 4.625486853254909964e-02
-2.860141808942071040e-01 7.673239552359883975e-01 9.164483218292365230e-01 -6.225842595942208124e-01 -1.041671885602126479e-01 -2.617469249082766125e-01 -3.140523151668120350e-01 -2.219383278759522737e-01 6.826002417948071610e-01 -4.091416646231613718e-01
-3.397320693205665432e-01 -4.367383764918971734e-01 -4.449657414850148873e-01 2.752524857502824385e-01 -2.321924405634624433e-01 7.257181674249241210e-01 -2.105401746030464705e-01 -5.144902716045718361e-01 7.553206567396543447e-02 4.402396668668330237e-01
-5.076010694613517504e-01 4.419729618085873613e-01 5.394400338967786368e-01 -3.209836208237664690e-01 -1.562988684514138027e-01 3.177342625338124837e-01 -3.198858208405955250e-01 2.312905438877471687e-01 -5.809682879866732153e-01 -7.124030743167885094e-01
-2.356150151412791660e-01 -4.539977864084014381e-01 -6.264421840420536514e-01 -3.944288652439044696e-01 3.807251911741484918e-01 -5.381278318115831905e-01 4.828023936627316021e-02 -3.183683010147083658e-01 -3.673977499852079664e-01 1.487750332721917146e-01
5.617555905018331575e-02 -4.611832754482343699e-02 -2.489874992917173457e-01 1.777116037790510139e-01 2.757371515766817924e-02 -9.436299691381505594e-02 6.756594148863168114e-02 -1.335524410051765372e-02 1.033137412211878881e-01 -2.378504092469120312e-01
-2.614320795714144552e-01 1.650989903540653891e-01 1.986438543062419571e-01 -1.489318987904678371e-01 -5.796582972078072604e-01 5.646864717163484482e-01 -1.296236852091303682e-01 4.413928347010113162e-01 -1.793205578599155747e-01 -5.516447221450898608e-01
8.346274632907660362e-02 4.546811037635904718e-02 7.669894841901459155e-03 1.014328809588108254e-01 1.189511159378960903e-01 2.934695961565565031e-02 3.248296418095159011e-02 -9.459882172958372637e-03 -2.628728186194077832e-02 1.293569334749550791e-02
-5.666998483201015624e-01 -2.821188180119214017e-01 -4.576044548558734215e-01 6.324977049997798639e-01 -4.814441091808184803e-01 6.954677653999070674e-01 -3.440335292218804075e-01 -4.622565310502120828e-01 4.828290436536423202e-01 5.606712993235737352e-01
-5.397639637148301528e-01 -7.965525206486898102e-02 3.622004548805429214e-01 -3.969162573605315193e-03 8.202432229386678042e-01 -2.675191062909196282e-01 -2.275864784047815226e-01 5.784566966432252988e-01 -2.557340259893663981e-01 4.230262328489804990e-01
-1.002424977065033279e-01 -5.498262735888970881e-02 6.053481142997286374e-02 3.656459301322182581e-02 -2.286344562994685123e-02 -2.260630556798843161e-03 5.458792475420786577e-02 -5.817815172963721956e-03 1.472369609188741921e-02 9.718124044211712276e-02
-1.088684764125116555e-01 2.411904220975515656e-01 -1.302026145656950094e-02 8.764151864716759888e-02 1.923347734883250337e-01 4.143430012919417649e-02 -1.775820079959720410e-01 -1.460872174981698579e-01 -5.834874159424097151e-02 -9.163655051226433923e-02
1.137106097274524601e-02 -7.913308396776683185e-02 1.082900339008781992e-02 -1.827346583160854576e-01 1.117603897983120848e-01 9.336581947131167292e-02 -8.833763567940951245e-02 -2.743544160581710689e-01 -2.866607256415928950e-01 -5.735233579867621279e-01
5.240556116915557894e-01 -1.207174832007499032e-01 -5.314163172074026775e-01 -5.670521233962471097e-01 1.277411995492090668e-01 8.745357821744115245e-02 -5.201055570688341012e-01 -6.681220859459363615e-02 -6.283669728632911289e-01 5.162803181722162016e-01
4.625232281915526711e-01 -6.370355445125104321e-01 3.788163734372664848e-01 5.754538393286702247e-01 6.314833517256936979e-01 -3.041208982782553361e-01 4.017874068739437088e-01 1.688864824055010261e-01 -1.222795481713977346e-02 4.822417347744775151e-01
4.264577119185132270e-01 -4.506866083885409657e-01 -3.963850609268203540e-01 1.707321776601523622e-01 -1.395722674348905123e-01 -4.171523828665359979e-01 5.110243682427636491e-01 4.282168382252299899e-01 -1.287730148626196058e-01 1.135920490827625612e-01
2.110865295834709332e-01 7.913710625929455400e-01 5.094059044995921104e-01 6.020652055558567417e-01 7.223568883080406788e-01 -8.033819486619575567e-01 1.673512628017203019e-01 7.941571348880259729e-01 3.090322997137933680e-01 -8.709323060907370184e-01
2.942132807047222465e-01 -1.215444513807850541e-01 5.477255095208998642e-02 1.368610228215244029e-01 -2.038183936872593749e-01 3.910600006542276907e-01 -4.068459334154850282e-02 2.324895862406367031e-01 1.444046786366326718e-01 3.397454826902531200e-01
4.346595960488647270e-01 -5.485202848039624213e-01 5.581908449648514958e-01 -3.532030673815920729e-01 -1.767449741420650533e-01 -1.568668275059116324e-01 5.525832556025953579e-01 -4.485079428923951506e-01 3.280303709650715382e-01 -2.354587101450923148e-01
6.766387347234890104e-01 -2.550036001543870556e-01 -7.074584532560286299e-01 8.932583712407800025e-01 8.626010642852723065e-02 9.341072077569158028e-01 6.929450204352914922e-01 -2.708447988666320971e-01 -9.290677505436950590e-02 7.890342439403916774e-01
-2.181900240176894434e-01 5.741813663210268079e-03 5.696299356199939490e-02 -5.286059360081432068e-01 -4.313671151379783741e-01 -2.343195365733089230e-01 2.237726563029333038e-01 -4.095687046183889013e-01 -2.995324573133984480e-01 1.457144241545876573e-01
4.365855877402148415e-03 3.873366251921257081e-02 1.488282385922329136e-02 6.155282523238649744e-02 -5.872055417406894795e-03 5.414198454467686328e-02 1.934152313905273916e-03 3.842182387803706745e-02 1.181395072784435611e-02 1.788958166388019549e-02
-1.252099967010537052e-01 -6.039369044467267633e-01 2.776337092054609879e-01 3.281069405662653815e-02 4.892910667586305995e-01 -4.552220962090736123e-01 2.439876699466856924e-01 -3.970245717706709643e-01 7.160413566751006043e-01 4.420002221245215579e-01
-4.828222298108343358e-01 6.686396486630704628e-01 -1.042536825864108369e-01 -1.642807158993055405e-01 4.580197366729052977e-01 5.146168715201809851e-01 2.671323957367719992e-01 4.610544942232694399e-01 -4.652241222079993022e-01 -3.977048361286691369e-01
-6.858187498545870175e-02 -4.264996096398193104e-01 5.942238143464587119e-02 -5.535231123108574208e-02 1.668782677134464376e-01 1.712880234797259649e-01 1.161708754409984945e-01 4.176754868903558848e-01 -2.854052884229333897e-01 3.346779638771656407e-01
-6.776958466435469841e-01 3.951428527080289022e-01 4.483858154440077404e-01 7.206241254477685487e-01 1.307896446378658539e-01 5.895340668863718880e-01 -1.914250902484772310e-01 -8.658968342222028713e-02 7.058481039612187757e-01 9.201750208909845186e-02
-1.492139597086773184e-01 6.246279871471036582e-01 -5.617374293677998009e-01 1.918257754836087958e-01 3.067995737102575116e-01 4.218305698039919172e-01 4.004492983960440955e-01 1.156793155908162757e-01 -4.276236471181599219e-02 -1.580560607632673920e-01
1.037389032365719152e-02 -8.650513192465387677e-03 1.298492900302244610e-02 4.554748961267250651e-02 6.512178938637343262e-02 3.536339840368258464e-02 2.550768373442647598e-03 6.794666183280408112e-02 2.287440188942920644e-02 3.882019978057586751e-02
-4.907503127821278843e-01 5.983470269070662040e-01 -4.899789329217518197e-01 -5.541722385237492741e-03 5.721650310125462324e-01 -7.475913575028761970e-01 -7.993084727757338026e-01 2.623661113445334148e-01 -3.388877151856334313e-01 -7.029678618395043266e-01
-2.167523360965367407e-01 -1.740969346395501161e-01 8.291371300833814961e-02 1.393209740923193884e-01 1.457901624208924329e-01 -4.216908733490782879e-01 1.131141461625882194e-01 5.758049134924493329e-01 2.107481620671015077e-01 -8.334195342724259881e-02
-5.441299002803365870e-01 1.975186684674117288e-01 -8.116580131535749976e-01 -3.336188425323557971e-01 -6.752783575473507716e-01 7.848933670186020173e-02 -8.327185307591443708e-01 -5.073347564321569747e-01 7.994647710966632514e-01 6.881464661231014857e-01
4.628876125604547420e-02 3.715745519303371297e-02 8.185269972784434134e-02 -7.681315609075096973e-02 2.167573294247420942e-02 -1.253049778673760196e-02 7.009895594933587132e-03 5.257353177636429203e-03 -2.478860403495060979e-03 7.130617632115900106e-03
7.643308565018311351e-02 -2.082185271580642982e-01 2.930350284463686950e-01 4.339331697141213806e-01 -4.842448545450089847e-01 1.823075861022592781e-01 2.296226004569314749e-01 3.635144560376642187e-02 -4.976631354811578145e-01 -5.598057328462189286e-01
2.563309881021362813e-01 -1.309010883488400112e-01 2.527017220198760072e-01 -3.365135156732120686e-02 -2.148318111114209950e-01 -2.560743928365488697e-01 2.240952632735171979e-01 -2.937773064359405772e-01 -1.405355558170543473e-01 3.271917125846920960e-01
6.966210640077176164e-01 -4.806672914905041338e-01 4.769239701133702325e-01 8.245825107334883164e-01 6.135168349423982814e-01 -3.284061142665960914e-02 5.270980778862587313e-01 6.937056276817360478e-01 5.924988195247198330e-01 1.054299753093556058e-01
9.371349837175091402e-02 1.159754294945065795e-01 4.677882649415457950e-01 -1.441567715330892285e-01 1.882250943791538289e-01 -1.976121333000947222e-01 8.897960188127994330e-02 2.663353031621316647e-01 -3.731247050636299911e-01 -3.569696261687828609e-01
-3.573488675179378737e-01 1.337856597368473066e-01 3.853999305124754526e-01 -5.818942904458916932e-01 5.706768983635948089e-01 -1.232552098433209037e-01 7.214562446194204837e-01 -5.610707787919564371e-01 7.492100679710184119e-02 -4.130489151814311505e-02
1.606282089590143625e-01 -2.228914150224967361e-01 -4.246221136127055762e-01 1.342026484099063943e-02 5.052076649461120089e-02 1.074227074138363065e-04 3.898714509799230399e-01 4.011449628799976797e-01 -2.947595523360987957e-02 -5.178527043719016731e-01
3.056817320747957645e-01 -6.162058068348458262e-01 -4.749426501362281061e-01 3.024433548143221073e-02 1.554978795691515647e-01 2.926673450204546612e-01 -2.638423611419351555e-01 2.010624594112300767e-01 -2.690568547099876362e-01 -4.037540247229989832e-01
-3.735496546265772849e-02 3.734183975065662464e-01 3.209605522482004147e-01 1.843579749733742501e-01 -5.850511172013648370e-02 2.227082523755620769e-01 -3.252439443178533618e-01 1.856486658530029643e-01 -2.473280496093778046e-04 -4.199791791507641037e-01
2.508941104145822054e-01 -1.880518922821059480e-01 -1.575407744642250696e-01 4.526717333706365975e-01 3.880331894465492426e-01 4.654441153551372445e-01 6.942379238904986538e-01 -9.279668715453351369e-02 -2.944806020427331306e-01 3.396996577953569907e-01
-5.132624956713794928e-01 -2.180258818923385411e-01 -5.351199047913739182e-02 -1.182302767128826267e-02 2.634995826454141765e-01 -2.502173286648966544e-01 5.711831343051794983e-03 -1.836344221660856091e-01 -2.876174165190222842e-01 2.397031395673701326e-01
-1.823970098897680081e-01 -8.545103196618129837e-02 -2.777658974414517479e-01 2.860757817329673824e-01 1.909087569586048749e-01 3.392128271250565152e-01 -1.366668633573462632e-01 5.173401965480040748e-02 -2.395795860145968383e-03 -3.910285876398113258e-02
2.158559716328099787e-01 2.402418791638145090e-01 1.749332964940081836e-01 -2.164992325456612798e-01 -3.667778488456310826e-01 -2.443707509714192205e-01 2.288029312471409338e-01 -3.201069643266173381e-01 3.558066729838717523e-01 6.603714653374538612e-02
-3.578761638074408108e-05 5.339352974027637977e-01 -4.411222950206772353e-01 4.750969803979728234e-01 6.464151599296023010e-01 1.769970535450649807e-01 3.232918463331013736e-01 2.758150983222941721e-01 -4.689582046514050861e-01 -6.462340727197075640e-01
2.857288960682220491e-01 -3.765860631980637585e-01 -4.039485962336465952e-01 -2.357203947226431118e-01 4.775421640032416759e-01 -5.595260253718669502e-02 2.099053409260547010e-02 5.245626793755986395e-01 2.651978378811572501e-01 -2.482716336353757436e-01
-7.110758024285658563e-02 2.981087407327908667e-01 -2.515424219553700769e-01 1.813252277383946565e-01 -5.127220111458494767e-01 -1.678411452148229344e-01 3.094504273472609146e-01 -2.775945014732117966e-01 6.695600967480007659e-01 4.523616945716009141e-01
-2.471965810484247003e-02 9.931430741826796638e-02 2.291466922292418606e-01 2.116011763466087159e-01 7.787475270329947963e-02 3.755084586251788981e-01 1.734086639140814401e-01 -1.019020473560073997e-01 9.156245978143250086e-02 2.663561999158283733e-01
