6.318725380514049750e-01 -8.067603877379291299e-01 -1.144822992084353758e-01 -6.221782195945512184e-01 3.257793929022843038e-01 -4.562143842296160212e-01 3.494582219437882276e-01 5.944600228683298848e-01 8.037367129997853299e-01 7.111115934416285533e-01
1.495809000743062167e-01 1.213229537483639653e-01 -3.946172912763256102e-01 4.049641746822649213e-01 4.007050393942469535e-01 -1.112992766220216589e-01 -2.517598006653926634e-01 -4.342212774675449083e-01 5.199887927189024150e-01 -2.702571394107592395e-01
2.852480909935635744e-01 4.467013719349161582e-01 -2.011314462491853999e-02 6.648743087990713896e-01 -5.777934830557123203e-01 -2.974078920818049032e-01 5.655427659229614878e-01 2.463023634229592751e-01 6.868507134760487576e-01 -2.674483667312782531e-01
1.469734066435637310e-01 -2.979944803084095817e-01 -1.037651766539264969e-01 -1.119775885381803782e-01 -2.388846888691580628e-01 -2.921169981841206797e-01 3.402957388174509545e-01 -3.015767010894726541e-01 2.353100896663967434e-01 -1.548005977538429445e-01
6.759224548691085497e-04 -5.907553379591762820e-03 4.774958925707286500e-02 -2.154244826792444181e-02 6.440196839288957198e-02 5.845224837042329105e-03 2.148813917146173355e-02 4.475217860009078619e-02 -4.207003495521876094e-03 2.220271622323845631e-02
-4.458006290733741439e-01 -7.485349715256572889e-01 -4.079565481498516333e-02 -7.938794682128149649e-01 7.025620918208117516e-01 -6.937812153877215282e-01 5.536494610345104039e-01 7.112496800514819251e-01 6.753202249146186276e-01 2.296797899138230126e-01
-6.125721882036625800e-03 1.209370551266123472e-01 4.169537138121438141e-02 8.196699780018804754e-03 -6.503349477786977799e-03 1.996512482151754919e-02 4.981609323019411256e-02 2.209451584678850770e-03 3.336437168963825306e-02 -7.049948902042145298e-03
-5.376018801059571084e-01 6.846714000124666244e-01 7.400235222290739434e-02 6.900537703472869877e-01 2.276679939210724535e-01 -3.258787356019547388e-01 -3.854776148777809275e-01 3.220804047927414704e-01 -6.073232244628332666e-01 5.639230079157036002e-01
-6.887833321101706485e-02 5.931388450054462247e-01 5.535704847717060062e-01 -5.626802207833117020e-01 -2.801908575411436453e-01 3.711149123270020556e-01 -4.275977421568155079e-01 7.203331134203585506e-01 5.190767690985321758e-01 -1.898618211997080696e-01
6.784084127203036420e-03 -1.671705629921401391e-03 -2.917572354656832768e-03 1.391355300184050035e-02 4.166739186923449495e-02 1.356543446345878472e-02 1.158056534502901330e-02 1.492910491447568648e-02 2.311538259343067989e-02 2.306203022181326640e-02
-4.385661548762380402e-02 5.986569490062257359e-02 1.251454528476440009e-01 -1.720556628873272931e-01 2.864310780048472949e-01 -2.311021141803193402e-02 -4.403665242942975122e-02 -3.748790736851391470e-02 3.552805083002191777e-02 5.965992675564238401e-02
3.434828186233735980e-01 -3.198799609793895327e-01 5.922803043256559263e-01 1.870640887254154117e-01 -3.495730880425100551e-02 -2.096047862211164459e-01 5.420041089044885796e-01 5.067980752367299280e-01 -4.546859913321681379e-01 4.092676736710105234e-01
-4.348494217963038699e-01 -4.132332852639412218e-02 4.583945073328152819e-01 6.002817516501467443e-01 4.720237243003635452e-01 -4.928217788761409257e-01 2.103390553669421681e-01 -1.365978504324664999e-01 3.239025132992077727e-01 -1.332265653103447411e-01
4.294311313150989129e-01 1.915535691728110779e-01 -4.660174203716697106e-01 6.482597921730701707e-01 1.771858300718541501e-01 5.178773065477147025e-02 7.481432441788913312e-01 -1.685910772017288062e-01 4.144739288418321510e-01 2.842709274359746519e-01
3.138641999423329443e-01 -5.541468645139231430e-01 3.526165689282566018e-01 -2.391269965034238110e-01 2.928533866338326463e-01 -1.841128648407226731e-01 -4.595556822060806179e-01 -1.691275447740993310e-01 -2.007667967069345361e-01 -6.916003349822784640e-01
-6.743789138729167944e-03 9.430800509302688164e-03 2.230203339480688052e-02 1.911962572391598739e-02 2.337671424818282828e-02 3.624684799163700732e-02 1.138737307810041947e-02 -6.813841854238649604e-03 2.538259914742107756e-02 5.634557553553950354e-02
-4.961879009100002014e-01 1.259305492336364185e-01 -6.219636723696754244e-01 -5.422183521755886693e-01 -1.379473840719548303e-02 2.397439568474778460e-01 -3.882212786568565999e-02 4.175007211865565671e-01 1.096220622497169755e-01 2.336478207800922469e-01
8.301666382500986208e-01 -5.337435880646635988e-01 -7.693618284295358212e-01 4.703801834921279568e-01 5.950033401412875289e-01 3.148435183528059400e-01 1.117690709953435141e-01 6.654370326968230831e-01 8.043845682253868423e-01 -4.410501646462353098e-01
2.757195902546703652e-03 4.343903763918813971e-02 -5.998401393565757633e-01 -4.815030189898818480e-01 -5.841263281665601825e-01 2.890105474102612759e-01 -3.675849873856055217e-01 6.667378753575951000e-01 6.861752590208798630e-02 1.308236005041352699e-02
-6.209118077223589605e-02 3.161183112788013005e-01 -1.551560461022083726e-01 3.976577519328100552e-02 1.706110586175108856e-01 -1.131118078523750542e-01 -2.834974548200994704e-01 2.260281381116105714e-01 2.000594555501793714e-01 -1.249859300275566951e-02
9.320412478018291758e-03 -5.560206697175607699e-02 -2.691312163247855938e-01 3.978784593600535602e-01 -4.519484265818471402e-01 -2.895088634235484792e-02 2.061628706477773854e-01 1.788280088020843539e-01 -3.354272035740722413e-01 1.938145146861725843e-01
3.000601255999393868e-01 -1.006726138101683987e-01 -2.981700816076990890e-01 4.370874100263995032e-01 2.876988115157544379e-01 1.734496669643993405e-01 2.413560522743768977e-01 -8.992947911691243079e-02 -1.386444335965138219e-01 -2.243254938280014321e-01
7.177286776801931889e-02 4.810052301603183200e-01 -2.681064222137213848e-01 2.007625675624086503e-01 2.972144148176000256e-01 1.546905308213135100e-01 1.157129427322893256e-01 -1.097820726931183488e-01 2.823336310929907556e-01 -7.684876299386637910e-02
5.224967166483058811e-01 1.106697444521864276e-01 8.171224728192738596e-01 -8.846474609429924030e-01 -3.960858676516618715e-01 8.731206883927607187e-02 7.586402608488632682e-01 -7.733000210215481562e-01 -2.097184738620750111e-01 -8.097805385588867644e-01
-6.350326890798079216e-01 1.856235074446073996e-01 9.555060671767296940e-03 -6.725445329277057738e-02 3.403805574083688668e-01 -1.427020384201789505e-01 -6.948009326994224466e-01 4.767059042313947503e-01 -6.614440660818033946e-01 -6.236110040300664181e-01
1.569742760198409096e-02 -9.486995193140113081e-02 -1.905810870723373060e-02 2.781610007994994027e-01 -5.304273565608007557e-01 4.730763947471077202e-01 -2.287344633534378890e-01 -2.648044479716831975e-02 2.448989341541858156e-01 -1.181084607293358679e-01
1.714239857823795787e-01 -6.258359463924408894e-01 -8.126424197741033417e-01 -8.153675673475091479e-02 -3.103603409555114045e-01 -7.995317731386357707e-01 -6.679697371388200189e-01 -7.257197870400377004e-01 8.650536123059512361e-01 -5.171548152126190789e-01
3.773791496991949490e-01 4.840751620041516268e-01 -4.151803045971067668e-02 -2.729556597907779603e-01 4.462846284647866146e-01 -3.021826784692135393e-01 5.268121791887484529e-01 3.612993843429278540e-01 1.595191560192054658e-01 1.422027075989170941e-01
-3.224582707352388611e-01 2.857031215069942842e-01 -3.307900949782158900e-02 2.972357555474138338e-02 -6.974804479887631858e-01 -2.529862579136654133e-01 3.312982294424742791e-01 -6.635986281549574040e-01 3.919461866703375374e-01 1.275917260293888767e-03
-1.786694554222716669e-01 4.849034064813112499e-01 6.172441472926082362e-01 -5.963670610376849146e-02 -2.416452525504742543e-01 -5.468249241303689834e-01 -2.601076479913100314e-01 -4.221592547824808972e-01 5.326600203090553487e-01 3.739065394868235082e-01
-3.799368321446389141e-01 -5.525447497084051696e-01 8.711878707964553215e-01 6.500437432852086417e-01 5.161299560561475319e-01 -1.407910410433262649e-01 -6.808913557963429675e-01 -8.157601033734276919e-02 -5.843457160085518964e-01 -6.628100695303579259e-01
-6.690662869856732475e-02 -1.107830169421924471e-01 -7.000915323626210052e-01 3.380379882945557246e-01 -3.855353153673226063e-01 -6.014258185684445701e-01 8.099031439008931299e-01 -1.498093309755966496e-01 -1.344887998250876571e-01 3.505223118224662371e-01
-1.504896714424732718e-01 6.153312086433703199e-01 -4.961233940240125651e-01 -6.747809842760358334e-01 2.486745416059105429e-01 1.305362314754428266e-01 -4.205846354916000646e-02 2.457358453414749122e-01 3.182361060870169123e-01 2.599166762058541802e-01
3.167627912452559147e-01 6.482008498224268722e-01 -2.240341058558364129e-01 3.647357000790579784e-01 -6.448135625569118012e-01 -5.940747212712178538e-01 1.083983223302388832e-01 2.029433122641991771e-01 -1.128096659750800201e-01 -4.495949106410799256e-01
-3.198987632624798738e-02 3.131036251911638035e-01 3.557332568010904694e-01 3.159418239071197232e-01 5.209661657319468731e-01 -2.879815565703190972e-01 -3.748307106756886831e-01 -5.768752696140654057e-02 -5.681141081702427709e-01 -6.091732769273706244e-02
-3.561354630681100031e-01 5.973333886290601580e-01 2.673880417542173205e-01 4.383499269283334665e-01 4.160985375484974047e-01 -4.489332691634733696e-01 3.662512614648164577e-01 -2.753345961298219735e-01 7.254760910311469635e-01 -4.263696128475901181e-01
5.560880637688485340e-02 4.155482452238740652e-03 2.225969888139508329e-02 -5.062215423127455066e-03 4.641730026577206743e-03 -6.012616280564321049e-03 1.234180544828963888e-02 1.026237766023393450e-01 -2.631036436412011355e-03 4.328882347789394548e-03
2.610953672142479198e-01 -2.266709738252247960e-02 3.953889753204582747e-02 -3.198185395533586495e-01 -4.727993143316684965e-01 -1.099535833701173124e-02 -1.147662803958988398e-01 2.280303014601747780e-01 -1.453151413287288307e-01 -4.690163410227753404e-01
3.864693211193290234e-01 -5.537385294750998277e-01 -2.895247769984930497e-01 -7.084919347211352525e-01 -6.938121239135905394e-02 -7.059009253196404376e-01 -2.019039806830605632e-01 -6.368194500493472576e-01 -2.292825656001195797e-02 2.966173218402974876e-01
1.185599401013407751e-02 -1.600696397146046668e-01 1.057390095055790215e-02 -7.240400440153269002e-02 1.419264947339805294e-01 6.887560498389110053e-02 8.554640393943253873e-02 1.814292887860976256e-01 -5.745326455819566719e-02 1.126421708672807470e-01
1.281287365191751682e-01 2.626968080463152333e-01 -5.272861643937848397e-02 8.176295366882424531e-02 -6.814687709725880671e-02 2.433066364859142183e-01 -3.772306756011150064e-01 2.175076607279809449e-01 9.274077966690517927e-03 8.049322289105148576e-02
-4.018819108616108471e-01 -4.469046285384339207e-02 5.882439095293782172e-01 -5.209344928090842153e-02 -2.581321474203397415e-01 7.274266826814744791e-01 -3.236440100351120619e-01 -5.360232475172620470e-01 -4.117048007050753133e-01 5.392101489939451486e-01
5.820881203652068514e-01 -7.884439438751232598e-02 -2.602037971746170020e-01 6.642278490018029835e-01 -2.624097388141286014e-01 2.464875384605930142e-02 -7.773285547690037545e-01 1.494568036600839034e-01 -5.361703501561776442e-01 7.437285262624743210e-01
2.667782026232310422e-01 1.954665567167779561e-01 1.109389078183446384e-03 1.316015080033629547e-01 -9.087343683109294634e-02 2.106425481590737218e-03 4.833818572726893137e-02 6.841511401899372236e-02 1.320857643155260996e-01 1.654476036941391892e-01
-5.188845267569732744e-01 -8.497845801390438991e-01 1.526034258188183890e-01 6.037795604318231257e-01 -2.735186011016588759e-01 5.915588645912510657e-01 -8.415485232335931931e-01 -6.952900661113781133e-02 -6.886672402694755668e-01 6.396362563820300329e-01
-2.735284585349993108e-02 4.896404498893724283e-02 1.299519146171579098e-01 -4.813486325135091226e-03 -1.489959353874818759e-01 -1.423416948780601987e-01 -1.923169778026046217e-01 4.554451935750240821e-02 -1.440477496243020572e-01 -1.110410573858980759e-01
2.062881376004035983e-01 -2.417813278424810475e-01 -4.433293373262364168e-01 -3.000399911638154116e-01 4.307802658199785806e-01 3.702766652581722662e-01 -2.048284403867667580e-01 -5.572925589899967447e-01 -5.255118848158225608e-01 5.060071380096564653e-01
2.979800581451031993e-01 -5.404109080137923238e-01 -2.766524559014783488e-02 -3.606334375220786037e-01 9.776997992415932537e-02 -3.125676443354377110e-01 -4.502557739093008271e-01 -6.968918916496807947e-02 9.165815897203328025e-03 1.909764095116061045e-01
-1.400122334431865012e-01 -3.428883990883881960e-01 -9.402143167855270267e-02 1.077858711539934483e-01 1.422750235195312518e-01 2.609058903864667212e-01 2.943777386347071201e-01 2.573432508247541772e-01 1.695219748714197894e-01 2.486441489694579676e-02
-8.622956935111947274e-01 4.473255995564136556e-01 9.021876329975708764e-02 7.379699353433791797e-01 -2.707720463428614499e-01 -3.194495746701068173e-01 -1.523857177323328371e-01 7.678027417430568491e-01 -5.098902803662114930e-02 1.419748679425356930e-01
-2.575801544591909686e-01 8.546979037177197813e-02 5.732249073695189212e-01 -4.085424529721493614e-01 2.026369839803489059e-01 8.170667024477881180e-01 1.974888314413182078e-01 -8.131445772242928624e-03 3.412070034794646989e-01 -4.193709611756194500e-01
1.634403792465184690e-02 1.843859243144232163e-01 -9.518829793468136513e-02 -2.411768371814208556e-01 2.559396568085625656e-01 -3.177960374455169323e-01 -9.005987365264501998e-02 2.256308623792592158e-02 -3.097743091176489993e-02 -2.025906316869096335e-01
5.866925381997786099e-02 -9.270505540820579704e-02 1.468250193888203659e-01 -1.400288610516279078e-02 -5.409283767957241695e-02 -7.246181663760664637e-02 -5.274610038262440848e-02 3.860633314581695535e-02 -2.116100089773644832e-01 8.294150463833917242e-02
-2.883285083295273332e-01 7.740579753656094963e-01 9.214514616837118366e-01 -6.244337660519454491e-01 -1.055146398494647697e-01 -2.747573702631742609e-01 -3.103227531466507538e-01 -2.163881531590673701e-01 6.843681644785041263e-01 -4.259165152943202859e-01
-3.442273341280949195e-01 -4.385101354936687401e-01 -4.481474595123574045e-01 2.770276594202759068e-01 -2.333616825142938167e-01 7.235174809278075436e-01 -2.146573595738132390e-01 -5.176593528544856104e-01 7.613090865609534186e-02 4.463303350892192101e-01
-5.081420492906428832e-01 4.424905539421747358e-01 5.400576028995338618e-01 -3.209758033211004835e-01 -1.577547934294627752e-01 3.164608457460741375e-01 -3.199883842149325863e-01 2.320018977038954544e-01 -5.813757707464516367e-01 -7.144987863883427437e-01
-2.460619092595739132e-01 -4.647872053677152837e-01 -6.448569796776024710e-01 -4.178973449770786996e-01 3.910431630005337111e-01 -5.507260172489938377e-01 5.028887027994768250e-02 -3.268859357824082656e-01 -3.758182717498889103e-01 1.587763088435708292e-01
9.509237209353344367e-04 -5.767831948463255504e-02 -2.756863112970487362e-01 2.026095153522470826e-01 2.013339384064116028e-02 -9.792705240365165431e-02 7.135716173268172313e-02 -4.252590665586401808e-02 1.228131507034187497e-01 -2.690873381070320591e-01
-2.775260975968923960e-01 1.674279924003964082e-01 1.991331428982017204e-01 -1.665749592601170892e-01 -5.996402412453111230e-01 5.662232261092432495e-01 -1.342967217246075207e-01 4.537267784853842856e-01 -1.824973299888187628e-01 -5.651809034399046805e-01
1.201483222084197278e-01 7.673455601254705605e-02 -1.042254814933118653e-02 1.679821890315479627e-01 1.396347876954999734e-01 9.661248193848784305e-02 6.503233054125065471e-02 -1.685321968537841289e-02 -5.900404379317821663e-02 1.902226636544602709e-02
-5.678136936326177997e-01 -2.840504782981729259e-01 -4.578750355842318154e-01 6.348137383528241751e-01 -4.811825335127374870e-01 7.031422264958152590e-01 -3.450483358929329336e-01 -4.683977519412207413e-01 4.843244934982456340e-01 5.617932993907553962e-01
-5.397555279351434754e-01 -7.939020260868465129e-02 3.627999691806309546e-01 -3.533223644383168185e-03 8.212083050912579729e-01 -2.674733412344759143e-01 -2.297784774666745689e-01 5.795672356832224370e-01 -2.560613294814005902e-01 4.239585579257426629e-01
-1.816032381079110414e-01 -9.055755893390472766e-02 9.637550091337286629e-02 2.388142560493719882e-02 -7.848026319509303350e-02 -5.943565578288449724e-02 1.016912232721225717e-01 8.847693188395851227e-03 3.381197796160164554e-02 4.742734882184810458e-02
-1.380577107924607638e-01 2.565455193889631391e-01 -5.408923817109966004e-03 1.228682414640320936e-01 2.460796625564273810e-01 5.211520242471252146e-02 -2.408717243078586367e-01 -1.681730068267770772e-01 -7.291334110935684953e-02 -1.379725804396308986e-01
8.054225294049005557e-03 -9.210849189418779392e-02 1.011036768613452451e-02 -1.969939343917093966e-01 1.257287808490728243e-01 1.216252507863211374e-01 -9.584765130732454674e-02 -3.299617263090743879e-01 -3.053888531394610140e-01 -6.182750623407720081e-01
5.320777456565585206e-01 -1.386391950646573556e-01 -5.383619219050915783e-01 -5.774932481062999834e-01 1.347867947168003011e-01 8.875816687312529374e-02 -5.358394442248013423e-01 -6.542047257369777713e-02 -6.418166189097465058e-01 5.253296728775069813e-01
4.658230543689613756e-01 -6.406383800173333087e-01 3.802020790318610954e-01 5.793155688880839982e-01 6.329545311950031117e-01 -3.005052025403244231e-01 4.044297780231914108e-01 1.675003732237195231e-01 -1.060508613284610879e-02 4.850636287768355093e-01
4.363581309097618322e-01 -4.567692258960829310e-01 -4.158385468298625987e-01 1.776007042456319018e-01 -1.421304797326114477e-01 -4.226775126792646220e-01 5.229298809490590116e-01 4.363091308716278705e-01 -1.313024395631032237e-01 1.156364894094406015e-01
2.047741804961341616e-01 7.938273405910689640e-01 5.068304877606739645e-01 5.994603560133726639e-01 7.209191673785707577e-01 -8.029888494445478475e-01 1.665824648028322585e-01 8.002695095457160734e-01 3.091589731276334629e-01 -8.733147747255979310e-01
3.273271041590929964e-01 -1.398729281173768102e-01 6.271568889237305600e-02 1.532480821152514827e-01 -2.135353852470182889e-01 4.512757960458131934e-01 -5.362326820513387687e-02 2.327867737978419893e-01 1.564211849928800468e-01 3.387655640714567484e-01
4.509851303018483915e-01 -5.675037805439274718e-01 5.740428871052466464e-01 -3.625219719702832410e-01 -1.912806996821599936e-01 -1.632864597002318396e-01 5.514317795426321167e-01 -4.574330759969070237e-01 3.315746306529606668e-01 -2.474039578583079324e-01
6.767236716677524910e-01 -2.549470745353949463e-01 -7.074141595821202833e-01 8.934123765917771909e-01 8.632607226277422274e-02 9.336850780270818939e-01 6.930086679500708779e-01 -2.708842792657285559e-01 -9.292345546194935579e-02 7.889739367367565315e-01
-2.202815408585431511e-01 3.989245720462714431e-03 4.344290182003549688e-02 -5.400520749829440526e-01 -4.409527291910813607e-01 -2.360403475050265321e-01 2.373758611261451434e-01 -4.160806028802576106e-01 -3.076989459376588965e-01 1.479764462568363137e-01
5.226112174885531175e-03 4.034970512765546913e-02 1.752497122964923396e-02 4.885696999096910548e-02 -7.194737221841903015e-03 6.060992714512449669e-02 -8.339516479809687801e-04 2.227375599246778429e-02 8.437324224265742648e-03 1.353518386835292527e-02
-1.215645445797337992e-01 -6.072007232135437915e-01 2.854313121874902381e-01 2.944717733861039813e-02 4.831397854466668029e-01 -4.582354500728396673e-01 2.375237718304093748e-01 -3.977625600828251229e-01 7.184295268807860957e-01 4.410541189036017995e-01
-4.866506338270942811e-01 6.665648279619981187e-01 -1.052458547407866263e-01 -1.688700350614553980e-01 4.694914351010004983e-01 5.191254007937836645e-01 2.606210475091717549e-01 4.673999739702158207e-01 -4.735798502077119831e-01 -4.007200311921260139e-01
-7.076595233774755911e-02 -4.556047621294368466e-01 6.579440688358773048e-02 -4.348383737045945913e-02 1.847540670307818711e-01 1.761975584396030248e-01 1.348923151312227398e-01 4.375297499455531036e-01 -3.120159146484114965e-01 3.557243807622946785e-01
-6.800313030531554004e-01 3.935744721284796799e-01 4.502076172020171296e-01 7.242859925176990954e-01 1.322371943915502113e-01 5.921167417138820666e-01 -1.920512829277910560e-01 -9.102243249027600069e-02 7.086002396824145899e-01 9.226802436901265780e-02
-1.503788233480541636e-01 6.299286200304772265e-01 -5.661237318098337745e-01 1.937576931166761496e-01 3.086594086899746014e-01 4.143537702837447045e-01 4.037769730703905102e-01 1.170545071971475781e-01 -4.273481035114747723e-02 -1.588602629535263155e-01
2.747293122398490259e-02 -8.256752360040111455e-03 1.566278414053749041e-02 3.910788081463747318e-02 4.259637441299277127e-02 3.298081740229468622e-02 1.008443060533198432e-02 4.134195211771415912e-02 1.298800483243139209e-02 2.960750192095309985e-02
-4.917118970371847642e-01 5.951832984873066668e-01 -4.900758852138730748e-01 -4.815500719339275981e-03 5.718648191750602683e-01 -7.493147133701638651e-01 -8.009352493715972132e-01 2.637679395950819350e-01 -3.396041729239420714e-01 -7.043318753852430003e-01
-2.292393658102573895e-01 -2.022799315968073774e-01 8.940369211494736401e-02 1.439633178732824814e-01 1.588573953248509640e-01 -4.458998390115705979e-01 1.198386317077530794e-01 5.963960288269194443e-01 2.266357926516453514e-01 -8.679772026997129020e-02
-5.449797318181918149e-01 1.983323541487739261e-01 -8.133678595819792134e-01 -3.345620863567528303e-01 -6.755263709374214054e-01 7.831158116867670271e-02 -8.334765986671910376e-01 -5.079264206867545317e-01 7.977555462548312493e-01 6.896648770304557585e-01
5.142211352383330158e-02 7.554564230762081389e-02 8.339384526911915174e-02 -1.807827596961787131e-01 5.133786271817780689e-02 -7.680129169982648218e-02 -4.914256834593551393e-02 -5.495198865292889173e-02 2.024018582288531626e-02 6.529837568926877321e-04
8.188748756306959975e-02 -2.130370710355829200e-01 2.975550225496798595e-01 4.396191117055328612e-01 -4.934843860644541613e-01 1.763731480330616164e-01 2.425899401235315500e-01 4.129517508761304523e-02 -5.073879331621390376e-01 -5.759442462602040180e-01
3.327545599742593452e-01 -1.742051535398502216e-01 3.198758621630486410e-01 -4.076498947574008075e-02 -2.601723566247315933e-01 -3.241109034276784540e-01 2.293894888263814380e-01 -3.864916439755725075e-01 -1.843452350929520589e-01 4.046407178461932097e-01
6.967556199217409540e-01 -4.811880162019379070e-01 4.780216095235140794e-01 8.241486789612759711e-01 6.147447916080686081e-01 -3.220996336517013836e-02 5.262383180287840689e-01 6.944501800239953893e-01 5.933896078064777591e-01 1.058279764622652580e-01
9.081331302589462640e-02 1.186303936393064973e-01 4.575141102230429468e-01 -1.484287305500024134e-01 1.940139824087099008e-01 -2.015980923384445289e-01 9.004800412966137979e-02 2.730870947921750780e-01 -3.791133215885904573e-01 -3.630582708195796426e-01
-3.622904354297333263e-01 1.329497392039420689e-01 3.881603141392167000e-01 -5.851895838844682896e-01 5.747875305774143850e-01 -1.288901289891023205e-01 7.261774033901119418e-01 -5.644466516185788763e-01 7.539120308172256313e-02 -4.108896934908483345e-02
1.657921635275477201e-01 -2.416501770312502462e-01 -4.477849664300159738e-01 1.816751521938383615e-02 4.619638679421760735e-02 -2.225357063129762905e-02 4.109496935671328455e-01 4.391645778521274801e-01 -4.034370272812441011e-02 -5.755869716109448531e-01
3.102829034062253299e-01 -6.233934397775225955e-01 -4.853469103991485678e-01 2.983986578131998801e-02 1.596790258611525126e-01 2.968584534606947267e-01 -2.650718308094641706e-01 2.051189685152131070e-01 -2.805627708928398190e-01 -4.084742300818933747e-01
-4.103641881767797206e-02 3.805399455432552647e-01 3.346800239819816558e-01 1.939264735109858806e-01 -7.123882410457305081e-02 2.257342513178280663e-01 -3.387330543302580765e-01 1.918436028873255206e-01 -2.895433442456157424e-03 -4.464811369330371482e-01
2.551899331912877433e-01 -1.893429627123762449e-01 -1.619961048230847966e-01 4.586865494899192153e-01 3.933904592069178419e-01 4.639761395056448134e-01 7.059037175708144929e-01 -9.140395849789592631e-02 -3.055121317026475158e-01 3.381613693181361180e-01
-5.212391386171857377e-01 -2.330216929144498794e-01 -5.337016495377856079e-02 -2.854511690345208977e-02 2.650648853189944698e-01 -2.798705628896730468e-01 1.161393230936972470e-02 -1.898499147842943602e-01 -2.903970813688998565e-01 2.442241991247473265e-01
-2.132592790984709219e-01 -1.207760809752660147e-01 -3.325784076036900627e-01 3.842622790859382409e-01 2.031347069091177238e-01 4.043557848554634182e-01 -2.173369717476326124e-01 2.780321433915830184e-02 -1.842740549396650399e-02 -2.368114263078587717e-02
2.292769581632098097e-01 2.381271863282402312e-01 1.834520912993908848e-01 -2.245572882618510069e-01 -3.806594748177251075e-01 -2.497120005932909614e-01 2.234509940768761305e-01 -3.363464186638075448e-01 3.726618812736008368e-01 6.871950231545174981e-02
-6.405529658000302983e-04 5.341827214638581456e-01 -4.423055776621657165e-01 4.770935414845969280e-01 6.498426251668012466e-01 1.780416684197644872e-01 3.191062122384886734e-01 2.759801487545797127e-01 -4.705087843167198858e-01 -6.485250217161849795e-01
2.998782402245128154e-01 -3.932502901059065081e-01 -4.352903899284245037e-01 -2.455331273131433623e-01 5.005463587177991780e-01 -6.877630945954155139e-02 2.307269578144342109e-02 5.476914775418819659e-01 2.776817936389957553e-01 -2.639800774026143659e-01
-7.850004282692243929e-02 3.055842758473598653e-01 -2.573090196462106127e-01 1.810243685637432376e-01 -5.199776390934868209e-01 -1.674345788994416329e-01 3.096348067639050350e-01 -2.750721031056596599e-01 6.790778428743095008e-01 4.629193413460526707e-01
-6.762543451650759874e-02 1.107085720951051927e-01 2.798860067824539555e-01 2.426404845337308824e-01 8.348989524056406319e-02 4.357985425678692626e-01 1.941027753312206949e-01 -9.309430893674247587e-02 1.060558068359726130e-01 3.135455282625991269e-01
