6.281709305034030022e-01 -7.912300623329570071e-01 -1.144643173360846145e-01 -6.186517996149688559e-01 3.210944323032317027e-01 -4.557889269359826079e-01 3.528147829173436389e-01 5.918677344210713231e-01 8.053796366397717454e-01 7.070367903501291185e-01
1.489527440862347396e-01 1.206341354347308797e-01 -3.856550607620456428e-01 4.048005594633943272e-01 3.948892304232275996e-01 -1.070403663038741182e-01 -2.524203700426136954e-01 -4.298551357833008124e-01 5.158915770039117499e-01 -2.688851675819742826e-01
2.779248467717379545e-01 4.412999774254307561e-01 -1.998912637234619150e-02 6.553544679111837912e-01 -5.666803416237793378e-01 -2.937826449166089371e-01 5.539353440751803026e-01 2.535327331573399845e-01 6.821478221820211907e-01 -2.663326201028354823e-01
1.796692948448377902e-01 -1.508195334911127394e-01 -2.532350130821103829e-02 -3.009616805267746609e-02 -1.242444129760212485e-01 -9.693383224912743845e-02 1.518174893485336463e-01 -1.239383056274802469e-01 1.099282599073520550e-01 -6.700961882985966012e-02
-5.637386023821839773e-03 -2.257120672979451292e-03 8.569278523630570465e-02 -5.463364265511281431e-03 8.215907298569925798e-02 2.454126269366407181e-02 1.174810459830289734e-02 6.398447502863743863e-02 1.521168765195846442e-02 3.875378886913397047e-02
-4.455957569992740064e-01 -7.467231512768680579e-01 -4.072269216280013926e-02 -7.939313145675739314e-01 7.014986321818923454e-01 -6.939109681754059844e-01 5.530577719724389940e-01 7.122701349342919208e-01 6.743120962811626207e-01 2.297000067230449416e-01
-4.849937657428413269e-03 1.675041191352662495e-01 8.672478410875683608e-02 1.376563127384500436e-02 -1.370362150821340975e-02 5.989295335301578552e-03 3.780173493527170386e-02 1.586477371449775131e-02 7.401265752278229915e-02 6.102284382724013426e-03
-5.348078643474145633e-01 6.800856024509913667e-01 8.261530954346850419e-02 6.852136819841576632e-01 2.255542001659378293e-01 -3.245045592588521322e-01 -3.837704596290906767e-01 3.201037018350624819e-01 -6.045795780747821313e-01 5.596222032936685187e-01
-6.957708730204743841e-02 5.905707522989792624e-01 5.496323272700440743e-01 -5.612927400048868254e-01 -2.799097646480392387e-01 3.677542900904627321e-01 -4.140303248917381884e-01 7.201403999653516186e-01 5.174316960125905362e-01 -1.893069693731516401e-01
6.693693318893635148e-03 -4.792787757088718716e-03 -1.111798980114219598e-02 3.338220707719703750e-02 1.103496856220319983e-01 5.776378374411399175e-02 1.099116239590910114e-02 4.343475692517934084e-02 3.354401126713241199e-02 1.382994513897590691e-02
-6.724003078471409156e-03 1.136079007874021829e-01 4.859130589662626065e-02 -4.620618917812344822e-02 1.995167528343649854e-01 2.705841167420655613e-02 -2.521151141760505712e-02 8.545813051839341173e-03 2.716290386916990485e-02 4.318770866506570910e-02
3.422648439164392986e-01 -3.188771089712678086e-01 5.954819020039225919e-01 1.864058885927092624e-01 -3.493785709143264889e-02 -2.090144865552918951e-01 5.402651388150965239e-01 5.067658787796189834e-01 -4.532632818418865228e-01 4.087003803464963614e-01
-4.214151386899932517e-01 -4.416109957106906930e-02 4.406103299636093262e-01 5.791040510585393486e-01 4.674967107111890341e-01 -4.551667124063272785e-01 2.075070338206822240e-01 -1.357240847491409386e-01 3.157084416336972121e-01 -1.273616519912814937e-01
4.147097425734946885e-01 2.023258513401548775e-01 -4.651406729439775956e-01 6.349925575486989882e-01 1.743402836244664356e-01 5.291953618158311279e-02 7.442885418656076668e-01 -1.599874348351854325e-01 4.120137819845657301e-01 2.894381290049992672e-01
3.107408513107804970e-01 -5.498561483101560565e-01 3.636234781398661187e-01 -2.359850257667030216e-01 2.921190278329437451e-01 -1.800586199482081540e-01 -4.541633429836517410e-01 -1.670716372131856586e-01 -2.015068901948176838e-01 -6.816905250168138197e-01
-1.994760549900689156e-03 1.580947959147427709e-02 5.523693992269004815e-02 1.938104331502667546e-02 1.469640082131856706e-02 5.271456567251332076e-02 4.690542923336060190e-03 7.003369755314404511e-03 2.291976295482013939e-02 4.859840981585947933e-02
-3.830842873515020175e-01 9.433307877888920390e-02 -5.221887061544423503e-01 -4.455668972162080688e-01 -1.476104446512848702e-02 1.860359286906442255e-01 -4.521457259599353379e-02 3.516665016023982626e-01 9.058006075830575543e-02 2.422023496752559457e-01
8.297674737614654239e-01 -5.337672725405513408e-01 -7.693720606122405048e-01 4.700892768999452298e-01 5.960049269312730491e-01 3.149311558160529656e-01 1.115673326916980235e-01 6.657051875757044046e-01 8.042207115531011530e-01 -4.411909266302567190e-01
1.324040183238906323e-03 4.151540250966421347e-02 -5.878755240618023237e-01 -4.763592128358541955e-01 -5.774880146044297780e-01 2.848652951863740457e-01 -3.635442396878484916e-01 6.721146693867345867e-01 6.692972391062088078e-02 1.282271296625300469e-02
-3.150056176868881036e-02 2.221107401707292928e-01 -1.272603613387924548e-01 6.110403260160460898e-02 1.878780164088204863e-01 -8.391465248430700352e-02 -1.813237310161908977e-01 1.189811089245451647e-01 1.313283771741682593e-01 5.959128497880484404e-02
-6.413096400064577894e-03 -5.440452786806210250e-02 -2.289024527806223230e-01 3.553885031026394192e-01 -3.979438588262019794e-01 -2.663716090449400054e-02 1.696024583520178430e-01 2.075593063149303585e-01 -2.959531483327676460e-01 1.643830287271993429e-01
2.712683604530810588e-01 -9.051392043687085665e-02 -2.051360901013443427e-01 3.963362907741471153e-01 2.598645235005412890e-01 1.616536129761885210e-01 2.031621763663249147e-01 -9.012815597865132811e-02 -1.231084625010038514e-01 -2.123654808789006421e-01
5.540400382321110373e-02 4.031160960854078823e-01 -1.840659457696559032e-01 1.656715232949364514e-01 2.456289092659771911e-01 1.256621265863571701e-01 9.852223427264286681e-02 -3.712035860675527016e-02 2.365069485362819302e-01 -6.800116688285991196e-02
5.222564455168964281e-01 1.115869631623729458e-01 8.166426620559231742e-01 -8.842747989100502304e-01 -3.956911193096446788e-01 8.720172363782301150e-02 7.579967625329793179e-01 -7.725782690824859467e-01 -2.091353779145953551e-01 -8.074170390451502755e-01
-6.267255665059254799e-01 1.823716876436734247e-01 1.315090483043093034e-02 -6.640443252496829041e-02 3.359628196264418665e-01 -1.318880789938239040e-01 -6.817979131447279295e-01 4.606276534089662200e-01 -6.512044657659308289e-01 -5.963246765819029127e-01
1.077665273834643549e-02 -2.250319188482226632e-02 -1.665229712797751740e-02 2.415572172029643860e-01 -4.807771396290716481e-01 4.099526959750436905e-01 -2.022366727621635885e-01 -2.457155476938891261e-02 2.143814471497518526e-01 -1.157256604761791458e-01
1.707745063568253119e-01 -6.254387893059193404e-01 -8.075252157907459871e-01 -8.181635947578867751e-02 -3.100780303398763538e-01 -7.991422788079435291e-01 -6.671635198687251300e-01 -7.253045556011203931e-01 8.636165090611204187e-01 -5.173573206531822954e-01
3.677759156322543133e-01 4.725723092532053693e-01 -4.058321722143731769e-02 -2.680240000800756528e-01 4.402942911094401279e-01 -2.736101316806394124e-01 5.121265126747069907e-01 3.508624196263879225e-01 1.541642594959277690e-01 1.383431280120181184e-01
-3.188896281663974319e-01 2.921932573635038777e-01 -3.605772588269712253e-02 3.178356368033722484e-02 -6.891928268657858681e-01 -2.344921563394070374e-01 3.327531438528043006e-01 -6.514140607876601763e-01 3.845563386359157065e-01 2.088326686718904569e-05
-1.701402232595930764e-01 4.727941703148609842e-01 6.110236035994320858e-01 -7.359605595133886236e-02 -2.047407320952943366e-01 -5.377220291983563216e-01 -2.575674860715625458e-01 -4.028833200504442491e-01 5.159614450070090230e-01 3.542949120169757160e-01
-3.801488226049323793e-01 -5.370765094355162139e-01 8.693383231089801821e-01 6.503629904370195058e-01 5.092055871701207659e-01 -1.410438939269685610e-01 -6.747992926474881692e-01 -8.362107177822525328e-02 -5.763242890150024333e-01 -6.630243677274834102e-01
-6.688832383071134646e-02 -1.096446944656316730e-01 -6.902480987858076178e-01 3.332089617204972432e-01 -3.807999488717517256e-01 -5.761543211237160067e-01 7.956160955735390727e-01 -1.530903489998101663e-01 -1.317366718827189254e-01 3.561927471935439904e-01
-1.494085847967100977e-01 6.057389241960331461e-01 -4.882425053432594697e-01 -6.684185530522108731e-01 2.554796403512363812e-01 1.322864834929951550e-01 -4.419331712848402482e-02 2.591297989531380908e-01 3.159202434382930025e-01 2.465104742661416437e-01
3.089154986356744681e-01 6.333459268229765238e-01 -2.220731626056831887e-01 3.520742197650286176e-01 -6.083795722788005733e-01 -5.776849744510148543e-01 1.099341143573842328e-01 1.917538313586356347e-01 -1.171446624305227668e-01 -4.399116411482364986e-01
-3.436953160450797323e-02 3.194921000491825480e-01 3.506094862883852303e-01 3.130734469367750239e-01 5.172798838368410923e-01 -2.778276381553367869e-01 -3.697398908083694979e-01 -5.284541107872042787e-02 -5.640384835305128908e-01 -6.207253149760103700e-02
-3.537269065861374240e-01 5.875337607502482129e-01 2.765297596178685757e-01 4.283672624224595937e-01 3.983989809699271523e-01 -4.536837264924665769e-01 3.550861335114468553e-01 -2.571224581698658973e-01 7.151087580250110598e-01 -4.219131176179558573e-01
1.080693610907464547e-01 4.716991962550299428e-02 3.222484451335334843e-02 1.124059678910939788e-02 -6.310077366682810725e-03 -1.576521618142526227e-02 -1.560549435878494644e-04 2.031751220168326044e-01 -1.349972314553164396e-02 -4.947777501187592721e-03
1.175325086726512896e-01 -2.957129849310853598e-02 -9.408026809294173232e-03 -1.464122153060315457e-01 -1.800535946307934010e-01 -1.322497190285379202e-02 -4.563852790974987084e-02 7.209610277779908427e-02 -1.034567512207215656e-01 -2.491375671610421560e-01
3.824281796394438659e-01 -5.486687938130101472e-01 -2.849229410407505547e-01 -7.031198873610273736e-01 -6.893121632393932330e-02 -6.926850396471151416e-01 -2.040436985862302821e-01 -6.344236969188145059e-01 -2.092277358039006455e-02 3.145920011166515873e-01
3.255082075792058854e-02 -6.680203226792395810e-02 -7.483236723462636034e-03 3.032095675462759786e-03 1.810600558740915189e-01 -9.865707742299518329e-03 6.706863273628248245e-02 4.944188994596970810e-02 -9.945994714272635498e-03 5.726617433898822940e-02
1.134525817094896027e-01 2.438847020381972319e-01 -3.073963961656119709e-02 1.274628746787629385e-01 -4.016383347717453201e-02 1.499469794268345202e-01 -2.600799234270453342e-01 1.720278047970948687e-01 -5.370460100014987255e-03 7.106560874632517066e-02
-3.794049392871943760e-01 -4.027753268739137082e-02 5.791281097717002613e-01 -5.112689352835973061e-02 -2.526109014812382147e-01 7.098272887696044364e-01 -3.179179806502876460e-01 -5.156399910280824450e-01 -4.077700311876308881e-01 5.447016607040217062e-01
5.803712172531935165e-01 -7.543654754739735624e-02 -2.596642882526439822e-01 6.618567356744601282e-01 -2.619438334751983954e-01 2.617176048638008776e-02 -7.756069054516612216e-01 1.503446862621263258e-01 -5.354953232286567832e-01 7.418657443928469153e-01
2.393529329769963632e-01 1.610921752010672781e-01 1.330911109731167975e-02 1.112907424076109153e-01 -6.851856440459967723e-02 9.468722274471400024e-02 4.769044309989229485e-02 4.672193538538802621e-02 1.094014218922746973e-01 1.307456256137764505e-01
-5.198549318644115624e-01 -8.462186486761942295e-01 1.555871359120220010e-01 6.036361912601321267e-01 -2.753665256659768024e-01 5.896513653013002454e-01 -8.403335024901877892e-01 -6.974502769648617539e-02 -6.876920668291064409e-01 6.391969620355875126e-01
3.822001583324921570e-03 3.136214792382028497e-03 1.803600911628519196e-02 -1.896601499449570086e-02 5.950177750234605933e-02 5.649895361879541528e-02 -1.495124662198252762e-02 3.964263540930967888e-02 -4.461976577542486888e-02 -1.835138409741878668e-02
1.983111928635949428e-01 -2.349888111676185498e-01 -4.368423345689536053e-01 -2.995605225536961957e-01 4.349326338764226696e-01 3.657265873355660668e-01 -2.094442699475024261e-01 -5.278485544350077774e-01 -5.150759426191916512e-01 4.890552319354015132e-01
2.761698109975024851e-01 -5.044420679801278062e-01 -2.062447855737066515e-02 -3.357532058052007939e-01 9.792692255315323113e-02 -2.895131321867465690e-01 -3.832304573873376863e-01 -6.206122355370136123e-02 9.047070816354068484e-03 1.763221685484004930e-01
-1.060381813053018485e-01 -2.726259156428474384e-01 -7.478416516968894312e-02 6.493344608283994901e-02 1.877932272183779616e-01 2.044790381613169061e-01 2.229875054835681880e-01 1.842830358972121219e-01 1.149366148118186742e-01 9.027320519912165886e-02
-8.559855979248012225e-01 4.488745526887865100e-01 8.838415735463059364e-02 7.402256780778693201e-01 -2.688899750241424136e-01 -3.179499420572972634e-01 -1.515050056348485608e-01 7.619868426271863004e-01 -5.127731316917101545e-02 1.401012742058036498e-01
-2.411676983371499050e-01 8.390581481684482312e-02 5.651019520028458532e-01 -4.027715972982232606e-01 1.992211423751570620e-01 8.061677245695264560e-01 1.950654559048683179e-01 -7.679616929187668001e-03 3.365400108082924335e-01 -4.146354391795175620e-01
7.488503256596340182e-03 1.090565412829589687e-01 -3.105474718822734057e-02 -8.744863589461396303e-02 1.080689275255610066e-01 -1.513558358811328552e-01 9.591039704631255935e-02 1.026597046721621810e-02 -3.000850236912514998e-03 -9.387476779450942832e-02
6.090668390646213765e-02 2.136610052711482299e-02 1.996284597801059324e-01 -1.677471255862858848e-02 -2.273771472590827014e-02 -4.050304184840564786e-02 6.041464716237313244e-03 3.105167943011363091e-02 -1.052640123477203149e-01 2.107339065215674614e-02
-2.851446776287338558e-01 7.622942274076643931e-01 9.137797428037812697e-01 -6.200736805958646514e-01 -1.047029227090682801e-01 -2.470209203905030793e-01 -3.178769644128380256e-01 -2.269580467474811292e-01 6.791507823235362062e-01 -3.967001033904371532e-01
-3.376421977654495699e-01 -4.367372070795492722e-01 -4.450763543099385822e-01 2.739509981322660881e-01 -2.330329285571605402e-01 7.289017318472670315e-01 -2.082269055152017601e-01 -5.146790941132504127e-01 7.486719712193397325e-02 4.377512431072848043e-01
-5.075755776378062523e-01 4.419362599316311591e-01 5.393730706763453231e-01 -3.210376675699465610e-01 -1.555857040976100225e-01 3.177334390328980795e-01 -3.198839857985287805e-01 2.311462864444222276e-01 -5.809969799560229520e-01 -7.118115165279811363e-01
-2.341091463025531949e-01 -4.524926753906148846e-01 -6.237301249169764361e-01 -3.832676248846134670e-01 3.782979370295819765e-01 -5.359211622605385417e-01 4.717814835956357644e-02 -3.166122564250915539e-01 -3.662096082443000444e-01 1.458250172711873238e-01
9.994179115766066435e-02 -3.904054936721515490e-02 -2.310625499994435339e-01 1.600374428142428695e-01 3.249625437263529287e-02 -9.305988431637501890e-02 6.458929005839479653e-02 1.261736326293521997e-02 9.107138474536842498e-02 -2.087597617224201119e-01
-2.541556433525342662e-01 1.634664354502339545e-01 1.976272840399108666e-01 -1.457161363068910087e-01 -5.749172220751803675e-01 5.607118423158495846e-01 -1.218397621595950497e-01 4.368646503852660068e-01 -1.756117572818850781e-01 -5.470921439002334186e-01
7.476094148061766809e-02 2.763589321210144570e-02 1.993020277375800314e-02 6.419574344884987349e-02 1.057376419173905735e-01 -1.408614116473765054e-02 4.583198391838263358e-03 2.416092920308421377e-02 1.243788754520582743e-03 3.890787009826884683e-03
-5.653065788111493184e-01 -2.823261842036565161e-01 -4.561433726771604302e-01 6.324713721898069796e-01 -4.838373500896528956e-01 6.912113596577553754e-01 -3.440944905824372957e-01 -4.563202679516012994e-01 4.819801497266646972e-01 5.611095202710506546e-01
-5.398991586562201794e-01 -7.971429029322074644e-02 3.621348712622178834e-01 -4.033612657639070592e-03 8.202692970584393173e-01 -2.675177928236072700e-01 -2.277151768701263790e-01 5.789568617317208954e-01 -2.556290126636577287e-01 4.227425867513979196e-01
-4.362862713634323153e-02 -2.726312364020849408e-02 3.476254384504161299e-02 6.061875089121891713e-02 1.392759293531722550e-02 6.174978261592634077e-02 2.465410757881428966e-02 -1.404154465954227105e-02 2.879026644480506963e-03 1.186147951573355286e-01
-9.126621848039515039e-02 2.324576487894868537e-01 -1.934779346678048434e-02 6.775270540556399546e-02 1.582482145136198670e-01 5.080082689781552363e-02 -1.314477203139874650e-01 -1.338013806693759689e-01 -4.317549319070902725e-02 -5.935484365707235227e-02
8.798975410070748737e-03 -6.997940528554297268e-02 1.642752399187185144e-02 -1.644155534060580126e-01 8.738195449720739805e-02 6.403210563696323798e-02 -8.334506690211568314e-02 -2.224809791618144184e-01 -2.697341832979968101e-01 -5.281270212227376915e-01
5.182109167967271501e-01 -1.029572492772174302e-01 -5.265023751808844965e-01 -5.600043709781238332e-01 1.228209292752032583e-01 8.631999732623929500e-02 -5.127705674094144017e-01 -6.805893699966887589e-02 -6.191896827579153051e-01 5.108077888962021529e-01
4.610572054901699857e-01 -6.362968179231988097e-01 3.783156268014726265e-01 5.747536691158460220e-01 6.292077954606567491e-01 -3.056382472701021924e-01 4.009023454783945950e-01 1.719661062359805481e-01 -1.273211280973055720e-02 4.826124010730937774e-01
4.193800519915192870e-01 -4.463674264776021361e-01 -3.782156342312594788e-01 1.658133950827983816e-01 -1.395642283266680383e-01 -4.135922023856071217e-01 5.029635043182306697e-01 4.225270942297151278e-01 -1.274700000697241153e-01 1.119329886985095251e-01
2.125820415414404752e-01 7.906207600467018981e-01 5.095673300195071587e-01 6.025118618485811872e-01 7.222737893186251812e-01 -8.031504300759133574e-01 1.674390876923820826e-01 7.928688551108132865e-01 3.089495359496274851e-01 -8.702827180595354983e-01
2.664962829478874085e-01 -1.133922295908891403e-01 5.201355865036857984e-02 1.335962210472073641e-01 -2.052667129037717419e-01 3.468439522401704500e-01 -3.090227471342976359e-02 2.433235299386161121e-01 1.373401356393638972e-01 3.463730385412439050e-01
4.324308794310451343e-01 -5.382301938706044453e-01 5.566248675787177635e-01 -3.539337946645370048e-01 -1.774110181649594664e-01 -1.607946333029917907e-01 5.566512783895634087e-01 -4.457115253494461360e-01 3.266237056429162067e-01 -2.319371038398399809e-01
6.766387347234890104e-01 -2.550036001543870556e-01 -7.074584532560286299e-01 8.932583712407800025e-01 8.626010642852723065e-02 9.341072077569158028e-01 6.929450204352914922e-01 -2.708447988666320971e-01 -9.290677505436950590e-02 7.890342439403916774e-01
-2.187701297599253247e-01 7.091380885197576256e-03 6.408586340872836351e-02 -5.210248291303000157e-01 -4.265743851433493328e-01 -2.370869755339027607e-01 2.165482895004051667e-01 -4.047189074295203803e-01 -2.956044103682072821e-01 1.428699482454877101e-01
1.323645528627313177e-03 4.414356955592595166e-02 1.403125931136721578e-02 8.973832321779395826e-02 5.753019933601242163e-03 7.655683638093042920e-02 -9.035318630658531935e-05 4.832842458819366221e-02 6.078763028884103491e-03 1.540638748823348371e-02
-1.264168243053042373e-01 -6.032925402441844387e-01 2.757841618565632369e-01 3.312159629029476360e-02 4.914876176167723987e-01 -4.562131158437556233e-01 2.471393545612242948e-01 -3.982811799413462084e-01 7.146458918091789236e-01 4.418285213245455867e-01
-4.829829023820084721e-01 6.754005838469911982e-01 -1.036588051409710887e-01 -1.627695074348869952e-01 4.554884417545115305e-01 5.136601331863734909e-01 2.685414931890733325e-01 4.594887301476893726e-01 -4.627112495892498067e-01 -3.979041251873520757e-01
-6.476648687391939330e-02 -4.129507233294160695e-01 5.442622367170731751e-02 -5.807321124197969281e-02 1.528862672215997032e-01 1.786906424768548163e-01 1.128039385105150116e-01 4.083814565160668320e-01 -2.706627007711493449e-01 3.251580014995986145e-01
-6.774084908459118148e-01 3.952156370557657894e-01 4.481624820711108126e-01 7.199222755057214096e-01 1.306622061989497763e-01 5.890214904524764261e-01 -1.913521930817603245e-01 -8.453943751902165404e-02 7.054184793859207270e-01 9.197241687130902621e-02
-1.490436423347008543e-01 6.238731813179801966e-01 -5.614687218638441113e-01 1.914875286640357888e-01 3.062953301231851611e-01 4.261298516210516030e-01 3.999912003841945562e-01 1.154938855362519223e-01 -4.287608483654292008e-02 -1.581506415199920024e-01
1.150876099769424996e-02 -5.020395796925543330e-03 3.092383182009089682e-02 5.724660893050666916e-02 7.745880964559283266e-02 2.209952433310304401e-02 7.335422962540485113e-03 9.500431139655600432e-02 4.162091560716281446e-02 4.636845139925498821e-02
-4.907759335845216508e-01 5.993696062833442362e-01 -4.901058359657583519e-01 -5.611868854340676220e-03 5.723043741562040543e-01 -7.475761126494686604e-01 -7.993236248108391839e-01 2.622184250345281908e-01 -3.389431600897056529e-01 -7.029629582756287132e-01
-2.116049134137695242e-01 -1.547161166669961951e-01 8.018835132164507662e-02 1.385244049500171382e-01 1.407283400512998328e-01 -4.124218308484137729e-01 1.104288027413775353e-01 5.753499911263243449e-01 2.048972627089964971e-01 -8.221405849523220899e-02
-5.439999568080758907e-01 1.966987304325076846e-01 -8.094146330567479897e-01 -3.329250653841310803e-01 -6.752239257538940054e-01 7.875284844057064970e-02 -8.323696662376333100e-01 -5.071560526482109532e-01 8.002544992403487489e-01 6.870012322273127969e-01
4.346386144163702503e-02 2.734030644637928595e-02 8.232554799267476076e-02 -4.289057855548105563e-02 1.976569164974665421e-02 3.396209578839439608e-02 3.670211799793107049e-02 4.076657660581253784e-02 -4.601587627562368690e-04 1.794599996121499716e-02
7.442280108859605781e-02 -2.036273864664928934e-01 2.926018710651644983e-01 4.334356845156012716e-01 -4.831820480269035101e-01 1.860733831704192431e-01 2.241307708449948866e-01 3.749590234750702772e-02 -4.938845565080414723e-01 -5.553702272729826861e-01
2.090739716342389642e-01 -1.126513046218677316e-01 2.087465084124220382e-01 -2.606294872058419546e-02 -1.905272123005056772e-01 -2.250488250880023078e-01 2.280739223645565361e-01 -2.382783430712142048e-01 -1.051456772780445109e-01 2.768531963085582581e-01
6.965870644034310999e-01 -4.799899186812558449e-01 4.768085717892944775e-01 8.245662863844374080e-01 6.134325965470096564e-01 -3.286118244803162142e-02 5.271075492786946315e-01 6.936991838996597881e-01 5.925110863033774544e-01 1.054215687591813777e-01
9.692972187630563563e-02 1.150300845879650979e-01 4.732804630643681620e-01 -1.432292473208998107e-01 1.860438994195827700e-01 -1.967680025048121617e-01 8.836525265937263118e-02 2.647253648121012382e-01 -3.721162390813492760e-01 -3.559408271406068192e-01
-3.568848768080373213e-01 1.337310921527887497e-01 3.852053221379305170e-01 -5.816057060654087341e-01 5.703605945902255892e-01 -1.208090703693867063e-01 7.210838390543748977e-01 -5.607888054667982125e-01 7.488319019437109092e-02 -4.131645348578542182e-02
1.545633587756311822e-01 -2.142778766512368205e-01 -4.082006774848046526e-01 1.237062045410335966e-02 5.118265138997258462e-02 3.153411677619380460e-02 3.720249944445139234e-01 3.767821040366402530e-01 -2.818178516516119808e-02 -4.805479586507763190e-01
3.044101906116103429e-01 -6.139343995628598893e-01 -4.684807206121794354e-01 3.028904656321448202e-02 1.541231334233592043e-01 2.915628954989823440e-01 -2.633671933689148981e-01 1.998823209279500801e-01 -2.635149710377484022e-01 -4.027473255593351231e-01
-3.658401249503841907e-02 3.782233588434919525e-01 3.168541934947420868e-01 1.810026780176874628e-01 -5.072614454055681538e-02 2.232500876995389127e-01 -3.221252771878781451e-01 1.832354648740904257e-01 -6.309795668468416458e-04 -4.142445760015247558e-01
2.500625839703237152e-01 -1.879381945408029886e-01 -1.561913790319401640e-01 4.514203383133698066e-01 3.865774282456532207e-01 4.689621579453325806e-01 6.905568360555340846e-01 -9.485678551447128404e-02 -2.888474980899676803e-01 3.426082757288158032e-01
-5.091673263973348629e-01 -2.108036320244303652e-01 -5.586506378536579276e-02 -7.058370651515604062e-03 2.650772626168174106e-01 -2.274973174003679099e-01 3.901819227979804253e-03 -1.831757993837206944e-01 -2.857749638469598286e-01 2.370673093741319515e-01
-1.350534995859293264e-01 -6.095059839452587891e-02 -2.089471186200548003e-01 1.916116310225630393e-01 1.615759524978352124e-01 2.286537688651834321e-01 -5.261045435377534329e-02 5.210985901870612141e-02 4.797526505360696306e-04 -2.823542226932245977e-02
2.102174021322412156e-01 2.425952759272619885e-01 1.709941120812993598e-01 -2.131315598660051547e-01 -3.639604148964937780e-01 -2.431956730669868894e-01 2.383739754494022811e-01 -3.082396633816190668e-01 3.490935755125871842e-01 6.497231070465450675e-02
-1.980466978559977754e-05 5.352044542102726288e-01 -4.410899984488897974e-01 4.749518438326528202e-01 6.461703410132371150e-01 1.768772034888841382e-01 3.234141342667980479e-01 2.757351357563969652e-01 -4.688937584900705335e-01 -6.461545046632879430e-01
2.799648133348018320e-01 -3.686913174505505597e-01 -3.860532685041619949e-01 -2.310440751636821666e-01 4.677546801390101705e-01 -4.180771665315130559e-02 2.080597092172006488e-02 5.138570185394976120e-01 2.602479221529784836e-01 -2.424625183354416902e-01
-6.562155082985908494e-02 2.961296288613803895e-01 -2.507962648714661125e-01 1.818205641085330337e-01 -5.114923015663568329e-01 -1.680121963168541288e-01 3.094558894205896027e-01 -2.795847566140534646e-01 6.666908826210015127e-01 4.494313272694553385e-01
-7.225937629053763925e-03 9.263088656169318758e-02 2.096098465825021184e-01 2.035367207011857527e-01 9.094702222498370070e-02 3.508451695550796612e-01 1.678686184018057803e-01 -1.090931040219022818e-01 8.582016420222669806e-02 2.510203968426433785e-01
