6.295805745070197634e-01 -7.976339753690345757e-01 -1.148493988974243762e-01 -6.200925478945755742e-01 3.229682734505266439e-01 -4.555750366663500195e-01 3.511815044480211534e-01 5.927347325014351576e-01 8.040630398286023883e-01 7.081705063551571033e-01
1.496132837116957714e-01 1.206151251909712285e-01 -3.889448823511890696e-01 4.037258020586278473e-01 3.962215346546709704e-01 -1.086457827049423230e-01 -2.521539471881714678e-01 -4.319771710022815570e-01 5.166114065981788350e-01 -2.684802575853488249e-01
2.792485136699798809e-01 4.418168688699256608e-01 -1.981324598786050883e-02 6.567547292807580650e-01 -5.678196783564974925e-01 -2.938474894130470583e-01 5.558976603591523347e-01 2.498905673961535623e-01 6.816653533574260626e-01 -2.661123446274542004e-01
1.574265389142579519e-01 -2.306628578657179962e-01 -6.387301641186576839e-02 -6.599821078100553962e-02 -1.827649611788382811e-01 -2.083067656413673807e-01 2.541508970349225516e-01 -2.221904295843580568e-01 1.825963627778034726e-01 -1.196426076481930389e-01
-2.995034890816572568e-03 -8.256440421386464657e-04 5.154188063781143386e-02 -1.519674107346589108e-02 8.468356066608330457e-02 9.418939400585801813e-03 1.637675304091489037e-02 5.028710180033191257e-02 3.638387121555230162e-03 3.346604101119102920e-02
-4.455998940560953470e-01 -7.473677645953020754e-01 -4.070903170852123443e-02 -7.938281317758633104e-01 7.016874528788118459e-01 -6.937920865609150667e-01 5.531513661056549624e-01 7.117471215156939701e-01 6.744719042568829703e-01 2.297599866496546073e-01
-5.043066735912167704e-03 1.480220513132047833e-01 4.652809949511085147e-02 7.983096948116847474e-03 -1.529232771098453479e-02 1.286623677503083603e-02 4.353315923896301093e-02 -1.395046652382443903e-03 5.311197742840639835e-02 -2.754401900783826941e-03
-5.350946945543001432e-01 6.806509127261640701e-01 7.989377502143171772e-02 6.858812116121596469e-01 2.259863238299740229e-01 -3.246470254141100020e-01 -3.839850512881020084e-01 3.203915908343080710e-01 -6.049660782059844699e-01 5.601258531912562955e-01
-6.912573616217027039e-02 5.906934756269111020e-01 5.505799352580047490e-01 -5.606514106829239008e-01 -2.791188712190245669e-01 3.698201285178034370e-01 -4.193268228148234744e-01 7.192300623981945362e-01 5.170361600847793726e-01 -1.895218295971810851e-01
1.032382937922946865e-02 -2.102778985530245979e-03 -1.063136987635102289e-03 2.107248891547307615e-02 7.192776078202364753e-02 2.913114128795703944e-02 3.598307259024296611e-03 3.822093558597321888e-02 2.172041168095345878e-02 2.117250331282236053e-02
-2.832469870042244112e-02 7.933297182963307270e-02 8.614192045436273870e-02 -1.048477854545632193e-01 2.429029682360511755e-01 -2.068363678671116847e-03 -3.397060622498049992e-02 -1.728170516689755618e-02 2.764182602044994511e-02 5.017561985606573682e-02
3.423513448734378239e-01 -3.189269805996112761e-01 5.942775746374356904e-01 1.864445687718552236e-01 -3.494006500357116352e-02 -2.090501239042402704e-01 5.403632947599630310e-01 5.067183510707763405e-01 -4.533445784069858320e-01 4.087777833382185144e-01
-4.242171099549257307e-01 -4.332150771109127829e-02 4.445951101560564611e-01 5.835043504171457673e-01 4.655280664235214583e-01 -4.659295727341298266e-01 2.075356632023123982e-01 -1.352196713589090549e-01 3.169629808901198720e-01 -1.291137683262823521e-01
4.191615123308668478e-01 1.985705444688908028e-01 -4.641801181280614808e-01 6.384317233189226171e-01 1.750127875486966189e-01 5.350372649106142908e-02 7.434113534233499632e-01 -1.637810369661260590e-01 4.115835358318035708e-01 2.869755521574900436e-01
3.108799655368880699e-01 -5.500521936276024926e-01 3.564297395814447489e-01 -2.368330211686562048e-01 2.908001157435147199e-01 -1.814323637343270568e-01 -4.555649357744599448e-01 -1.669303541979298700e-01 -2.005493909372744743e-01 -6.855476745518597204e-01
-1.333280276255438069e-03 1.799727242210574438e-02 5.789838137617565883e-02 9.776571714692962323e-03 9.069470661050287041e-03 3.623320414322622057e-02 7.862356687888982787e-03 1.642952369282787116e-03 2.680348702791408508e-02 3.480518010779764387e-02
-4.262071172300586075e-01 1.043973178885324454e-01 -5.606767060402434444e-01 -4.827962517278875376e-01 -1.010709681105388322e-02 2.122886554840591466e-01 -4.097348231513551348e-02 3.665323976181807941e-01 9.944989951149778296e-02 2.420976935638653738e-01
8.297709504900917521e-01 -5.337694103535721712e-01 -7.693751436210161110e-01 4.700911973854338122e-01 5.958058473388720966e-01 3.149324338503377563e-01 1.115677940658639788e-01 6.657080486755062587e-01 8.042239729605457077e-01 -4.411927230794879806e-01
1.669682312328319047e-03 4.221902653704682346e-02 -5.909222505594154962e-01 -4.774892764168260917e-01 -5.788683954615465588e-01 2.858645766640917074e-01 -3.644648278352137782e-01 6.677377248768316953e-01 6.737238093936913363e-02 1.283722695156582806e-02
-5.311046748813967600e-02 2.645181758349090528e-01 -1.418125791894375709e-01 5.891346775820130444e-02 1.834137552249766046e-01 -9.497973576372428783e-02 -2.265298544869493169e-01 1.618745493353679898e-01 1.613205295113306625e-01 2.630000596830091644e-02
1.480038104468861223e-03 -5.531776977949296598e-02 -2.463018274535974661e-01 3.740152700771900984e-01 -4.187437873926128651e-01 -2.496071502304444273e-02 1.839556116136424335e-01 1.831618102737016807e-01 -3.177786044204949922e-01 1.818086482364351941e-01
2.824434729722742343e-01 -9.480158588076824377e-02 -2.476342531511888934e-01 4.097120644326390226e-01 2.702967560895452315e-01 1.670321055999089699e-01 2.167364355134857590e-01 -8.748867007981578348e-02 -1.285718908150642326e-01 -2.140168674514693892e-01
6.222552192005317839e-02 4.359688557258097896e-01 -2.262086828742660982e-01 1.797608285797139827e-01 2.661020246489558261e-01 1.374242340824600450e-01 1.060556316326976001e-01 -7.126405133682019166e-02 2.552472174041733322e-01 -7.220605872870623776e-02
5.222901206093396587e-01 1.114273549163325855e-01 8.166667471676111179e-01 -8.842899942154549553e-01 -3.956684429250919566e-01 8.722463985993128555e-02 7.580595417061534169e-01 -7.725925006844323040e-01 -2.096405129512876608e-01 -8.079952673350508929e-01
-6.277161877583449234e-01 1.829218953510783618e-01 1.158234383436513443e-02 -6.580898986852770638e-02 3.369368181789193506e-01 -1.378251110752022612e-01 -6.839376022871638261e-01 4.648999162799509755e-01 -6.528685863801639844e-01 -6.040479428737671741e-01
1.218717995868040700e-02 -5.723524211605509476e-02 -1.656947037570712794e-02 2.552038270303890743e-01 -4.986246095143506696e-01 4.356480616228812774e-01 -2.121128696081832632e-01 -2.433739224022523143e-02 2.263005018405669644e-01 -1.172778544485927193e-01
1.710017901993954592e-01 -6.255133561123358277e-01 -8.098947271780468915e-01 -8.165506699985804195e-02 -3.101366505578274646e-01 -7.990961641196492327e-01 -6.674338578024063828e-01 -7.254319693572195415e-01 8.641114788526028656e-01 -5.171600035835420828e-01
3.694592863026328056e-01 4.747362656580716433e-01 -4.072857833806719369e-02 -2.684942788417583048e-01 4.386904190809337578e-01 -2.819910593406868005e-01 5.148850802160099827e-01 3.529799974371456428e-01 1.552447585923468210e-01 1.385538933198034173e-01
-3.191946310016863797e-01 2.874087659612328260e-01 -3.512198413346473425e-02 3.073586091527794398e-02 -6.913017220825542486e-01 -2.423487357697995392e-01 3.283798095404108497e-01 -6.546792596900896655e-01 3.870999038847506846e-01 1.256806182568324893e-03
-1.744550070802386443e-01 4.795635543588408489e-01 6.164196313758822932e-01 -6.857359951017223676e-02 -2.265842115460923456e-01 -5.423799726670297527e-01 -2.598269067765380247e-01 -4.150247300763285629e-01 5.231792362029803467e-01 3.644188797692398118e-01
-3.792414661241791385e-01 -5.442951699539817501e-01 8.690931961940860928e-01 6.490476680131473941e-01 5.117724096108089427e-01 -1.406436304854295771e-01 -6.775793357178948595e-01 -8.287064775703928410e-02 -5.798910735323865584e-01 -6.624912044748104689e-01
-6.633663857044511114e-02 -1.100167578275764169e-01 -6.929287736185003599e-01 3.341324428719358863e-01 -3.808089393969530945e-01 -5.836207428561014376e-01 7.993511255321068543e-01 -1.505990436795512366e-01 -1.322880957029738680e-01 3.525121812444699243e-01
-1.486864361234140619e-01 6.080902333036832808e-01 -4.892173966576524591e-01 -6.699121818359198288e-01 2.548122289274356023e-01 1.316344500361509851e-01 -4.275245879860141429e-02 2.505437123360790275e-01 3.146875300144141852e-01 2.509869434714727676e-01
3.109821770199305835e-01 6.368513946004973336e-01 -2.226419192747888243e-01 3.555513576962254785e-01 -6.225531187285191503e-01 -5.815326483479351660e-01 1.094207748134983088e-01 1.957647903888037055e-01 -1.152439635043635419e-01 -4.426023153435059698e-01
-3.369672345420580972e-02 3.147592344419131161e-01 3.524700936190307554e-01 3.139364065300241924e-01 5.181456213643278463e-01 -2.803966096987882128e-01 -3.708899596164754175e-01 -5.415416155983190927e-02 -5.649119557953846682e-01 -6.147722661486700046e-02
-3.529599263700604062e-01 5.916692331078785561e-01 2.737365948507278213e-01 4.306164326979269319e-01 4.053934609548036638e-01 -4.502490035085112696e-01 3.582321049218050169e-01 -2.671443190573598025e-01 7.194598076582672252e-01 -4.231093092508353970e-01
7.836255665130305303e-02 2.483231346529948466e-02 3.783887554486947691e-02 5.737444550415660496e-03 -3.647972067662113953e-03 -5.524001593463949596e-03 5.964041808108634483e-03 1.221799240933266473e-01 -1.029244826528411851e-02 -3.840641322732774965e-04
1.845750044218943953e-01 -2.082538531907445617e-02 1.352233663167173860e-02 -2.209438839190477344e-01 -3.254021176083040645e-01 -5.664876299398743757e-03 -7.943696682967671396e-02 1.439686638860138146e-01 -1.275445110213075384e-01 -3.487912839293250689e-01
3.835833619590389709e-01 -5.500255761009285038e-01 -2.871258298287566735e-01 -7.040766947462019365e-01 -6.876580004928167789e-02 -6.985174997516259143e-01 -2.020899875030559845e-01 -6.333526974264960252e-01 -2.150132511381474751e-02 3.060346758319525406e-01
2.062204247704240573e-02 -1.106083012342019278e-01 7.146998815805026724e-03 -2.111793782316023771e-02 1.611484853530817107e-01 2.513241800949277127e-02 7.508976638424609551e-02 8.749638596760994647e-02 -3.499787670111912524e-02 8.967136180429287340e-02
1.198311376598164280e-01 2.554983577074173562e-01 -4.192069892542738679e-02 9.344731346266323124e-02 -4.987683474474413625e-02 1.939538786994988995e-01 -3.200513901739467371e-01 1.995074386405355227e-01 7.677794707800561968e-05 7.520837254218173951e-02
-3.889283646836611541e-01 -4.284005735130011483e-02 5.807547139050389662e-01 -5.029506583950394544e-02 -2.549349376855059579e-01 7.141642546538949921e-01 -3.178598796709995455e-01 -5.240111481711802188e-01 -4.071931864819515190e-01 5.396734419600716093e-01
5.804782813619661086e-01 -7.649667561310448394e-02 -2.596932347199986668e-01 6.620098551415563026e-01 -2.619382804601616543e-01 2.597163564276646838e-02 -7.756861443121837452e-01 1.502308975510868450e-01 -5.355177341768333488e-01 7.419585189186905794e-01
2.589966397542777798e-01 1.797880393504575347e-01 5.621330323010632901e-03 1.207752021488913974e-01 -7.881651094186778450e-02 4.240548292098507421e-02 4.419746317642648387e-02 5.978728650521157595e-02 1.255544634435888096e-01 1.473154579504797890e-01
-5.194307511480690254e-01 -8.471531259490799881e-01 1.535146656945963750e-01 6.033202717047427832e-01 -2.748126880623041335e-01 5.898755300580094119e-01 -8.405989749026909763e-01 -6.932888810690431003e-02 -6.878346885637595109e-01 6.392554233897944638e-01
-2.012571906611377442e-02 3.203816439015673423e-02 6.801374631598830489e-02 -2.278147332441662204e-02 -4.585571605880362639e-02 -3.382857149364046356e-02 -1.103986638065197201e-01 5.372171374674766103e-02 -9.084798997729506831e-02 -7.599004325508806890e-02
2.020206503467775472e-01 -2.376983783507951864e-01 -4.401862832289346605e-01 -2.985346393896909922e-01 4.327698260989560342e-01 3.672946131396876979e-01 -2.064210075759367602e-01 -5.425911071612203873e-01 -5.213481828779064076e-01 4.969894360582571835e-01
2.853603557046551220e-01 -5.216382108687114272e-01 -2.189008811280903494e-02 -3.477154077082354466e-01 9.672292523500235217e-02 -3.008150849573892893e-01 -4.211876264193867847e-01 -6.696374754548262143e-02 1.080114670361236734e-02 1.827520349366505426e-01
-1.202184731878868373e-01 -3.052539061137177212e-01 -8.319990042837356603e-02 8.140360902063933923e-02 1.552685489761174154e-01 2.302938324576611628e-01 2.559809816016161976e-01 2.162756997090249100e-01 1.370014123083129753e-01 5.126896667928607099e-02
-8.567280469415873290e-01 4.480019123216427146e-01 8.873785690405172621e-02 7.382878024616246204e-01 -2.690619769433467701e-01 -3.180078932919681578e-01 -1.516125334639745470e-01 7.626532727960213531e-01 -5.120520416837971711e-02 1.404217799706417857e-01
-2.469281798107644255e-01 8.425344562298764384e-02 5.666333528200527825e-01 -4.038973566326545250e-01 1.999670488795070866e-01 8.081469119874917784e-01 1.954938294432777279e-01 -7.714059640277898082e-03 3.374031921749123808e-01 -4.155106978381814531e-01
5.711165383009712306e-03 1.472154330882840256e-01 -6.357676532646680534e-02 -1.624664102470808058e-01 1.906202013412700291e-01 -2.227555997726855530e-01 -5.548764865164840243e-03 2.053554178475917869e-02 -1.333937719085137759e-02 -1.512049137468101656e-01
7.738356629840283107e-02 -2.694374145448666380e-02 1.574015554017833274e-01 -1.366920625659594039e-02 -4.130764216051622389e-02 -5.081461123193892898e-02 -2.762933103138327101e-02 2.901238302520438642e-02 -1.514253549262116194e-01 5.092340998531585949e-02
-2.860772282101650688e-01 7.680175352314325687e-01 9.169048304532179117e-01 -6.230162612697734970e-01 -1.039134226822202578e-01 -2.632420049174304388e-01 -3.133457638123564593e-01 -2.211175834588808009e-01 6.831401950422691938e-01 -4.111237854473397957e-01
-3.403749338378624922e-01 -4.367704956459758092e-01 -4.452777230334036829e-01 2.755304308669954128e-01 -2.320872747249511092e-01 7.251475532319782147e-01 -2.111525339109561195e-01 -5.147186294964649633e-01 7.577866292375438906e-02 4.409911553579031751e-01
-5.076262577210890470e-01 4.420085428578912623e-01 5.394957873243851898e-01 -3.209632929750776964e-01 -1.564768776656356997e-01 3.175897645133924918e-01 -3.198988959254054354e-01 2.313761154228618222e-01 -5.809713976416664982e-01 -7.125733941041878516e-01
-2.359570920579450448e-01 -4.545267022390863665e-01 -6.272583236699519338e-01 -3.970584101285579148e-01 3.811885352286575879e-01 -5.396371687512867554e-01 4.876181951337778958e-02 -3.192912849154068700e-01 -3.679556950178425323e-01 1.497786139379342352e-01
5.076714723579636018e-02 -5.018823181259822463e-02 -2.511419903810783172e-01 1.793824234408168128e-01 2.333937711103705251e-02 -9.616879074750597778e-02 7.066110584683925333e-02 -2.114951360103865460e-02 1.064878581913084044e-01 -2.417629461474400943e-01
-2.610535376222923865e-01 1.645511740923281951e-01 2.004696057614894777e-01 -1.502509923178744211e-01 -5.822123204011758757e-01 5.631785562493888397e-01 -1.291248707390722228e-01 4.408056435668864514e-01 -1.796267618615442208e-01 -5.524086697898694664e-01
9.337743169463810777e-02 4.599040025702445800e-02 9.379347733564169162e-03 1.132217646447487153e-01 1.193669864711183609e-01 3.914399262322573042e-02 3.947088837383238430e-02 -1.463075727739452346e-02 -2.946478520613792645e-02 1.663144656522135695e-02
-5.665952990980527293e-01 -2.825419852761217321e-01 -4.574890069217101840e-01 6.325611139726267096e-01 -4.808220634628014301e-01 6.963104450742092499e-01 -3.439912231075770710e-01 -4.636632676884676618e-01 4.824506201946728301e-01 5.601596715111427649e-01
-5.397474436589998481e-01 -7.966213390200793665e-02 3.621972567636285723e-01 -3.934911301589408099e-03 8.202142585179017509e-01 -2.675275797239735076e-01 -2.275689888339963440e-01 5.784306064953423920e-01 -2.557468096173575733e-01 4.230356333826241211e-01
-1.094198146684351169e-01 -5.928613720442430651e-02 6.379056414813770448e-02 3.540777710610739509e-02 -2.776966486429385123e-02 -9.339918191037343068e-03 5.963570255779891693e-02 -3.927833206315336709e-03 1.654988199820821987e-02 8.889762859287930752e-02
-1.117998511339064888e-01 2.428517074952787624e-01 -1.322501193729560230e-02 9.068445910889559591e-02 1.964691266202981124e-01 4.222481274803607798e-02 -1.849658805111544790e-01 -1.478578600506113561e-01 -5.885268859550636666e-02 -9.623558376584137597e-02
1.392206336918186058e-02 -8.313376747677778122e-02 1.205779245522882806e-02 -1.866614058634795126e-01 1.159694968487806899e-01 9.722018398490885061e-02 -8.655953342778487103e-02 -2.886143861456256787e-01 -2.897464866746274348e-01 -5.837597543514813081e-01
5.251248686607556948e-01 -1.240314363209728127e-01 -5.322797268932965009e-01 -5.681953502610115336e-01 1.286920241151085220e-01 8.781193748292907830e-02 -5.224491129859899496e-01 -6.696625112199247609e-02 -6.310027240130237081e-01 5.172952928665992545e-01
4.633599899321458326e-01 -6.377070170106394764e-01 3.790408930469440496e-01 5.756069686835987298e-01 6.318881753811516067e-01 -3.029594388932938531e-01 4.020128716903138000e-01 1.680746395978980900e-01 -1.234519408892670311e-02 4.822372742491289332e-01
4.278636052531148426e-01 -4.516698530927805155e-01 -3.997184741596883084e-01 1.719204137944411737e-01 -1.400135204963195712e-01 -4.178431344508493073e-01 5.128020996242675933e-01 4.295752169705270851e-01 -1.290243359302014337e-01 1.141186615914068087e-01
2.107084192516446297e-01 7.914011465120391886e-01 5.091169368958458064e-01 6.021298979846344546e-01 7.224305722521254802e-01 -8.030646755709412998e-01 1.670725570441436159e-01 7.945159230061678013e-01 3.091266864218237265e-01 -8.712043327537525306e-01
3.003794571711016492e-01 -1.237848915333880639e-01 5.650643165220683301e-02 1.387472310607179293e-01 -2.029203457185207726e-01 3.974268297981476405e-01 -4.079999465848951901e-02 2.310476174012954242e-01 1.450394504313025634e-01 3.395774406764978659e-01
4.359617116174255291e-01 -5.504073745502714443e-01 5.599439582864677023e-01 -3.535981297849100646e-01 -1.777092304978327431e-01 -1.572773302840836385e-01 5.530871369786751757e-01 -4.499224169954439967e-01 3.281970818001976320e-01 -2.357740253600585090e-01
6.766459057148800360e-01 -2.549982620426802238e-01 -7.074438527965848378e-01 8.932654926839039833e-01 8.626903522941962998e-02 9.340655486166505872e-01 6.929490632313520804e-01 -2.708312776124506271e-01 -9.289961098457216737e-02 7.890472542049055127e-01
-2.184412905279832784e-01 5.324830041803032404e-03 5.570602980581092906e-02 -5.308622182161930603e-01 -4.328421183647814807e-01 -2.343958293879313814e-01 2.254360538477796494e-01 -4.112003138179504136e-01 -3.006392674305621293e-01 1.464207138097810834e-01
6.054939577727188639e-03 3.943071147241681423e-02 3.261425079800461466e-03 6.932378444720119215e-02 -6.441310629207996907e-03 6.151521669944926690e-02 -6.052068857145437601e-04 3.008813514891447646e-02 1.046188037658923702e-02 1.710588991813649651e-02
-1.243292705305536344e-01 -6.043867689309990743e-01 2.788410175731823593e-01 3.230523842342275520e-02 4.874124435886428852e-01 -4.552963024977551010e-01 2.430741991778976874e-01 -3.970996129119910290e-01 7.160844562441505134e-01 4.414721710493882401e-01
-4.828486825473357613e-01 6.680000303449729060e-01 -1.042508396355518868e-01 -1.644389853189644757e-01 4.585463097169241720e-01 5.147243646187094068e-01 2.666205536463593373e-01 4.613137768612570189e-01 -4.656398031485457500e-01 -3.977243814934323107e-01
-6.871855305902818678e-02 -4.298581975730280114e-01 5.967026381279962738e-02 -5.488643247762563238e-02 1.680958336044450219e-01 1.712950495951920393e-01 1.180067257614419440e-01 4.189620446580789581e-01 -2.879831341364169628e-01 3.369416453992153393e-01
-6.778410558490692850e-01 3.950221055958049732e-01 4.485290634488985906e-01 7.208270356170999316e-01 1.308506879261444877e-01 5.897079734062644629e-01 -1.914772918610522234e-01 -8.702599168796484874e-02 7.059841739111777370e-01 9.206831198040496544e-02
-1.492524418915052442e-01 6.248051906101189656e-01 -5.618978074692457803e-01 1.918918966814595062e-01 3.069280833969549316e-01 4.212184783946501532e-01 4.005661371801670922e-01 1.157395613918021648e-01 -4.276461819639932466e-02 -1.580847145708541290e-01
1.281230301447370754e-02 -1.040850144190222371e-02 1.720654817339238585e-02 4.356423521000703930e-02 6.197782332478626172e-02 3.040594191814177671e-02 -9.375367326693212261e-05 5.950556983351130980e-02 2.508591875702079199e-02 3.663265055920029295e-02
-4.907428016479713495e-01 5.981170210108650576e-01 -4.899033790036035341e-01 -5.496524554378370495e-03 5.720738916095582383e-01 -7.476040096101514987e-01 -7.992933744106409666e-01 2.624361099863760094e-01 -3.388572392591533422e-01 -7.029784468145028331e-01
-2.178879943063733449e-01 -1.773981156693031913e-01 8.392268432809642242e-02 1.396406117334539621e-01 1.470233382638365394e-01 -4.235991832244190847e-01 1.137572676700560198e-01 5.773046384122666463e-01 2.122184102343386836e-01 -8.334932224552110691e-02
-5.441274126407615874e-01 1.975921974111623791e-01 -8.117286852629810312e-01 -3.336438762647017664e-01 -6.752431061953130254e-01 7.841044189577447976e-02 -8.327465835124152616e-01 -5.073368582882161748e-01 7.992149781963316935e-01 6.882661324098815481e-01
4.765038737087214094e-02 3.851025243942488019e-02 7.736978026915386497e-02 -8.744929280361314616e-02 2.460686478081970316e-02 -1.777875311208504394e-02 -9.235003332445328303e-04 1.804931887980024650e-03 -2.567833813690302905e-03 3.502874333212437248e-03
7.665039097056398909e-02 -2.085599148878910236e-01 2.928841486304498143e-01 4.342587386947597272e-01 -4.851467149112485000e-01 1.816575773213962297e-01 2.306962593675198347e-01 3.679622606330802681e-02 -4.983306461776397245e-01 -5.609120193135408439e-01
2.731015536220021689e-01 -1.364605024802579836e-01 2.704166020508301793e-01 -3.984811385352028668e-02 -2.290543353889771816e-01 -2.715999585831661012e-01 2.305553835319661959e-01 -3.089659846371603513e-01 -1.462287067013881281e-01 3.409937096538291357e-01
6.966371339214416647e-01 -4.807991279182963207e-01 4.769644401534188227e-01 8.245313535616870526e-01 6.135376284314684181e-01 -3.282887935182166733e-02 5.271030428607539342e-01 6.937303686740443620e-01 5.925065116613531524e-01 1.054491267537089605e-01
9.305837141263885448e-02 1.164892268667026137e-01 4.665576755190968816e-01 -1.446374272578668241e-01 1.889028223863895295e-01 -1.981684796893497802e-01 8.904114038910390660e-02 2.668298687622372989e-01 -3.732737537576341635e-01 -3.573591214702807606e-01
-3.578694658165726405e-01 1.338212422955099568e-01 3.855423847900259493e-01 -5.820891350956046706e-01 5.709038361323126587e-01 -1.239473525128989700e-01 7.217208743904269808e-01 -5.612605547528470851e-01 7.495342511390504225e-02 -4.129255728570567496e-02
1.615435634608808069e-01 -2.245765963996332604e-01 -4.276943774334056037e-01 1.388430063968602857e-02 5.114200592892167302e-02 -3.792034854429134766e-03 3.925782928667415073e-01 4.066199816352146779e-01 -3.029248878750476562e-02 -5.254357376746974229e-01
3.058892658535639075e-01 -6.166337452107716333e-01 -4.758081956050996819e-01 3.014658769887539405e-02 1.556801550067822282e-01 2.928678835734199737e-01 -2.639738703058719937e-01 2.012379405507977448e-01 -2.697670985798776844e-01 -4.039712672296275064e-01
-3.738358840029527841e-02 3.731539932794934455e-01 3.213158453349306831e-01 1.847328378824011630e-01 -5.898348634354963482e-02 2.223262170774803204e-01 -3.258148933358311905e-01 1.858976942731341842e-01 -4.591929783286619287e-04 -4.215324386795524236e-01
2.510375552443658842e-01 -1.880298754206905787e-01 -1.577703543924564300e-01 4.526016558370125620e-01 3.883187118392589787e-01 4.644799011028081792e-01 6.948517889102406864e-01 -9.232903427984837097e-02 -2.947987806555411039e-01 3.388294945265266089e-01
-5.138804575679625231e-01 -2.201120088163024957e-01 -5.290353286166693536e-02 -1.230343115287159048e-02 2.637094198942552259e-01 -2.533438468928307929e-01 7.384722310791108808e-03 -1.851321702957720305e-01 -2.871780067538091119e-01 2.410330632082376690e-01
-1.904470891881921424e-01 -8.549861379902237712e-02 -2.844233685201693063e-01 2.949857430118446588e-01 1.980032390846810098e-01 3.487068482651889401e-01 -1.499962679128276632e-01 5.548247539646895127e-02 -1.854507648966647812e-03 -4.612333245458070247e-02
2.175377243622831358e-01 2.398383582240124490e-01 1.761316063307492852e-01 -2.177468046195253082e-01 -3.674931963167634152e-01 -2.443338261754247065e-01 2.272490589469790268e-01 -3.234330109914498319e-01 3.567913067798539895e-01 6.487684077255140291e-02
-5.993253603041280033e-05 5.337255833615276446e-01 -4.411487830222948214e-01 4.751720869402481506e-01 6.465620842743200480e-01 1.770515857159456474e-01 3.231656409187498857e-01 2.758258136473561994e-01 -4.689993699592072685e-01 -6.462918439151364991e-01
2.876667537656963924e-01 -3.790169586510148680e-01 -4.080984473210494956e-01 -2.371105978360076028e-01 4.807877118702163499e-01 -5.876337382239666535e-02 2.117359289403351885e-02 5.278608661304998728e-01 2.668101160416977979e-01 -2.504482925996734388e-01
-7.201851361889405334e-02 2.986266511143018665e-01 -2.519150288413110061e-01 1.815105810045969381e-01 -5.128007525121690557e-01 -1.678410214377748788e-01 3.093730132698136459e-01 -2.770870485569452701e-01 6.702419861831888648e-01 4.530729375679323767e-01
-2.783270779815661886e-02 1.002794417478867772e-01 2.338639924022495320e-01 2.140099367597484981e-01 7.741174280087222137e-02 3.796253985957799282e-01 1.750241516591457269e-01 -1.021414296186273496e-01 9.344042170153515903e-02 2.706066257069593695e-01
