6.282204971764713264e-01 -7.917287503818064565e-01 -1.144588507209443329e-01 -6.187520157068148174e-01 3.211906416852006729e-01 -4.557474633016127541e-01 3.526738265004912276e-01 5.919430372275813479e-01 8.052984421087325817e-01 7.070626791037670777e-01
1.490287810578443117e-01 1.206146426747423950e-01 -3.860051763017666171e-01 4.046373184151005886e-01 3.949608207743716681e-01 -1.071466814398148587e-01 -2.523989351772057965e-01 -4.301226571563123158e-01 5.159204196243959428e-01 -2.688503008931623084e-01
2.780093521251763566e-01 4.413443461448477989e-01 -1.998594720810912065e-02 6.554582448278838402e-01 -5.667825917402836700e-01 -2.937484854897559061e-01 5.540545841069693944e-01 2.532412597158835155e-01 6.820229664810207870e-01 -2.661505572828249955e-01
1.755146016318469837e-01 -1.570117615294359947e-01 -3.083969239532116310e-02 -3.403334109784835609e-02 -1.307103739342763138e-01 -1.079368262785007082e-01 1.600632533824029591e-01 -1.290756817415786850e-01 1.162944037637647920e-01 -7.034559445226591656e-02
-4.412176929145476129e-03 -2.289506771058995912e-03 7.910648642627490790e-02 -3.285294552875339062e-03 8.253460887147419378e-02 2.732051439271573900e-02 1.461905460229084852e-02 6.259561502404502320e-02 1.467670839776763492e-02 3.791737791032134125e-02
-4.455962787994833252e-01 -7.467492329976147536e-01 -4.072022611808435305e-02 -7.939095980993502444e-01 7.015238860243889762e-01 -6.938864712583090455e-01 5.530631010493889388e-01 7.121804938593905288e-01 6.743247752511415394e-01 2.297084247705256654e-01
-4.868362559092926679e-03 1.659245664475512694e-01 8.082835127387100194e-02 9.809793756566711001e-03 -1.405038640356054240e-02 6.679759187924926012e-03 3.822938039502123825e-02 1.638916047053715422e-02 7.252255023072645690e-02 6.356804829994886809e-03
-5.348075039765441963e-01 6.800886975286900560e-01 8.257295397320152386e-02 6.852189361200419215e-01 2.255610850139201373e-01 -3.245044636684369932e-01 -3.837712635029517094e-01 3.201068603010078228e-01 -6.045809235589353348e-01 5.596248778933116119e-01
-6.983575184861141871e-02 5.906974950159818993e-01 5.496032102978362088e-01 -5.612539403840671737e-01 -2.796115637925611908e-01 3.685350897068873088e-01 -4.151227787683369197e-01 7.205604756684395040e-01 5.174524060462490915e-01 -1.896940363581180178e-01
6.601502725414081646e-03 -4.420624135837165902e-03 -8.050618996114457249e-03 2.842764932966425004e-02 1.023832263414634486e-01 5.071893653552107112e-02 1.528381907637641965e-02 4.435253993801993588e-02 3.290785467120314889e-02 1.165210553809079355e-02
-9.803996156391169697e-03 1.112795558843050758e-01 5.158834857267635687e-02 -5.021864865021443552e-02 2.029027267781625399e-01 2.677917442828059783e-02 -2.849066330609207123e-02 6.825859622631346747e-03 2.614431843023309193e-02 4.543585432098812271e-02
3.422651629972084941e-01 -3.188774062485226768e-01 5.954260263883781601e-01 1.864060623719780707e-01 -3.493788966269584934e-02 -2.090146814117147533e-01 5.402656424841679739e-01 5.067663512185776042e-01 -4.532637044023662964e-01 4.087007613626423841e-01
-4.214674102288064605e-01 -4.413424031026030869e-02 4.406904203825672273e-01 5.791990388920948973e-01 4.672009132383079244e-01 -4.555137497754464526e-01 2.075084842903379134e-01 -1.357064491822708718e-01 3.157352786552188872e-01 -1.273999351460757268e-01
4.147427877506965621e-01 2.022295630933372002e-01 -4.650740703455222280e-01 6.349939773449219116e-01 1.743452848633396390e-01 5.304626841366857914e-02 7.440963286673427657e-01 -1.599394074736130433e-01 4.119872505694155973e-01 2.891554268399269545e-01
3.106313910030417125e-01 -5.499713592257224892e-01 3.631762331193483240e-01 -2.359773984458617135e-01 2.918221405535227908e-01 -1.800545206730127246e-01 -4.541251190280262140e-01 -1.669902605391723471e-01 -2.014195012955650177e-01 -6.817696728672429929e-01
-3.621408265715826517e-03 1.541029361831892236e-02 5.357263374057680272e-02 1.863616771652480686e-02 1.543301964737333817e-02 4.885672954539728441e-02 5.281107941513758612e-03 3.833814422151572872e-03 2.233032200763829939e-02 4.354057690346604254e-02
-3.881352005672560335e-01 9.513425950283145582e-02 -5.262456547195035750e-01 -4.494762122422250039e-01 -1.458664508056727385e-02 1.877720727689572155e-01 -4.388983119501597974e-02 3.536115163926366045e-01 9.232830484357729128e-02 2.431178425043717672e-01
8.297674753725523544e-01 -5.337672735769205534e-01 -7.693720621060631260e-01 4.700892778126764537e-01 5.960027451985236979e-01 3.149311564275272812e-01 1.115673329083185505e-01 6.657051888682460339e-01 8.042207131145860943e-01 -4.411909274868784925e-01
1.328201969099725155e-03 4.153785472226877856e-02 -5.880260999134305777e-01 -4.763767555343612070e-01 -5.775072554073156228e-01 2.848861498715927199e-01 -3.635588589121783731e-01 6.718806530876518801e-01 6.694357253483328163e-02 1.282029438636648165e-02
-3.267794026056622392e-02 2.254884681635344057e-01 -1.291964524774410483e-01 6.037508719566118953e-02 1.873950230173354881e-01 -8.516203568902411258e-02 -1.854307882736649649e-01 1.227487452012972075e-01 1.330832403476816805e-01 5.522589833031407713e-02
-5.489434374903142018e-03 -5.363430392941310326e-02 -2.296384179785152801e-01 3.567930252174978389e-01 -3.994858505318518715e-01 -2.617094615565028135e-02 1.712381762408335117e-01 2.046012661689851353e-01 -2.977375055831077422e-01 1.670591773425801341e-01
2.719467432343645741e-01 -9.081279752904310165e-02 -2.086493188500782858e-01 3.971770851056595775e-01 2.608763861480304369e-01 1.621096733749050611e-01 2.040218169924395974e-01 -8.996334376555414902e-02 -1.234504333394340209e-01 -2.124763362241175180e-01
5.579743903420980589e-02 4.052471387672366698e-01 -1.876701434997739837e-01 1.665443047988844072e-01 2.469475263142403010e-01 1.263489640539007253e-01 9.902194595129716614e-02 -3.949892738789433783e-02 2.377311825731464323e-01 -6.833560355052696600e-02
5.222585594812255705e-01 1.115854560764308334e-01 8.166443085471896124e-01 -8.842753742747364587e-01 -3.956878409526817797e-01 8.720260869449047991e-02 7.579989810787812754e-01 -7.725769304831525686e-01 -2.091842334792914926e-01 -8.074626108548250691e-01
-6.267010936980322855e-01 1.823673551096635648e-01 1.304357595018222453e-02 -6.639331365400379104e-02 3.360531948164858229e-01 -1.323813202492378216e-01 -6.818850696450752258e-01 4.607835147778798213e-01 -6.512546920567567899e-01 -5.965881297779194181e-01
1.080673233709401708e-02 -2.451213495416674007e-02 -1.656060079646255734e-02 2.421112097212723691e-01 -4.814758403828733879e-01 4.109997094104284043e-01 -2.026036925965148672e-01 -2.454419125390663523e-02 2.148953718806855817e-01 -1.158064753029351551e-01
1.707829065134974511e-01 -6.254473018404093088e-01 -8.078612269615762509e-01 -8.181034965471178921e-02 -3.100795090085989858e-01 -7.991399990721831381e-01 -6.671813683973243370e-01 -7.253180547913051779e-01 8.636515895615074490e-01 -5.173495865930841653e-01
3.677960906693877319e-01 4.725674204143932577e-01 -4.058867961145039976e-02 -2.680329434954652479e-01 4.402287515942979734e-01 -2.740118062520850439e-01 5.122105648348873608e-01 3.509288499134911588e-01 1.542022393074223285e-01 1.383613027399231699e-01
-3.189214553027485133e-01 2.918327298744974874e-01 -3.601182021181389969e-02 3.175769246386447170e-02 -6.893261074000115451e-01 -2.350363974516894161e-01 3.323107566878239494e-01 -6.515703591286635676e-01 3.846736296182139969e-01 7.159464408667871882e-05
-1.706935411666871683e-01 4.733852711113006317e-01 6.112373790145321228e-01 -7.289398717639437864e-02 -2.070738375967077771e-01 -5.376203914937813799e-01 -2.578368931695977362e-01 -4.043154630354414691e-01 5.165285749718685482e-01 3.552649347679204261e-01
-3.801272843033141613e-01 -5.377125816874336328e-01 8.693671852285728141e-01 6.503252250961560899e-01 5.093551542910904617e-01 -1.410305722283596574e-01 -6.749544985843480838e-01 -8.358294933999083076e-02 -5.765200913235513092e-01 -6.630372376408437685e-01
-6.685964538305946836e-02 -1.096271520974787250e-01 -6.903909475345756386e-01 3.332007492483965994e-01 -3.807461475582277766e-01 -5.767929164007071785e-01 7.958324759197381582e-01 -1.529299508714699607e-01 -1.317128029010022627e-01 3.559035406932075651e-01
-1.492973605068396992e-01 6.059768509728504782e-01 -4.882118143189902448e-01 -6.684451270679838686e-01 2.554657026560681055e-01 1.323211484737965848e-01 -4.395106186997631975e-02 2.581274446456330862e-01 3.157846142731883243e-01 2.469716884374497379e-01
3.089496247554541219e-01 6.333307114546894434e-01 -2.221506766044798187e-01 3.522571036009679024e-01 -6.092291909592456589e-01 -5.777337115426305347e-01 1.097541998831938620e-01 1.920064946279274876e-01 -1.170410604880382233e-01 -4.400003145341544464e-01
-3.432091409617056554e-02 3.189581530124102615e-01 3.507833582714992016e-01 3.131103150393405032e-01 5.173085157296808401e-01 -2.779746076190397486e-01 -3.697990938242307624e-01 -5.290479917242424390e-02 -5.640265816849584501e-01 -6.200234189208793378e-02
-3.535609632061476604e-01 5.878484120832677684e-01 2.762637726982973274e-01 4.284643780454067130e-01 3.988042483805648297e-01 -4.532537308971088530e-01 3.553048782467503885e-01 -2.582863790689618466e-01 7.155668375936996561e-01 -4.220282290949520787e-01
1.052898045207108779e-01 4.612292244158434917e-02 3.495740929914818024e-02 8.829445890999801719e-03 -5.033279885608505679e-03 -1.501491450986843987e-02 3.938743507618991304e-04 1.940024624728103608e-01 -1.335706318260260726e-02 -3.825626864847973124e-03
1.229601938852031007e-01 -2.846268241565685572e-02 -9.244150719571237254e-03 -1.532566159568210240e-01 -1.919541024997126477e-01 -1.393883033316466180e-02 -4.965618035597452185e-02 7.990178710793062467e-02 -1.071830122339918895e-01 -2.580573825344745775e-01
3.824884459988883711e-01 -5.486492864654781698e-01 -2.849720389412551125e-01 -7.032058239349763262e-01 -6.881430629821974621e-02 -6.934214551183487396e-01 -2.039769181636381379e-01 -6.343507849071849947e-01 -2.090739108522919956e-02 3.141696543450741008e-01
3.183597811203043443e-02 -6.990785022082446343e-02 -6.776682454723144573e-03 -2.215549378766844095e-04 1.761043880576879661e-01 -7.287902188532619820e-03 6.783591426450866213e-02 5.299828681039961409e-02 -1.441305109512629710e-02 5.713058493095122398e-02
1.121009353856335516e-01 2.465804874461009766e-01 -3.140511774717160559e-02 1.232754892733601421e-01 -4.060655206591096134e-02 1.546883834873051256e-01 -2.663066384861325631e-01 1.748666825244387935e-01 -4.928299742352417953e-03 7.240805992492262144e-02
-3.808489577205002585e-01 -4.008618893058858712e-02 5.792329966827514109e-01 -5.087963889024594427e-02 -2.526394132997174524e-01 7.104281278407246214e-01 -3.183053794407474379e-01 -5.160451645105769147e-01 -4.078539830197628335e-01 5.445040154764374529e-01
5.803732540527354322e-01 -7.553033204825342073e-02 -2.596651995385376721e-01 6.618590584455694703e-01 -2.619447527611040716e-01 2.617185233557623586e-02 -7.756096274263953871e-01 1.503452138933716598e-01 -5.354972025372727318e-01 7.418683479537463432e-01
2.417349864533183124e-01 1.628029488686462689e-01 1.254869536682683487e-02 1.122439099785605965e-01 -6.971657770184250258e-02 8.830930024483571450e-02 4.759071034846019954e-02 4.762992253279686727e-02 1.109913157616014695e-01 1.324389712234733119e-01
-5.198428496596165793e-01 -8.462425910039613752e-01 1.554608356315109186e-01 6.036274541599253585e-01 -2.753446338712930430e-01 5.896561214795117412e-01 -8.403376754000329019e-01 -6.971817286836842764e-02 -6.876850755532694093e-01 6.391912882326151735e-01
4.137866467709570319e-03 5.685571139382700201e-03 2.417559424171656160e-02 -2.429578013343315981e-02 4.928778643913817731e-02 4.738617691547656469e-02 -2.607598183381942825e-02 3.932009516444721908e-02 -4.851320412446036984e-02 -2.211695799972097920e-02
1.985969386167218964e-01 -2.348353438467563614e-01 -4.368678214755921108e-01 -2.993832025636794514e-01 4.347665991306962630e-01 3.653655227863273902e-01 -2.090678329194999296e-01 -5.290216173055087845e-01 -5.154870154252136905e-01 4.895748190347902762e-01
2.765785037935277191e-01 -5.052161313620298078e-01 -2.062445415030896359e-02 -3.362808043650187817e-01 9.781289315649920046e-02 -2.899887339700777944e-01 -3.858303367044262910e-01 -6.224509787509967251e-02 9.121079352011401617e-03 1.766354200625717963e-01
-1.070839964795222143e-01 -2.754987847491589537e-01 -7.542633971840932705e-02 6.604000994383621426e-02 1.835147250057552748e-01 2.064731643854789966e-01 2.259322900695394654e-01 1.868258328043272132e-01 1.166178240327045285e-01 8.728126241397970997e-02
-8.559899553642923431e-01 4.488717958803647434e-01 8.840742991485558977e-02 7.401583416547783401e-01 -2.688831468407084091e-01 -3.179347584417136496e-01 -1.515038498911001619e-01 7.619912995216794327e-01 -5.127161207356999151e-02 1.401158095243754120e-01
-2.412784338602781409e-01 8.390868613849804258e-02 5.651079122241138286e-01 -4.027756044474406494e-01 1.992259574276230571e-01 8.061740037428772876e-01 1.950668983849667137e-01 -7.678849919778365195e-03 3.365426479999544251e-01 -4.146366948611074910e-01
4.787278745087818546e-03 1.126160499402508314e-01 -3.481679581102076204e-02 -9.682949661018849796e-02 1.140066818171427410e-01 -1.561670092939407284e-01 8.795612536720827379e-02 1.232942911230571099e-02 -3.896003709656954174e-03 -9.819357751967897063e-02
6.354653098952854628e-02 1.680446329415457782e-02 1.971499132202127746e-01 -1.715846187752859825e-02 -2.422662131190480780e-02 -4.040993502337327653e-02 2.220821204499569615e-03 3.112103430781203856e-02 -1.097025116042383147e-01 2.293105809436586998e-02
-2.851988163488314854e-01 7.630070360161997911e-01 9.142377457124126749e-01 -6.202854604708628594e-01 -1.045118560477259068e-01 -2.489863593216309900e-01 -3.176603931978787543e-01 -2.265602699041438517e-01 6.796967906693819339e-01 -3.976537253978050246e-01
-3.378052105438278385e-01 -4.366880388766233856e-01 -4.449322059482053171e-01 2.740976815708052183e-01 -2.328956231960090661e-01 7.284472303802654869e-01 -2.082821172210797822e-01 -5.145596055279779701e-01 7.492404989103718105e-02 4.379934713200820395e-01
-5.075764443921799707e-01 4.419382951388182157e-01 5.393800705260282102e-01 -3.210250695801475929e-01 -1.556909761332475051e-01 3.177544008316277035e-01 -3.198820418150181699e-01 2.311695900088887867e-01 -5.809883993866825636e-01 -7.118549850883685304e-01
-2.341652386624406279e-01 -4.524621384048579942e-01 -6.237118177085601012e-01 -3.841589040143580935e-01 3.784077998647525920e-01 -5.359511901835495307e-01 4.725154502372538867e-02 -3.166731777980511531e-01 -3.661962322538553360e-01 1.459915593560197900e-01
9.501418833796179686e-02 -3.927435843691353540e-02 -2.326468943805267697e-01 1.623760200123436082e-01 3.157122258404013171e-02 -9.229084563082180781e-02 6.390875530841377827e-02 9.453759140844194761e-03 9.210069213514006370e-02 -2.107346062386714902e-01
-2.546479136032766544e-01 1.633237946713195221e-01 1.976656879072518358e-01 -1.461855813595792364e-01 -5.753519383309567692e-01 5.605736776581853320e-01 -1.225568904374692847e-01 4.370836958403860883e-01 -1.758025378645959036e-01 -5.474975646167248300e-01
7.654631450023129113e-02 2.746686411612112369e-02 2.018692225899210158e-02 6.590855585536263550e-02 1.049322686963153756e-01 -1.112049072843820582e-02 8.140240789472777058e-03 2.470268651229746981e-02 -2.194062083349450267e-03 7.806218920426717667e-03
-5.656018142807160975e-01 -2.822398624569678049e-01 -4.563175117918473189e-01 6.323733807280935704e-01 -4.838753860521659012e-01 6.914937507585519061e-01 -3.440978516764149342e-01 -4.567449486411022663e-01 4.821815623049726107e-01 5.611611192117743618e-01
-5.398829577881953945e-01 -7.970525236296460703e-02 3.621466388342933218e-01 -4.032362452910836711e-03 8.202622012219661363e-01 -2.675119974672657830e-01 -2.276957382096056748e-01 5.789183873206967812e-01 -2.556389131577841423e-01 4.227656554507960296e-01
-4.802406509375783950e-02 -2.988468312736785801e-02 3.754140454214018735e-02 5.566710888876912761e-02 1.137365374543405742e-02 5.439884839011288609e-02 2.721877774099314140e-02 -1.305035288126225185e-02 4.079207729767565446e-03 1.186519315975259614e-01
-9.415592068296653461e-02 2.355273003840596124e-01 -1.843460420458044313e-02 7.042426644056180851e-02 1.638616943445592167e-01 4.720016760047318627e-02 -1.383378414445189386e-01 -1.357349687639017866e-01 -4.569368087449556665e-02 -6.506115150202944342e-02
9.554194337204143309e-03 -7.025971804821011524e-02 1.727270238891977575e-02 -1.667196442949693824e-01 9.021025256601386544e-02 6.571706466882927533e-02 -8.346606413655598133e-02 -2.288075374727321920e-01 -2.724891136395491409e-01 -5.331964731471547925e-01
5.184652488867553810e-01 -1.040618707757481054e-01 -5.266784339992643948e-01 -5.602923389587142200e-01 1.230520633909577832e-01 8.634654860373948415e-02 -5.131272185655709750e-01 -6.801449798015425652e-02 -6.196114503752711000e-01 5.110241041132257411e-01
4.612017078126036118e-01 -6.363269437329047706e-01 3.783469477589331831e-01 5.748023373473016839e-01 6.292839616961450888e-01 -3.055089322896121784e-01 4.009457893557253350e-01 1.719141416875914763e-01 -1.264764607000640889e-02 4.827155033272772511e-01
4.197740226427589816e-01 -4.465855144811878286e-01 -3.794374405512152548e-01 1.661002894918076900e-01 -1.395564707651709146e-01 -4.137447335269910931e-01 5.033849672120991325e-01 4.228249807155085027e-01 -1.275355226437977774e-01 1.120302486019418703e-01
2.125820415414404752e-01 7.906207600467018981e-01 5.095673300195071587e-01 6.025118618485811872e-01 7.222737893186251812e-01 -8.031504300759133574e-01 1.674390876923820826e-01 7.928688551108132865e-01 3.089495359496274851e-01 -8.702827180595354983e-01
2.711182753238983723e-01 -1.138964172361390942e-01 5.319323810348319109e-02 1.347557439260063383e-01 -2.042833830817986362e-01 3.516919818365600303e-01 -3.077892029107205316e-02 2.411320701389834120e-01 1.387320603916617767e-01 3.466834810444742732e-01
4.325097097442834881e-01 -5.390158841809070678e-01 5.568580484193174085e-01 -3.540633805614814555e-01 -1.773156186135277090e-01 -1.604781908325792206e-01 5.560952624567386815e-01 -4.458615669576588281e-01 3.267038029867763704e-01 -2.322475715899466886e-01
6.766387347234890104e-01 -2.550036001543870556e-01 -7.074584532560286299e-01 8.932583712407800025e-01 8.626010642852723065e-02 9.341072077569158028e-01 6.929450204352914922e-01 -2.708447988666320971e-01 -9.290677505436950590e-02 7.890342439403916774e-01
-2.183744980923902901e-01 6.967885544924360894e-03 6.349994997848373846e-02 -5.216821539071327951e-01 -4.270282557727311801e-01 -2.363363529326535928e-01 2.172104396398067128e-01 -4.059225464287488094e-01 -2.961421948571976714e-01 1.428205444321849482e-01
2.421014935195562028e-03 4.907898657293138095e-02 1.845956387054612652e-02 7.819655074694045749e-02 4.179788370162593539e-03 7.372358426748117088e-02 -4.042601929497467543e-03 5.297464512746168086e-02 1.098244067983993218e-02 1.747257115526968524e-02
-1.264262971803272184e-01 -6.032586961966720507e-01 2.758741114679759132e-01 3.305701842937090046e-02 4.913587659250385209e-01 -4.561221944284910568e-01 2.468951258619294098e-01 -3.981085877743961166e-01 7.146787562663182714e-01 4.418080308262214428e-01
-4.830034625782182456e-01 6.747290723750835051e-01 -1.036654976276864537e-01 -1.628494142556881352e-01 4.556500447636165907e-01 5.137131012681047659e-01 2.685219766798228602e-01 4.596101635990210710e-01 -4.628291673137883144e-01 -3.979253639614410698e-01
-6.533861346220611044e-02 -4.139138688693325685e-01 5.497926624637975573e-02 -5.760881594026220215e-02 1.544309703433395242e-01 1.773738641446309661e-01 1.128897088117739450e-01 4.092262407111177391e-01 -2.720625632672278305e-01 3.260751950303353852e-01
-6.774079827760554062e-01 3.952170822600963862e-01 4.481614502236678232e-01 7.199269131136480926e-01 1.306627460378381456e-01 5.890235595553714454e-01 -1.913518573164475212e-01 -8.456704214468629965e-02 7.054198776638248569e-01 9.197137253883168329e-02
-1.490464529547976813e-01 6.238869855473644366e-01 -5.614592256841201001e-01 1.914956500968276187e-01 3.063052032536690006e-01 4.259138842069903341e-01 3.999983424694765199e-01 1.154972860540915275e-01 -4.287129162502572449e-02 -1.581406111507724366e-01
1.141859032267409854e-02 -5.552067522459350028e-03 3.101749441273160546e-02 5.497277792150281200e-02 7.200262922797008580e-02 2.284945415202027999e-02 7.524698419464443018e-03 9.330567828978611478e-02 4.013717018200792935e-02 4.508210500284649813e-02
-4.907740856713239674e-01 5.993391076806989792e-01 -4.900964763129436186e-01 -5.609269456644948477e-03 5.723016635710286293e-01 -7.475760243014334394e-01 -7.993199875936752852e-01 2.622253510501396656e-01 -3.389359474272941597e-01 -7.029622738049884356e-01
-2.120543630056073714e-01 -1.572713456244671515e-01 8.030538725287887647e-02 1.387349518655177083e-01 1.411858431276360737e-01 -4.132774764401137557e-01 1.106543092617367358e-01 5.753228829836067870e-01 2.053773572190510377e-01 -8.235940608042463529e-02
-5.440233271399758097e-01 1.967704339920934853e-01 -8.097466002784831085e-01 -3.330572149363107970e-01 -6.752678804060204820e-01 7.873397160804125605e-02 -8.324200828264214369e-01 -5.071891877724236108e-01 8.002330644609373378e-01 6.870956269170904740e-01
4.763611187330731023e-02 2.974709306048342258e-02 8.079164259562671146e-02 -4.337477301219156561e-02 1.863828079308499364e-02 3.102010990311560718e-02 3.686479936253243828e-02 3.518416837779481804e-02 -1.099084519233938352e-03 1.429437177216990110e-02
7.458721228994229235e-02 -2.040608732680363191e-01 2.926813827265474233e-01 4.334954252409271569e-01 -4.831952196376814168e-01 1.856739541986851816e-01 2.244792403816594506e-01 3.727949971807715396e-02 -4.941127078364125902e-01 -5.556048782042198875e-01
2.130102305006529306e-01 -1.131350456098610263e-01 2.141142952781828479e-01 -2.875947124090886056e-02 -1.937820937710293123e-01 -2.282947089520637740e-01 2.282550719116377413e-01 -2.423117203588084356e-01 -1.089516416247623687e-01 2.803197524742967461e-01
6.965877261175520418e-01 -4.800144772136383242e-01 4.768112730054239745e-01 8.245664620118129395e-01 6.134338597386262970e-01 -3.286067629290459480e-02 5.271073814636471067e-01 6.936992792007190545e-01 5.925103032497744948e-01 1.054217226257020829e-01
9.680977243944002830e-02 1.150572814754836637e-01 4.730695873341341229e-01 -1.432729958292268124e-01 1.860972736175620923e-01 -1.967683030411803702e-01 8.841789937595961879e-02 2.647854201730571178e-01 -3.721500284410549364e-01 -3.559514159014832702e-01
-3.568854785530097828e-01 1.337313176373009782e-01 3.852059716341154627e-01 -5.816066867130413875e-01 5.703615562774323466e-01 -1.208671538163676867e-01 7.210850548766275514e-01 -5.607897510149743026e-01 7.488331645520798774e-02 -4.131652314961760386e-02
1.551416375944346393e-01 -2.149050999892504477e-01 -4.096906773265050483e-01 1.270493715340241872e-02 5.152649359443442489e-02 2.836763167751619671e-02 3.730827022239945334e-01 3.790181495010645496e-01 -2.818882673119573259e-02 -4.836774266462364191e-01
3.044543171134267423e-01 -6.140061645712914240e-01 -4.689790287844396444e-01 3.028794186135009420e-02 1.541670202419715974e-01 2.915985267932482694e-01 -2.633816315777832706e-01 1.999181028066700783e-01 -2.637874482095976525e-01 -4.027811603416690533e-01
-3.663362384731538857e-02 3.772928178770699748e-01 3.171613448120670919e-01 1.812944230269118995e-01 -5.135313649488444654e-02 2.234079771183380969e-01 -3.223843009195397347e-01 1.834541061042350707e-01 -6.031518308247431088e-04 -4.145752229753517093e-01
2.500826173995469581e-01 -1.879054272205109566e-01 -1.562031389090272060e-01 4.514237740689673872e-01 3.866654442317667972e-01 4.686479280644754719e-01 6.906131050119163062e-01 -9.478081506707207449e-02 -2.890030048450145661e-01 3.424918288576343506e-01
-5.092073182647651741e-01 -2.118298962891607684e-01 -5.556102944117209674e-02 -7.560020282270805449e-03 2.642775571218979325e-01 -2.303123828263207440e-01 4.169359570145886318e-03 -1.832256121602910404e-01 -2.860440076337186222e-01 2.369284966179392438e-01
-1.425000620545536223e-01 -6.030043950229101168e-02 -2.146338505653210549e-01 1.984858235992108255e-01 1.610368015651033879e-01 2.406052146200959585e-01 -6.168566930649079655e-02 5.532660327467928824e-02 1.672144460303672323e-03 -3.165294444267315738e-02
2.106684736552366655e-01 2.419826984568162476e-01 1.714182242856152893e-01 -2.135378642894830425e-01 -3.641236689978282759e-01 -2.429218658822539234e-01 2.373504576736092664e-01 -3.093844189416721235e-01 3.495723463799139119e-01 6.504890433093143964e-02
-1.982326668759422196e-05 5.350631459580575955e-01 -4.410901242130245703e-01 4.749604692236053527e-01 6.461790944056933217e-01 1.768849786535469371e-01 3.234152654658628001e-01 2.757411179255784828e-01 -4.688951816510506521e-01 -6.461557781361497721e-01
2.803484617303651505e-01 -3.691536244110810716e-01 -3.877184915200612703e-01 -2.313592265981592733e-01 4.683482337831173514e-01 -4.308173032401585445e-02 2.083758932255148563e-02 5.145419483935587124e-01 2.605366911580619949e-01 -2.427106224845710647e-01
-6.621054262856489181e-02 2.962621364914489464e-01 -2.508587388347218172e-01 1.818348893942031419e-01 -5.116701187313447141e-01 -1.679996649622049198e-01 3.094369635141807073e-01 -2.794299590838770775e-01 6.668830649376058517e-01 4.496273303718748560e-01
-9.785104074989857403e-03 9.323519223726735305e-02 2.110955769554903050e-01 2.046395002153666431e-01 8.938793070299681787e-02 3.534721854653721795e-01 1.686072535734660927e-01 -1.089712385379138226e-01 8.642501999977042493e-02 2.528550615651907196e-01
