6.280803860466777078e-01 -7.903136084430713026e-01 -1.143435674158943122e-01 -6.186140481896434951e-01 3.208667005043523424e-01 -4.558899509900020131e-01 3.529971744507716669e-01 5.918286275100318461e-01 8.055370281331782900e-01 7.068966539131884552e-01
1.488768089880417311e-01 1.206472021913623793e-01 -3.853614204779143848e-01 4.050106286933571886e-01 3.947398402529351258e-01 -1.068080608780070800e-01 -2.524408034009749668e-01 -4.293319877471845625e-01 5.158274173564304510e-01 -2.689455386074844356e-01
2.778218194216832693e-01 4.412666495938323830e-01 -2.005876557664816595e-02 6.552714500951853926e-01 -5.665942772295228247e-01 -2.937993532679381570e-01 5.537832977423514658e-01 2.539405221031231785e-01 6.822006604632244731e-01 -2.664915093045219785e-01
1.861237804560898768e-01 -1.391861975012087527e-01 -1.736830645308777912e-02 -2.555085938897603756e-02 -1.151111394547068151e-01 -7.426265149763090767e-02 1.348988530374553019e-01 -1.094978482098404593e-01 9.753223773882614689e-02 -5.972208275930478150e-02
-6.727531375065510036e-03 -1.887083381229845338e-03 8.878722150195783591e-02 -5.811926424646375600e-03 7.263364036190406159e-02 2.939971696048246028e-02 9.454710681722442236e-03 5.255147483964857369e-02 1.539755153288222336e-02 4.148332265861987000e-02
-4.455950249222722648e-01 -7.466979224029394180e-01 -4.072318554680838532e-02 -7.939424617298446174e-01 7.014844606136161342e-01 -6.939242051281165891e-01 5.530544442530999083e-01 7.123692002916504062e-01 6.743053388655947389e-01 2.296965347139656721e-01
-4.696614729184514850e-03 1.628008351837627876e-01 1.052914698169774427e-01 1.637236865399632410e-02 -1.398525195325299626e-02 5.689680937558002499e-03 3.437256187364361865e-02 1.720903155967835191e-02 8.161079809394743145e-02 7.219918399596333101e-03
-5.348070400631388388e-01 6.800701498805254985e-01 8.292556021069361072e-02 6.851897974751428588e-01 2.255245865501231128e-01 -3.245036450879203449e-01 -3.837653184083373858e-01 3.200895678378998244e-01 -6.045727063847736726e-01 5.596097211718107367e-01
-6.965353357288441016e-02 5.905906719986826481e-01 5.493454541387028378e-01 -5.614420074443806641e-01 -2.799662575044558621e-01 3.672428855827689076e-01 -4.128038250052785130e-01 7.201697198250399667e-01 5.176085896225549599e-01 -1.895503791762472023e-01
5.865317034992243578e-03 -7.680240240747061679e-04 -1.073422158055910118e-02 3.252440479114556554e-02 1.184105785829558111e-01 6.744849015694813488e-02 1.650942542894011725e-02 4.269029163645238906e-02 4.085245734412680518e-02 7.895333805024367518e-03
-4.739350767565171391e-04 1.237766163777344885e-01 4.358120770049625503e-02 -3.177091842654754944e-02 1.850583127042897957e-01 3.075175533891608137e-02 -2.175200957495024637e-02 1.272032743804327355e-02 2.574698862215497180e-02 3.886705127548755606e-02
3.422647236881905530e-01 -3.188769969584886455e-01 5.955206613059349507e-01 1.864058231134350929e-01 -3.493784481872205805e-02 -2.090144131342376033e-01 5.402649490347767314e-01 5.067657007666702684e-01 -4.532631226229320576e-01 4.087002367812665460e-01
-4.213392684093162921e-01 -4.421932398630152444e-02 4.404719753072334210e-01 5.789524144179076792e-01 4.677524868362764598e-01 -4.544105045505936746e-01 2.075154554379590177e-01 -1.357825049135596984e-01 3.156905941860829734e-01 -1.272789431696518536e-01
4.146546514035584496e-01 2.025816022999437638e-01 -4.651340306468034203e-01 6.348624161054612358e-01 1.741976805069354872e-01 5.279022555440382458e-02 7.445329316333220149e-01 -1.599015882740590644e-01 4.120484789585533991e-01 2.896845693323460424e-01
3.109969530268029692e-01 -5.499086023804865553e-01 3.645562722284066970e-01 -2.359919820006851077e-01 2.924822199111629106e-01 -1.800472365003841502e-01 -4.541811237814940561e-01 -1.671714985155053623e-01 -2.016670046344635481e-01 -6.815409394368849849e-01
-5.026963184687339818e-03 1.007607397679641942e-02 6.039620521065562631e-02 2.465568823012123656e-02 1.999088294260972093e-02 4.955789158128091898e-02 6.138097035884834511e-03 3.781451385792825980e-03 2.041460289009302057e-02 4.946421486570222459e-02
-3.744174555074640254e-01 9.321603492362554033e-02 -5.163123652361869542e-01 -4.396561169185254081e-01 -1.498992819022914973e-02 1.836145221799632965e-01 -4.657082484792184757e-02 3.496752797842561100e-01 8.905611991040243702e-02 2.421901687421413041e-01
8.297674728723667403e-01 -5.337672719686180622e-01 -7.693720597878558332e-01 4.700892763962429277e-01 5.960073336764813989e-01 3.149311554786031753e-01 1.115673325721532327e-01 6.657051868623989899e-01 8.042207106913757952e-01 -4.411909261575191477e-01
1.312239401373152580e-03 4.143403004319399369e-02 -5.875032343459239970e-01 -4.763388452995594435e-01 -5.774717986228322664e-01 2.848115318124053719e-01 -3.635238588444655305e-01 6.727055641826968913e-01 6.687972253803321776e-02 1.283383016563862007e-02
-2.902755010418230086e-02 2.149791735773470824e-01 -1.246442975159536004e-01 6.065989315219480482e-02 1.888965979407342122e-01 -8.268999221336231775e-02 -1.733391062880281497e-01 1.113448650402297097e-01 1.261626427148880014e-01 6.424007830710169731e-02
-7.744683688590632033e-03 -5.489284789541841458e-02 -2.288673552130163213e-01 3.522143289608602457e-01 -3.944548375075767055e-01 -2.667356198932851682e-02 1.665627155992362718e-01 2.129144876351500570e-01 -2.934959363060932191e-01 1.607761316944058549e-01
2.699651863453733092e-01 -9.004448276276620644e-02 -1.965219377306800796e-01 3.946022491380010710e-01 2.575586980835672390e-01 1.605064551114773475e-01 2.012766785137135583e-01 -9.058880579920144949e-02 -1.224121665598723319e-01 -2.123289627179376360e-01
5.438860767288833387e-02 3.972200700094351555e-01 -1.738333157651666960e-01 1.633697990825979107e-01 2.422090313269029127e-01 1.238484263832342475e-01 9.717058054296535963e-02 -3.065494833202386110e-02 2.332001443405272156e-01 -6.704493254101007160e-02
5.222524312009696468e-01 1.115918031335837307e-01 8.166423547904028135e-01 -8.842735630619130704e-01 -3.957004094467456157e-01 8.720101975750137180e-02 7.579925541448927495e-01 -7.725803561194887203e-01 -2.090601856944392378e-01 -8.073520395985962494e-01
-6.267167589822252305e-01 1.823450184906138805e-01 1.325519654079331498e-02 -6.647168526257890564e-02 3.358466999319849600e-01 -1.312169782642758631e-01 -6.815775296119259696e-01 4.604569359599197109e-01 -6.511496799321486728e-01 -5.961020560712448901e-01
1.068663327026308715e-02 -1.696841698454778363e-02 -1.662829642415958667e-02 2.400934937954583848e-01 -4.788729685794356206e-01 4.073108833597382517e-01 -2.012618910456888677e-01 -2.466237299438001421e-02 2.130379685965930192e-01 -1.152759788539758634e-01
1.707634473539483555e-01 -6.254340309711690082e-01 -8.069789895990211459e-01 -8.184862071942319850e-02 -3.100891678859885592e-01 -7.991998387898434641e-01 -6.671344954126748883e-01 -7.252751733047164695e-01 8.635370364954882971e-01 -5.174153758013411153e-01
3.677441955948124730e-01 4.725368434053902056e-01 -4.058095082277026616e-02 -2.680013058030895623e-01 4.402848383683122813e-01 -2.729783088868460439e-01 5.120694377856906954e-01 3.508218556763043616e-01 1.541428886848157098e-01 1.383264771038954788e-01
-3.188180272595683706e-01 2.927315072043054633e-01 -3.615709564349318950e-02 3.169482868174368362e-02 -6.890677423334861107e-01 -2.333460583081435891e-01 3.331474091953927075e-01 -6.512506373827746664e-01 3.843609344564751784e-01 -7.304859428930631979e-05
-1.695160979890572850e-01 4.720918048551996371e-01 6.104169007617927800e-01 -7.462493582107672385e-02 -2.012222710322357777e-01 -5.377604927078151187e-01 -2.575234207054310498e-01 -4.010300760819747734e-01 5.152067276590949207e-01 3.531042254521915558e-01
-3.802500497128986634e-01 -5.360773993071992205e-01 8.693520619058539012e-01 6.504792938235617328e-01 5.089925041425131802e-01 -1.410525871665261610e-01 -6.745415902934118746e-01 -8.367017774111018547e-02 -5.760226307489755282e-01 -6.630785705964743482e-01
-6.689274767395798904e-02 -1.096936072201268597e-01 -6.901482733735565533e-01 3.332351012341766561e-01 -3.807809513810975210e-01 -5.748347984931755361e-01 7.953451241213649325e-01 -1.531266387500930248e-01 -1.317432486494658217e-01 3.564479903579856335e-01
-1.494092749170851386e-01 6.054962336766285258e-01 -4.883443584440892438e-01 -6.681925908201645781e-01 2.551816273030549920e-01 1.322564884795186246e-01 -4.435829715669813850e-02 2.607448757664980743e-01 3.157838794349387967e-01 2.461727213107182954e-01
3.088157636460076017e-01 6.331890221559596243e-01 -2.220425736814198858e-01 3.519141156920509994e-01 -6.071507928713522073e-01 -5.775057074735017171e-01 1.102555986538091837e-01 1.915921535223834293e-01 -1.171915490758189404e-01 -4.397621055501258480e-01
-3.442471135325828047e-02 3.202456098547777352e-01 3.504010738950719128e-01 3.130383341969165678e-01 5.172382465828032627e-01 -2.777658511203709990e-01 -3.696025210226253077e-01 -5.278240128565304251e-02 -5.640632832557150866e-01 -6.218140711163757522e-02
-3.545838202795618121e-01 5.871314508698899370e-01 2.765097611641192388e-01 4.278950501584629085e-01 3.975307010951757425e-01 -4.545065958669923245e-01 3.547911221759629252e-01 -2.550132938516755932e-01 7.145929146312041125e-01 -4.213074930362420978e-01
9.886175232338859087e-02 5.379652210525705941e-02 2.677588662933693547e-02 1.114303838902585067e-02 -7.647814710986430495e-03 -1.890618327635619142e-02 -2.148398975353228886e-03 2.295700033933482098e-01 -1.363273341743295210e-02 -3.469194658832715043e-03
1.073425317590883388e-01 -3.276095529450674670e-02 -8.474618261161337082e-03 -1.370366776823788990e-01 -1.627842226512938861e-01 -1.161640999299176635e-02 -3.835396611829307995e-02 5.949312533768380540e-02 -9.998724459488250726e-02 -2.351842486434215507e-01
3.822899794985324951e-01 -5.487178312915423906e-01 -2.848855776913054028e-01 -7.029211276832312283e-01 -6.902969335508898907e-02 -6.911739871534615665e-01 -2.042027630007005601e-01 -6.345010281790567364e-01 -2.109647531831037801e-02 3.154395034518782670e-01
3.597220093118030926e-02 -6.298760786027535197e-02 -8.792288665867377395e-03 5.727733855674005219e-03 1.871077814499256531e-01 -1.266437433614331191e-02 6.596392068436046641e-02 4.532628950227858555e-02 -7.114311903172501964e-03 5.174121976469096829e-02
1.152960326892564502e-01 2.432479989598308745e-01 -2.876524003542492436e-02 1.312041111365938872e-01 -3.973963886783713623e-02 1.453747292042145145e-01 -2.537568333607954640e-01 1.692160769276056242e-01 -6.808901945925548843e-03 7.113447219879485972e-02
-3.780465504689887180e-01 -4.042763354615389743e-02 5.790504508462920308e-01 -5.135985500519443803e-02 -2.525262000818075947e-01 7.093279929332917400e-01 -3.176585853619983690e-01 -5.152276753576520152e-01 -4.078217771821397997e-01 5.451383908827492908e-01
5.803692561732574084e-01 -7.532051516057980400e-02 -2.596634108445115552e-01 6.618544992541721683e-01 -2.619429483644606926e-01 2.617167205174918826e-02 -7.756042846684532144e-01 1.503441782459825904e-01 -5.354935137847990356e-01 7.418632376213473156e-01
2.345218069384328863e-01 1.585213462051966726e-01 1.382761629788500056e-02 1.095913027714668919e-01 -6.661614474726106072e-02 1.059096180919999047e-01 4.944240954827434226e-02 4.566829687557002332e-02 1.068891253851166900e-01 1.281433590796407229e-01
-5.198722619880440377e-01 -8.461751829387573753e-01 1.560836867310583242e-01 6.036471558767073642e-01 -2.753975287793211657e-01 5.896251147491341493e-01 -8.403218492474894274e-01 -6.979274398607608620e-02 -6.876897242876240934e-01 6.391889110911284089e-01
7.467559481237079182e-03 3.375709214489614938e-04 1.213767947709995347e-02 -1.657289918335359130e-02 7.925563593403740781e-02 7.933881776458272250e-02 -3.798235330037092339e-03 3.882939037174122643e-02 -3.662103305314169666e-02 -1.667687663821603231e-02
1.979675328418273039e-01 -2.349908121188622190e-01 -4.370470195941961733e-01 -2.994530968276067351e-01 4.347061399362110445e-01 3.661262229611202956e-01 -2.097651639988123984e-01 -5.265124747782236048e-01 -5.148341108520760878e-01 4.884493972363452285e-01
2.757567019648324846e-01 -5.036703915644391572e-01 -2.065007669051520736e-02 -3.352348813195972221e-01 9.808277389217887055e-02 -2.890389948836054046e-01 -3.802322881905686458e-01 -6.187770891293364189e-02 8.991971534833505253e-03 1.759965790100151972e-01
-1.041871347985870305e-01 -2.682661809269807351e-01 -7.403324596350842335e-02 6.355537819692676227e-02 1.936945194414811389e-01 2.009951383370696676e-01 2.191000034751571235e-01 1.810494001932834995e-01 1.126038703179541856e-01 9.641621738467029412e-02
-8.559815924262031972e-01 4.488713051762538431e-01 8.837078499553460698e-02 7.403469583028001733e-01 -2.688914297337964832e-01 -3.179597689709502961e-01 -1.515053631686103797e-01 7.619819193867656271e-01 -5.128062354898730441e-02 1.400923706782872813e-01
-2.410219582632124879e-01 8.390304244383409160e-02 5.650975713176917825e-01 -4.027685709538935677e-01 1.992166601403986548e-01 8.061632814725960827e-01 1.950644592576874781e-01 -7.680407564029208961e-03 3.365381162757072886e-01 -4.146346834899279354e-01
1.132076436664731546e-02 1.058857373442137345e-01 -2.056186126479399648e-02 -7.661730865005222935e-02 9.433933751048127758e-02 -1.418849027759588322e-01 1.099192600246322732e-01 8.207132273677683609e-03 -2.271994371856751391e-03 -8.902459388662135875e-02
5.515015170744999584e-02 2.593799579437619865e-02 2.082914271810859252e-01 -1.678627344262917376e-02 -1.982192966546146920e-02 -3.901912800784998470e-02 1.209020732139455198e-02 3.199566020005826378e-02 -9.771640867081085591e-02 1.738196194429555627e-02
-2.850977027026387889e-01 7.616809040630266869e-01 9.132757467412397911e-01 -6.193596092299492595e-01 -1.048086846992897780e-01 -2.436942774428053626e-01 -3.180808974188529259e-01 -2.269541889297136406e-01 6.784662069624228797e-01 -3.957064181988931284e-01
-3.370661443196575902e-01 -4.367266312666717165e-01 -4.450945603801311212e-01 2.738691275405362169e-01 -2.332084271488528704e-01 7.293557976317678326e-01 -2.078969507073656353e-01 -5.147327482831850487e-01 7.479942510502020359e-02 4.375656614327861904e-01
-5.075722224690956130e-01 4.419317743820627142e-01 5.393640248269547799e-01 -3.210467232134572302e-01 -1.554067335405107109e-01 3.177105886186413763e-01 -3.198852503982335116e-01 2.311281078677895617e-01 -5.810032856010847180e-01 -7.117351695736369166e-01
-2.340528880149830848e-01 -4.524998180506185630e-01 -6.236778838457958107e-01 -3.821359198415710257e-01 3.781662547780980099e-01 -5.358520890154563343e-01 4.711341266126783944e-02 -3.165661312136543448e-01 -3.662109853559223915e-01 1.457217147305697735e-01
1.087412714687640419e-01 -3.918525177052934599e-02 -2.268311890349556104e-01 1.556702659723831206e-01 3.436710555778969833e-02 -9.314378264030384602e-02 6.534402299631605904e-02 1.707944074239878957e-02 8.811718036937775389e-02 -2.039108451752091045e-01
-2.524965303731273036e-01 1.635130042762974745e-01 1.980533720807390874e-01 -1.454269546054852702e-01 -5.744422590079348856e-01 5.600450263331447909e-01 -1.204051750735611603e-01 4.359099576277309374e-01 -1.756944154013408421e-01 -5.463989070792786285e-01
6.955117971092422691e-02 2.835396952942438945e-02 1.536710915406578996e-02 5.424963960907564636e-02 1.078045585144585261e-01 -1.912670162389538617e-02 -1.348292381517543752e-03 3.120387331609922668e-02 4.265667531827210639e-03 2.117125552797852715e-03
-5.652148880616872928e-01 -2.822358882585828121e-01 -4.559918376485146974e-01 6.324420709392603035e-01 -4.841440043741381816e-01 6.901905706336416424e-01 -3.439816306818575531e-01 -4.542264607991367553e-01 4.819267729183145943e-01 5.616197505508824239e-01
-5.399113955105805385e-01 -7.971692774821328986e-02 3.621228316886828114e-01 -4.025682940111146094e-03 8.202561573791317118e-01 -2.675281765311454119e-01 -2.277250603224660885e-01 5.789975284789027343e-01 -2.556253811750043847e-01 4.227247053156690249e-01
-3.434714171869058391e-02 -2.295117513764639502e-02 3.058501406691061658e-02 6.036272055067663789e-02 1.814237579515659560e-02 7.898893010746181609e-02 1.992770732092924782e-02 -1.527472242516808923e-02 1.053968703366282714e-03 1.191829479402277958e-01
-8.565335855122779840e-02 2.292446934803264169e-01 -1.924417535425060680e-02 6.338613277982901861e-02 1.480684096114046611e-01 5.471831303385807366e-02 -1.177220606113155432e-01 -1.322583230501818419e-01 -3.873159809899800327e-02 -5.041518305925971749e-02
7.265716657445268553e-03 -6.890895101377757237e-02 1.622855718227432867e-02 -1.624907299807108185e-01 8.277620439785014772e-02 5.964706388165141870e-02 -8.200905883719088185e-02 -2.056207793768176084e-01 -2.660431059704783108e-01 -5.151271167648926452e-01
5.175842149130768233e-01 -9.993750633509176917e-02 -5.259328034791527218e-01 -5.591853930735446454e-01 1.222422425995680628e-01 8.615568163113490607e-02 -5.119331889314453488e-01 -6.820866651914794798e-02 -6.180682775338530721e-01 5.102408462456831106e-01
4.609890342664038632e-01 -6.361915148476278148e-01 3.782601816418257323e-01 5.747181153493052808e-01 6.291692783285381951e-01 -3.057022063380246957e-01 4.008864730803968213e-01 1.720248901595994306e-01 -1.276058276425635386e-02 4.826304728109660491e-01
4.185835504864486301e-01 -4.460305858429676196e-01 -3.752289212263433815e-01 1.651047276834636535e-01 -1.396965737874998059e-01 -4.133305945889768074e-01 5.019316221316395543e-01 4.217777729725596392e-01 -1.273355815613075592e-01 1.117056800195760646e-01
2.125820415414404752e-01 7.906207600467018981e-01 5.095673300195071587e-01 6.025118618485811872e-01 7.222737893186251812e-01 -8.031504300759133574e-01 1.674390876923820826e-01 7.928688551108132865e-01 3.089495359496274851e-01 -8.702827180595354983e-01
2.593833783981583929e-01 -1.128402518322867837e-01 4.998072591290806527e-02 1.303887937098751892e-01 -2.064963310838884569e-01 3.390109322247344958e-01 -2.994671100324917262e-02 2.486685883633988903e-01 1.345410093441208599e-01 3.485414874504099148e-01
4.324869995641446030e-01 -5.371425302325940621e-01 5.568731648349091179e-01 -3.544502564613919993e-01 -1.778216800271161524e-01 -1.614535602331819142e-01 5.571794096299410581e-01 -4.453445017946559559e-01 3.266035669816131359e-01 -2.319023227091119854e-01
6.766387347234890104e-01 -2.550036001543870556e-01 -7.074584532560286299e-01 8.932583712407800025e-01 8.626010642852723065e-02 9.341072077569158028e-01 6.929450204352914922e-01 -2.708447988666320971e-01 -9.290677505436950590e-02 7.890342439403916774e-01
-2.192323117251824827e-01 7.351877975600589615e-03 6.541723738947177735e-02 -5.202792612891407042e-01 -4.260563925823250275e-01 -2.380670354367011854e-01 2.155152493758961396e-01 -4.020016062200362783e-01 -2.950347122801160182e-01 1.427962827553085901e-01
9.251363170371204472e-05 5.122156827625823361e-02 1.672550363691970021e-02 9.521082678479771133e-02 4.723236604937811230e-03 8.029120247573533209e-02 -2.470510007034224854e-04 6.088696109291603237e-02 1.095602254535714068e-02 1.388125547837402995e-02
-1.264983485194034751e-01 -6.033926171024222018e-01 2.758327063488990039e-01 3.310306195788079164e-02 4.916701038092840537e-01 -4.561525661221054184e-01 2.474417949777953096e-01 -3.984805189160297578e-01 7.145595192701411635e-01 4.417179770664846350e-01
-4.830551184090318695e-01 6.764779155652214104e-01 -1.035179011157631862e-01 -1.625336736548754768e-01 4.552472927928474800e-01 5.135477946910619318e-01 2.686711551350504101e-01 4.593391387219990518e-01 -4.623994780635012347e-01 -3.979789336585143888e-01
-6.338628568081051962e-02 -4.103583678400233858e-01 5.339935502017824354e-02 -5.866162188874948086e-02 1.493208609367700224e-01 1.831208469205200251e-01 1.124757675254730166e-01 4.062004986513921279e-01 -2.671754240641289191e-01 3.238919404874722741e-01
-6.774086798605100102e-01 3.952154602687478757e-01 4.481628712030876205e-01 7.199214380439752370e-01 1.306621114822169860e-01 5.890212759565870426e-01 -1.913523184005083699e-01 -8.453247227855667512e-02 7.054182270544337996e-01 9.197277200002330899e-02
-1.490403509298582341e-01 6.238579987880098487e-01 -5.614727107842307774e-01 1.914793373745500016e-01 3.062854487389287117e-01 4.265800665600794628e-01 3.999823897164820341e-01 1.154907348513272286e-01 -4.287900867445233050e-02 -1.581576404245806089e-01
1.012209401340466962e-02 -5.381842877382377217e-03 3.269287722999354023e-02 5.650721057233877576e-02 8.264553437175106709e-02 1.634790903223549627e-02 1.063674886164858550e-02 9.800375378421670447e-02 4.469251735512357049e-02 4.490635342670672853e-02
-4.907781728612931604e-01 5.994968378445181267e-01 -4.901235648844434190e-01 -5.621485265178516148e-03 5.723063445561252793e-01 -7.475805141560771805e-01 -7.993291350904138115e-01 2.622058089852694618e-01 -3.389551056041611998e-01 -7.029656022447486885e-01
-2.112667926579012423e-01 -1.538044472599873480e-01 8.021599903697984590e-02 1.385372298672098712e-01 1.403301823982197605e-01 -4.119013096594293377e-01 1.102852913784094502e-01 5.767518067265953174e-01 2.045152057136945534e-01 -8.216292935058150393e-02
-5.440272433947507258e-01 1.965782420207663472e-01 -8.091810662367535656e-01 -3.327700065893882675e-01 -6.751420258810312269e-01 7.883281236410759341e-02 -8.322966167803276250e-01 -5.071729771622830452e-01 8.005582300821396657e-01 6.868443420929629673e-01
4.366553645664514316e-02 2.517728939575854946e-02 7.756800621031163800e-02 -3.991073879068576108e-02 2.249816902397304419e-02 3.880547694373133460e-02 4.316647211886850966e-02 4.928257801436211616e-02 1.422601790709581045e-03 2.368026449239744521e-02
7.422744721915609800e-02 -2.024539782445669012e-01 2.923302249122612939e-01 4.332576056955093624e-01 -4.829738764727166678e-01 1.869743802441134195e-01 2.236416351386093793e-01 3.804938350914124912e-02 -4.936768057003313448e-01 -5.549885443486362036e-01
2.006206968270742852e-01 -1.066281300807635224e-01 2.013890035470899675e-01 -2.597821573889039920e-02 -1.878552171132434334e-01 -2.198848103657497777e-01 2.280270771275938746e-01 -2.277047974962735644e-01 -9.987226931030418475e-02 2.639371455129849164e-01
6.965856707113067259e-01 -4.799423526211036295e-01 4.768037330601858081e-01 8.245669399033415115e-01 6.134296946159534247e-01 -3.286311385349663383e-02 5.271071697044350524e-01 6.936984599803374119e-01 5.925120538701442729e-01 1.054211913438188597e-01
9.724221092813944978e-02 1.149442791714661016e-01 4.744012485446860716e-01 -1.431196639783474112e-01 1.858010427263857012e-01 -1.967455814206497122e-01 8.825981149400301262e-02 2.645072708226010594e-01 -3.720028479655790865e-01 -3.558899342651150599e-01
-3.568842688393212281e-01 1.337308643361294624e-01 3.852046659241195603e-01 -5.816047152751080418e-01 5.703596229564553699e-01 -1.207145090689185490e-01 7.210826106570841221e-01 -5.607878501389818027e-01 7.488306262764031496e-02 -4.131638310143233989e-02
1.536724984307770436e-01 -2.126409114999256722e-01 -4.061605080912081833e-01 1.251018277550075032e-02 5.076055895785051147e-02 3.613366678197810905e-02 3.715431837776635438e-01 3.743098350568619392e-01 -2.839977941263307701e-02 -4.767752100419281325e-01
3.043589971900444446e-01 -6.138569109962780379e-01 -4.677287928773377068e-01 3.029468513080011902e-02 1.540766436701186681e-01 2.915214992300581009e-01 -2.633543615902091406e-01 1.998440928165976793e-01 -2.632330848894405273e-01 -4.027079381172786743e-01
-3.646988742001022743e-02 3.802296696357815864e-01 3.162044061582588994e-01 1.804354333727933579e-01 -4.855037520168684756e-02 2.227981199956276526e-01 -3.215685536842121661e-01 1.828299001088167786e-01 -6.829962390415801003e-04 -4.135098675906736521e-01
2.500751017061356718e-01 -1.879878218125234923e-01 -1.561981338186179402e-01 4.514081419549834662e-01 3.865030741915166379e-01 4.695660372104554781e-01 6.904859774606072476e-01 -9.485807106564189684e-02 -2.884888242689035986e-01 3.426608604985248996e-01
-5.087704021003986998e-01 -2.086009247121652366e-01 -5.607202338217139731e-02 -7.128007443248941463e-03 2.661338423064928960e-01 -2.218591635639138859e-01 2.766774426421589068e-03 -1.821959801180104699e-01 -2.859250588360787715e-01 2.355741026764552604e-01
-1.216510773722725286e-01 -5.310222473318223363e-02 -1.899008414458900618e-01 1.676609304988237459e-01 1.510769116379098997e-01 2.015820842680217384e-01 -2.957929399311166885e-02 5.206578515416235287e-02 6.918941888816226632e-05 -2.910842700999313054e-02
2.089746089381102900e-01 2.438679698571971644e-01 1.700730542999216166e-01 -2.128953105960593450e-01 -3.639014557642083481e-01 -2.433784782879679642e-01 2.404770707463568524e-01 -3.059162688571592792e-01 3.479801182864604714e-01 6.452417457592700412e-02
-1.975538310978660415e-05 5.353084608468136052e-01 -4.410903969604887953e-01 4.749478366150812203e-01 6.461658284709664857e-01 1.768734637280083011e-01 3.234138560670926088e-01 2.757326067697970506e-01 -4.688935624087440801e-01 -6.461543820155255524e-01
2.795862121650203869e-01 -3.681886086012691184e-01 -3.842773042039418496e-01 -2.307369277990918843e-01 4.671450254497934718e-01 -3.994670545315882892e-02 2.078726318150351388e-02 5.131420900358921733e-01 2.599606798325915236e-01 -2.422202724251945327e-01
-6.504744011866435416e-02 2.960339905224765866e-01 -2.507528804307165848e-01 1.818029161803261240e-01 -5.112879629865221265e-01 -1.680156514337756701e-01 3.094586406327286543e-01 -2.797521752575166665e-01 6.664940150657424622e-01 4.492449398449701592e-01
1.086833798561177193e-03 9.113581431873933603e-02 2.072461555619052320e-01 2.003793695956341547e-01 9.025887874968355207e-02 3.463256090603981652e-01 1.661455490787789591e-01 -1.096610646533449085e-01 8.415313483303653308e-02 2.461316568539358152e-01
