6.307235417023997481e-01 -8.019295144645220974e-01 -1.148609781207534791e-01 -6.211725998560696516e-01 3.242220853767113775e-01 -4.555240953848216368e-01 3.502140212920888951e-01 5.933980564206364772e-01 8.029499274280769150e-01 7.096666844282990549e-01
1.500209041743279514e-01 1.206405388289951558e-01 -3.900984237052644854e-01 4.033130709768410482e-01 3.978134439686517587e-01 -1.102070845878252853e-01 -2.517927923393373235e-01 -4.320111194770594465e-01 5.175518625363666469e-01 -2.687388207494533221e-01
2.819839819677513737e-01 4.431387580701949824e-01 -2.069946728930531152e-02 6.599849694320345517e-01 -5.713521913016923470e-01 -2.949144766259854111e-01 5.601890916693025302e-01 2.477684274952179355e-01 6.822431098226333646e-01 -2.659812785057077966e-01
1.480501159347949180e-01 -2.659342407903441674e-01 -8.460993057781432403e-02 -9.216957050434995691e-02 -2.119496960174236388e-01 -2.489957387112450848e-01 2.989144054814502072e-01 -2.622642363301060375e-01 2.115737129167890584e-01 -1.315532786175826752e-01
1.551009887798514937e-03 -3.171582733839381236e-03 4.496744973490437308e-02 -1.577875743454620547e-02 7.079742030502081396e-02 4.953413606811176220e-03 2.285510136969269232e-02 5.760169560621015289e-02 -1.466036858097654987e-03 2.440860223017572023e-02
-4.456104858742265251e-01 -7.476629639248321135e-01 -4.077578802715970535e-02 -7.937283763454333618e-01 7.020355671626086203e-01 -6.936908784500341874e-01 5.533039054791001332e-01 7.114454153698444028e-01 6.747846923011083797e-01 2.297836719743264200e-01
-6.717131825264455181e-03 1.394144851555999820e-01 4.038805685298962889e-02 5.264232655153236115e-03 -1.179354567345230510e-02 1.555099548852362755e-02 4.795101544589374515e-02 -2.108742544923454922e-04 4.288065996761011855e-02 -4.971497863956917361e-03
-5.357988348066217155e-01 6.819286016930568017e-01 7.733133117220197805e-02 6.873752204880145822e-01 2.268685976875604859e-01 -3.249203930144101693e-01 -3.844317324990301765e-01 3.210373521297827937e-01 -6.057341746113079628e-01 5.613763707408695458e-01
-6.859096593936932218e-02 5.914756698734140450e-01 5.524000154351449421e-01 -5.615571311539964139e-01 -2.798022696413612898e-01 3.699990352531551951e-01 -4.236703357412932025e-01 7.189276775152702026e-01 5.176993948185781846e-01 -1.893609036981469818e-01
2.893837676280671019e-03 -7.580647824416486720e-03 -5.217459011036178727e-03 1.037546045217056616e-02 4.474159161163326903e-02 1.996031734972219737e-02 6.614433500009380545e-03 3.787754807938098489e-02 1.721914425276478353e-02 2.770105512586303748e-02
-3.678343432372749994e-02 6.796733239122289272e-02 1.042238064931240993e-01 -1.378696735751675229e-01 2.660104242649001804e-01 -1.266198357997840376e-02 -3.895435075764787369e-02 -2.826649534784505050e-02 3.323611216461563878e-02 5.392427975514606925e-02
3.427602786238412858e-01 -3.192770214736450618e-01 5.928103543921166008e-01 1.866751099071627951e-01 -3.495134426821883133e-02 -2.092598547309620360e-01 5.409684441127556864e-01 5.066904074254813262e-01 -4.538343207717600025e-01 4.090922513597703980e-01
-4.283841454286395067e-01 -4.235372246673688862e-02 4.502903364915491480e-01 5.899578228742847763e-01 4.672742272546794862e-01 -4.775674558477930876e-01 2.081784577847532736e-01 -1.355525691897124241e-01 3.192267863619449031e-01 -1.309973256062092750e-01
4.246275655608762190e-01 1.945361584132203059e-01 -4.638191419421051065e-01 6.434610809318929148e-01 1.740938718433455712e-01 5.356727680670657354e-02 7.460632349375890815e-01 -1.666752969680782015e-01 4.125967384079790579e-01 2.856778168803666418e-01
3.118122754171704369e-01 -5.508396159723617513e-01 3.549699543406285018e-01 -2.375248874392554554e-01 2.906982646960101779e-01 -1.827144052315513301e-01 -4.568047077230029118e-01 -1.680237721154224373e-01 -2.002174946383615539e-01 -6.874180200359147896e-01
-4.946633559328167742e-03 1.544097383959278785e-02 4.608806836371488053e-02 1.676916062696393733e-02 3.534771828070052985e-03 3.324034166072895730e-02 1.156777218887376432e-02 -5.409424681265814945e-03 2.767864776137793012e-02 2.671785977624402397e-02
-4.626311505314036898e-01 1.150893113202614282e-01 -5.935979955523122964e-01 -5.137501465479649143e-01 -1.156191779227218157e-02 2.245673905029237083e-01 -3.699518521831125090e-02 3.928255466901275916e-01 1.066218634330298037e-01 2.426615872785806149e-01
8.298910168408836219e-01 -5.337452858692282032e-01 -7.693550374917803580e-01 4.701718776940871924e-01 5.954971603430095906e-01 3.149080690083679301e-01 1.116752142743287907e-01 6.656110253332832016e-01 8.042293307352516019e-01 -4.411101050880202878e-01
2.117348043534901178e-03 4.286437404306204374e-02 -5.941791662036238764e-01 -4.789655625141361339e-01 -5.806727003053467895e-01 2.870515423040608249e-01 -3.656180591060063101e-01 6.665922329005264935e-01 6.781467589826709053e-02 1.295728376710812528e-02
-5.980136960551243885e-02 2.897980236154628075e-01 -1.472675417329723790e-01 5.379905769035002450e-02 1.770390123620137202e-01 -1.026037457302964584e-01 -2.522170653958492603e-01 1.892713100884186594e-01 1.842358670327991499e-01 1.087429933630162070e-02
6.394758619221077578e-03 -5.534829782165634482e-02 -2.606798690290386133e-01 3.870995112706223651e-01 -4.361893976850438337e-01 -2.825556861913698647e-02 1.960012487228233458e-01 1.777960089577806935e-01 -3.254596124030942894e-01 1.914126826421682082e-01
2.907401852472399906e-01 -9.625351476788911176e-02 -2.725153001419118870e-01 4.222372372079304381e-01 2.792965299667588552e-01 1.702353442386193849e-01 2.271551986370704823e-01 -8.775111337364409347e-02 -1.326417234940447665e-01 -2.191181317214053181e-01
6.680356583480144550e-02 4.581754467774707407e-01 -2.482826876421052598e-01 1.903462583183939960e-01 2.815618683535233702e-01 1.465419952691808247e-01 1.114056263343019687e-01 -9.048086825382938014e-02 2.689757730583304252e-01 -7.390650859995713529e-02
5.223802774996498810e-01 1.111891228909496487e-01 8.168148258002678741e-01 -8.843762958305384503e-01 -3.956994202713466913e-01 8.728979528055173798e-02 7.582101293249725593e-01 -7.726924787769600123e-01 -2.097016307476178842e-01 -8.088300184796307635e-01
-6.299865330924285800e-01 1.841896324053741152e-01 1.111301004374366797e-02 -6.629065858615300344e-02 3.379073978269313550e-01 -1.411198026459509758e-01 -6.872728871884795643e-01 4.696932379416694503e-01 -6.553616919297766685e-01 -6.124357910655736648e-01
1.386464158866762726e-02 -7.464089902069923066e-02 -1.787724852887756510e-02 2.636780821245529038e-01 -5.106457547990079782e-01 4.514722604282669915e-01 -2.191102793897233836e-01 -2.636701479216500485e-02 2.329564178020663845e-01 -1.173496814144398964e-01
1.711866168759759443e-01 -6.255877856730482911e-01 -8.109627970602820701e-01 -8.162017802289472934e-02 -3.102047980015065209e-01 -7.991874514711351241e-01 -6.675880707630813538e-01 -7.254331386733492426e-01 8.643982811614475681e-01 -5.171017725978883650e-01
3.729542288688621476e-01 4.788961489036092645e-01 -4.062866404681363813e-02 -2.706939715326571738e-01 4.418730945772358365e-01 -2.922295437708692378e-01 5.203474835335277771e-01 3.567221518486661802e-01 1.574337999630089913e-01 1.402427834319404654e-01
-3.202929221793175962e-01 2.861994743663005547e-01 -3.410728030933837113e-02 3.069902501401003056e-02 -6.936686625329461231e-01 -2.474125895493684280e-01 3.288976304032902309e-01 -6.580423594494870798e-01 3.895719415412314812e-01 1.750220358880995482e-03
-1.745202121049426180e-01 4.818554294409033711e-01 6.171415047746010574e-01 -6.351997812726595249e-02 -2.355450947387667526e-01 -5.456399772724722652e-01 -2.580910253766720563e-01 -4.175602837084528285e-01 5.251744441092071058e-01 3.680259596608089212e-01
-3.789878929559369336e-01 -5.482697184617441044e-01 8.693253668260354505e-01 6.486092037154094214e-01 5.136395999202634233e-01 -1.406387789984197001e-01 -6.795531715226303948e-01 -8.225831288974977396e-02 -5.824780050417028843e-01 -6.621690835728873958e-01
-6.638366453126146038e-02 -1.100086689609704321e-01 -6.950135157977500588e-01 3.352540520410583480e-01 -3.820926454541017092e-01 -5.904894946707779368e-01 8.030741004303283415e-01 -1.496689628187381771e-01 -1.326491576009892759e-01 3.506329560610703111e-01
-1.485661179895003403e-01 6.099542509008224478e-01 -4.911681323375198249e-01 -6.709409316661751888e-01 2.520913816051749690e-01 1.310987420078970900e-01 -4.142636271347185928e-02 2.480388258618625441e-01 3.151223972606038148e-01 2.544850219814102643e-01
3.136623658415997329e-01 6.429371054196357793e-01 -2.224244981497967288e-01 3.593401062880111629e-01 -6.344102263120626750e-01 -5.882653738854820569e-01 1.072958785109037333e-01 1.981041923386863413e-01 -1.139928398135898607e-01 -4.456727382162825601e-01
-3.302149745071043807e-02 3.137300376605443586e-01 3.537802868935332468e-01 3.144649141000379622e-01 5.188990567659855779e-01 -2.842525658395989030e-01 -3.722197224910522850e-01 -5.554878194043058603e-02 -5.659881957592212132e-01 -6.127475883434391202e-02
-3.535624541296902845e-01 5.958324024395618146e-01 2.715577510215552159e-01 4.347773174057917855e-01 4.105098047864697564e-01 -4.514257662813199734e-01 3.617834989352257669e-01 -2.712026474466531223e-01 7.225486812429523509e-01 -4.242628929966685281e-01
6.547755552588035988e-02 1.635283108162273805e-02 2.374724384273348837e-02 -5.901700546695860632e-03 -1.167040869113150203e-03 -5.646094081662568140e-03 5.881132096174969751e-03 1.002550221774458766e-01 -2.810011761562535969e-03 2.067025432258496904e-03
2.147993608835705448e-01 -1.695676457875252424e-02 2.217604957908662217e-02 -2.590572661005904331e-01 -3.857611615013447071e-01 -1.131884605646050167e-02 -9.647341026111783124e-02 1.737365987161344216e-01 -1.318704465590918862e-01 -3.990290033762616262e-01
3.845414048011305264e-01 -5.511383746478504264e-01 -2.877205748376948646e-01 -7.061631816518139093e-01 -6.893498736730635512e-02 -7.021305362935481575e-01 -2.022017287103444749e-01 -6.343946837765150892e-01 -2.179535699666049903e-02 3.007557438866955146e-01
1.514119987503240172e-02 -1.309569505865029182e-01 8.670906190423457310e-03 -3.604361496326281833e-02 1.593389959886547802e-01 3.955512296865421051e-02 8.054770799589482111e-02 1.189302704332803468e-01 -4.348126071197341846e-02 1.070171512915759765e-01
1.252603017163835541e-01 2.580084610786413934e-01 -4.792155356185676812e-02 8.414672018053837022e-02 -5.770107347160900735e-02 2.162567441586667749e-01 -3.472973926251574084e-01 2.108966612957261233e-01 6.243124770788863361e-03 7.784762858550647868e-02
-3.953805744891633611e-01 -4.446610797039478313e-02 5.838769904829658186e-01 -5.106063727144725256e-02 -2.564110690337020881e-01 7.186402411127956746e-01 -3.192139458097455473e-01 -5.303281387390634816e-01 -4.086565980745303639e-01 5.388598873472295603e-01
5.809867244510235063e-01 -7.757268282774354429e-02 -2.598367768932920985e-01 6.626523499473800927e-01 -2.620162225289860980e-01 2.552888266956497912e-02 -7.761126227906977038e-01 1.497784177451092769e-01 -5.356829623973589083e-01 7.424301677494905549e-01
2.669668563537200834e-01 1.896150778827764283e-01 2.821211227091456435e-03 1.264170578185490890e-01 -8.471984888168096473e-02 2.072232415894770946e-02 4.274029860167795347e-02 6.656411344696826216e-02 1.294783777701182803e-01 1.585283403707941907e-01
-5.192199363056677619e-01 -8.481456872898400778e-01 1.528642255061007371e-01 6.031333346131730888e-01 -2.742983911343687131e-01 5.902386937783884457e-01 -8.409901183227753707e-01 -6.919569860581166465e-02 -6.882642700994184848e-01 6.391963048294938554e-01
-1.431275499987249775e-02 3.562701149366975101e-02 1.136255117825850092e-01 -9.151715925377270841e-03 -1.155437649413327827e-01 -1.024944904358811443e-01 -1.451794282903206557e-01 4.204878724119405498e-02 -1.227804810976793615e-01 -8.166799860519725895e-02
2.043521098914875822e-01 -2.404982394519846189e-01 -4.425192777189831950e-01 -2.968751858658895126e-01 4.299256173421270311e-01 3.701490546688517291e-01 -2.047201856676336140e-01 -5.492643355074263711e-01 -5.242500764499734567e-01 5.019841040329400261e-01
2.931503650746778988e-01 -5.337964169166544703e-01 -2.489674594594936188e-02 -3.565718593109202250e-01 9.751229342886863494e-02 -3.083758624115684466e-01 -4.407409367667132205e-01 -6.898779149271756783e-02 1.029847535345400009e-02 1.877852626439533157e-01
-1.293105767219537849e-01 -3.224467884960675046e-01 -8.817339721836174593e-02 9.249135894958393500e-02 1.483594931353111046e-01 2.452163700140044533e-01 2.735134618654390670e-01 2.344175049735903182e-01 1.504284365673047019e-01 3.807582931228024881e-02
-8.589778825493524783e-01 4.483093647543651139e-01 8.933009185520145168e-02 7.370534645751397607e-01 -2.696899737473228420e-01 -3.185457718533118987e-01 -1.519629244056023010e-01 7.647110395700538188e-01 -5.114100019578231987e-02 1.410755488800334856e-01
-2.520421494121909411e-01 8.474967065838476254e-02 5.694029680661246706e-01 -4.058069626617057390e-01 2.011026662457961189e-01 8.119547127157364930e-01 1.963786404658500462e-01 -7.834014412281714232e-03 3.390218575675708057e-01 -4.172403914272743708e-01
1.325241025500125194e-02 1.640883689593454209e-01 -7.924392726167252266e-02 -2.010839982034538509e-01 2.228154056685814344e-01 -2.720781651192404338e-01 -4.952087824958845835e-02 1.848680526834719715e-02 -2.508406574385725618e-02 -1.714340791816153231e-01
7.091269542653452773e-02 -5.590123180683458787e-02 1.526022762202743632e-01 -9.251434394106059639e-03 -4.505641212480923641e-02 -6.463435984722665228e-02 -3.818386185436752761e-02 3.141556218368551923e-02 -1.766593866413674885e-01 6.607530890387780520e-02
-2.872323195296025977e-01 7.713807117642235145e-01 9.192444414431767408e-01 -6.239848569366469588e-01 -1.045598419556341002e-01 -2.707008702151816881e-01 -3.112911449812365561e-01 -2.180029331448500862e-01 6.840146329462662989e-01 -4.202059262428384789e-01
-3.419863266918422018e-01 -4.374908786575233410e-01 -4.463323791355661152e-01 2.766455548047962454e-01 -2.327538346364376176e-01 7.241020097926835764e-01 -2.124020244450071371e-01 -5.166238516665702107e-01 7.642540754752116805e-02 4.444348971642487767e-01
-5.078549498787369165e-01 4.422245879133616109e-01 5.398050092882185069e-01 -3.209213255445412805e-01 -1.574198405366238895e-01 3.169866234641371405e-01 -3.199771437356119241e-01 2.317440810939102314e-01 -5.811261961988248848e-01 -7.132829634475322811e-01
-2.396940724963884939e-01 -4.593039641054250111e-01 -6.352361431867750152e-01 -4.087576887207738929e-01 3.863709774024384758e-01 -5.456793239649685434e-01 5.047677958272210608e-02 -3.231066654190614673e-01 -3.720386629740965456e-01 1.540375729445081776e-01
2.494856076289417648e-02 -5.256410796106764094e-02 -2.600116334773893700e-01 1.896067733658437504e-01 2.321870523553404980e-02 -9.553700857669780722e-02 6.932559419531626743e-02 -3.086011502908302118e-02 1.132033946023972559e-01 -2.530428159651109121e-01
-2.663027681628185039e-01 1.638194694808872698e-01 2.019073638850841790e-01 -1.546626373325946935e-01 -5.916043422629608806e-01 5.653423917185139702e-01 -1.310754040505204554e-01 4.440441613824980260e-01 -1.813210867765939760e-01 -5.550630721150349167e-01
9.843660985804533747e-02 6.126196842220620054e-02 -4.570372329547067215e-03 1.381071093113034054e-01 1.350830032795626023e-01 6.763999676843109043e-02 5.373600728529399212e-02 -2.327078563828352542e-02 -4.303508959265611722e-02 1.856248468998814363e-02
-5.665821374435328073e-01 -2.826281442434190883e-01 -4.578702771266245919e-01 6.336194183951082692e-01 -4.811760844800199721e-01 6.990675179298635467e-01 -3.445258703742147821e-01 -4.655178900976370548e-01 4.830322431391396165e-01 5.613044787677022862e-01
-5.395958370065607745e-01 -7.965746954395946933e-02 3.623822187848406706e-01 -3.749778818103375027e-03 8.204597527667399914e-01 -2.674380493711038254e-01 -2.282787646929090031e-01 5.786101566717850586e-01 -2.557641501268244633e-01 4.235046870549307174e-01
-1.476995439078545302e-01 -7.536071940047633921e-02 8.022394706712848711e-02 2.731009683585111647e-02 -5.297058596339233871e-02 -3.704061025615389136e-02 8.037928052615926633e-02 2.755687466779949048e-03 2.474528525986484720e-02 6.740639419315599956e-02
-1.231875569920255625e-01 2.491005138905418581e-01 -8.399289464293635543e-03 1.050809647718764506e-01 2.191603360039607873e-01 4.418205228194223982e-02 -2.109653948722720329e-01 -1.580233171719346852e-01 -6.563106395757925537e-02 -1.191638400650820717e-01
1.371900963522592991e-02 -8.536168013615665073e-02 1.239683511840974570e-02 -1.912149001477908561e-01 1.231189904111347488e-01 1.065056159437403199e-01 -9.014441883064733263e-02 -3.084706752668315288e-01 -2.998732007739182137e-01 -6.010893911548387258e-01
5.292150552784415929e-01 -1.331641649158766261e-01 -5.351977328589143657e-01 -5.732017218552122317e-01 1.323604716795119818e-01 8.811789804762966416e-02 -5.300118069964409040e-01 -6.608772860727743503e-02 -6.373804468481094609e-01 5.212984909803796141e-01
4.643626618708779352e-01 -6.384666798838424251e-01 3.798807039093357041e-01 5.763285356162658468e-01 6.321928314456378706e-01 -3.035990618884292225e-01 4.031938916239839465e-01 1.679720156066048520e-01 -1.162016854533855746e-02 4.834167789935988613e-01
4.316466334406521277e-01 -4.535534953854382101e-01 -4.070950345663701953e-01 1.740314160872425409e-01 -1.409647242611695162e-01 -4.203446328921752184e-01 5.170160875289608882e-01 4.327626013583159570e-01 -1.297250945280907786e-01 1.148448204231168196e-01
2.078688550410645042e-01 7.925734241917175016e-01 5.080812813894142188e-01 6.003376158769794246e-01 7.216349364626390983e-01 -8.032674812882617532e-01 1.670250854482440983e-01 7.971982762656776300e-01 3.091972141945381614e-01 -8.713192095375440482e-01
3.144181424699782901e-01 -1.288676170328753035e-01 5.866584397997286204e-02 1.439127084781693933e-01 -2.091150227905184122e-01 4.218731813869759373e-01 -4.787024124062876779e-02 2.315913364493685234e-01 1.518299459451588618e-01 3.397485974640496731e-01
4.436769031333810398e-01 -5.588598377675734197e-01 5.672399900302386166e-01 -3.557795554206794608e-01 -1.857916090763185868e-01 -1.591393150790508526e-01 5.523126226228693980e-01 -4.550355465996438475e-01 3.285567126226300871e-01 -2.382471038784506334e-01
6.766661895804937377e-01 -2.550135303530960407e-01 -7.074163531846356934e-01 8.933062156259703457e-01 8.629095900341983427e-02 9.339278339857665090e-01 6.929700112638947918e-01 -2.708722630542164667e-01 -9.290769982608135247e-02 7.890297921830305983e-01
-2.187932520700109351e-01 4.813595441303034420e-03 5.084758465956770723e-02 -5.359095307917064455e-01 -4.375800357208384228e-01 -2.346563826791143725e-01 2.304112635025190869e-01 -4.133285433663479447e-01 -3.038571606663377778e-01 1.479942503273781462e-01
1.091884487088208393e-02 3.396511953061515099e-02 4.837266877476428979e-03 6.635950315195077165e-02 -1.063507830213345808e-02 5.607729967521984243e-02 3.179831485075806929e-03 3.012211309890554245e-02 7.703859488430143086e-03 1.140768049479064412e-02
-1.223983695102038999e-01 -6.056342880572376242e-01 2.824257215497803508e-01 3.235080813130543353e-02 4.849467834746551964e-01 -4.573434346280792484e-01 2.412222218961366516e-01 -3.992384028533231266e-01 7.170067705310060324e-01 4.432165996773456129e-01
-4.833713259104441828e-01 6.653364681466631403e-01 -1.048779155994027101e-01 -1.664155340493208568e-01 4.625629671745655758e-01 5.159472928898315436e-01 2.634875014826643103e-01 4.636529300830904421e-01 -4.684203765075724557e-01 -3.978571666570656640e-01
-6.910537214812870199e-02 -4.446606448076293461e-01 6.390088498438843689e-02 -5.045800330571970777e-02 1.772188076650842437e-01 1.716153461465745322e-01 1.263653049745940005e-01 4.282269101946946654e-01 -3.002749113295627437e-01 3.501136907421281141e-01
-6.788403109991669737e-01 3.944993551627324901e-01 4.492952884941006086e-01 7.222694534378116815e-01 1.314042582599754538e-01 5.906997680485113200e-01 -1.917567300813238784e-01 -8.923080162491799083e-02 7.066996227752628812e-01 9.211720429387458553e-02
-1.495454485966979108e-01 6.261290112649968709e-01 -5.630213088144735423e-01 1.923929140247346292e-01 3.076898480414752557e-01 4.183104213006854089e-01 4.014152707944921850e-01 1.161251851328872070e-01 -4.275650188259337570e-02 -1.582841368657213754e-01
1.680134574289389102e-02 -1.229115558985770761e-02 1.326927153858060981e-02 3.989779019203357896e-02 6.324080400516948752e-02 3.665963839187973139e-02 7.177180481810733689e-03 4.578436655781396164e-02 1.141914303013037355e-02 3.722654336293799299e-02
-4.909236460235384403e-01 5.966085388996830163e-01 -4.897874758807596041e-01 -5.188704230936743399e-03 5.717996906994337047e-01 -7.480578570225187018e-01 -7.996017294075801196e-01 2.629360412977010952e-01 -3.389610002021339885e-01 -7.032919742775729510e-01
-2.247801979553369078e-01 -1.940304193964700885e-01 8.758956363274500445e-02 1.416443814748288010e-01 1.547310930616364044e-01 -4.376558773150489579e-01 1.175224767248199825e-01 5.882948570467813054e-01 2.209295577161956015e-01 -8.556601788770530626e-02
-5.443952578807359499e-01 1.979993843673012177e-01 -8.122587110592583981e-01 -3.337723780829237596e-01 -6.750856835410012913e-01 7.808921912357529027e-02 -8.327524689629839383e-01 -5.075702039289773371e-01 7.987869460879051253e-01 6.884826867602367173e-01
5.084049550642586596e-02 5.599002917724014983e-02 9.034888584403161227e-02 -1.274784219234846860e-01 3.675834785640931524e-02 -5.189201259578832270e-02 -2.681853188353138656e-02 -2.660949420388431658e-02 6.980086712717735453e-03 -4.664238992921800574e-03
7.814896168454246728e-02 -2.100472075464785149e-01 2.949770659775973192e-01 4.347119258027500877e-01 -4.869376930951028748e-01 1.789170947614853457e-01 2.346372354777665481e-01 3.854342170093062736e-02 -5.013988524041999018e-01 -5.677973372529677709e-01
3.139501909217691233e-01 -1.681145014312886155e-01 3.095022769871959012e-01 -3.034838044067703425e-02 -2.542368237260853037e-01 -3.043365646240973055e-01 2.243380574848751752e-01 -3.653849523962957591e-01 -1.755447933294063123e-01 3.877111990236619121e-01
6.965858759729808281e-01 -4.809489736172023466e-01 4.771945796824487718e-01 8.240762293231705948e-01 6.138235408527765724e-01 -3.270660275426705288e-02 5.269511531319954756e-01 6.938370312629705827e-01 5.926712755011954714e-01 1.055348589688741290e-01
9.194400621534690177e-02 1.172273779520522086e-01 4.625026478969389010e-01 -1.458704840346028431e-01 1.901830582938741632e-01 -1.991453481576801188e-01 8.924538420835712027e-02 2.682890139205243440e-01 -3.751146819859599302e-01 -3.594719506183016722e-01
-3.602331432078377249e-01 1.337504725409717210e-01 3.866504799410100390e-01 -5.835111267281477554e-01 5.726584380306705135e-01 -1.269778222668021816e-01 7.237307469570057883e-01 -5.626417137463883833e-01 7.520812963574174947e-02 -4.117851844579632770e-02
1.636583968633056052e-01 -2.322610315261024461e-01 -4.387614929826080257e-01 1.559202922909594217e-02 4.933026686734300059e-02 -1.705526061352140646e-02 4.020505400180791611e-01 4.253216467055113692e-01 -3.402237775445466489e-02 -5.551407256938443169e-01
3.077914672407799368e-01 -6.196870894534564078e-01 -4.805181903503281116e-01 2.944075500661331307e-02 1.574971525548879980e-01 2.946683315496442801e-01 -2.648139546813322309e-01 2.029700795408734271e-01 -2.749722104293836900e-01 -4.058475443317531850e-01
-3.846368447335464513e-02 3.739506573437120784e-01 3.262643342628107623e-01 1.891996746568036791e-01 -6.487893991319323983e-02 2.235004526536730207e-01 -3.306879241158006688e-01 1.884593696132937923e-01 -1.385736862331977785e-03 -4.317723391937429711e-01
2.519149023662864417e-01 -1.876731469620107062e-01 -1.588878213484000157e-01 4.537140228724860780e-01 3.895879332433541120e-01 4.631377945854910916e-01 6.977725098054972097e-01 -9.172460842205437670e-02 -2.979183511077847513e-01 3.377946798330555001e-01
-5.173715521334946166e-01 -2.265843660235333235e-01 -5.260687407489236800e-02 -1.903389886541641610e-02 2.644010757226108455e-01 -2.657899083912105831e-01 9.498673001888804229e-03 -1.873437120767482422e-01 -2.886034000326502258e-01 2.430735383560223284e-01
-1.906399654724487969e-01 -1.150863163487630403e-01 -2.970424838970363579e-01 3.439373314283238336e-01 1.902230340307543011e-01 3.747618553318136647e-01 -1.776594573966254753e-01 2.911638465430827286e-02 -1.787288205937800217e-02 -2.428595956838994555e-02
2.232271668882225280e-01 2.401843404943901639e-01 1.795768995691777170e-01 -2.202243171478104888e-01 -3.723857148987363419e-01 -2.464671289438370716e-01 2.237075575049710663e-01 -3.291270104004869190e-01 3.631866767455171341e-01 6.737247105343770193e-02
-2.430374673405409245e-04 5.331657327803672741e-01 -4.415328314194275627e-01 4.758061612811561591e-01 6.477464029284391023e-01 1.773843033846863593e-01 3.216343999305166235e-01 2.759563968030402381e-01 -4.694706451805863989e-01 -6.469749416498707939e-01
2.946662390869980164e-01 -3.874605829110774335e-01 -4.246778752122598588e-01 -2.419490044245617977e-01 4.922679005622471737e-01 -6.559821612679470060e-02 2.219938740752935846e-02 5.396762392698745137e-01 2.730469306548219954e-01 -2.580096510977061830e-01
-7.505997926947316490e-02 3.022223401510705787e-01 -2.548189516950729594e-01 1.808224961244678797e-01 -5.159472879123367939e-01 -1.675183171789003111e-01 3.088540350628348197e-01 -2.759705894243879576e-01 6.742619562465348437e-01 4.569555730489486267e-01
-4.892789215923317586e-02 1.075721774095528549e-01 2.523930999946935594e-01 2.268418917291457337e-01 7.965731979602662383e-02 4.020186771516388036e-01 1.817929036509723373e-01 -9.965761082144906913e-02 1.013961735299201833e-01 2.887901114187552687e-01
