6.296152146461707622e-01 -7.973675348436481958e-01 -1.149188389030459945e-01 -6.200927607171142775e-01 3.228255621729837488e-01 -4.555801492327414270e-01 3.511922656889140959e-01 5.926347293431214469e-01 8.040996213684827865e-01 7.082159574407029812e-01
1.495544120859826631e-01 1.206097194424709806e-01 -3.887711928294327324e-01 4.038460112196866070e-01 3.959962157629064450e-01 -1.084152682451892113e-01 -2.521560804331506311e-01 -4.319266602501773966e-01 5.165263973189504476e-01 -2.684334044711452205e-01
2.790796256273656573e-01 4.417574496027765751e-01 -2.004561029435854291e-02 6.564135901709459153e-01 -5.675282280252538225e-01 -2.937103812069490338e-01 5.555285734039150380e-01 2.500851838588110110e-01 6.816146818657506934e-01 -2.662822917124758049e-01
1.580638840678601220e-01 -2.210864402923155281e-01 -6.386413156501039023e-02 -6.249168027393250946e-02 -1.790270211805454481e-01 -1.983631094628659775e-01 2.437501279798018616e-01 -2.110235414649261620e-01 1.763673933385622450e-01 -1.141145409344884731e-01
-6.683209383181517183e-04 -2.138567658576979481e-03 4.974235265533191036e-02 -1.186941881897993212e-02 8.835061433239153883e-02 7.549534240871532895e-03 1.529113478186452588e-02 5.314468757396507287e-02 3.074837491780709874e-03 3.294923460060245057e-02
-4.455976401271820042e-01 -7.472811113731401278e-01 -4.071282077456080811e-02 -7.938332706500480507e-01 7.016657959239245290e-01 -6.937962230134657737e-01 5.531276910770469568e-01 7.117993480194764189e-01 6.744371096012390376e-01 2.297529866614892724e-01
-5.585318831651834778e-03 1.505312072892840691e-01 5.022379154081716562e-02 7.813781473208460809e-03 -1.495174499266367987e-02 1.226484434681369452e-02 4.085340387026047820e-02 -6.187809053594994823e-04 5.053299657392358590e-02 -5.008418281336566181e-04
-5.350444757985086675e-01 6.805828274759535557e-01 8.010505556583870368e-02 6.858150293177694978e-01 2.259761518314273576e-01 -3.246140348166936529e-01 -3.839563498478200110e-01 3.203680278981076435e-01 -6.049245737653605737e-01 5.600656118073985557e-01
-6.912188506546225464e-02 5.906694364469822212e-01 5.505545262608970702e-01 -5.606265730064333708e-01 -2.791272714775341335e-01 3.698075660829941436e-01 -4.191992353271700722e-01 7.192668578446279604e-01 5.170174772462863277e-01 -1.895199788946009822e-01
5.954766250014413044e-03 -1.954547223942737673e-03 -3.109249817242797868e-03 2.069216475417539128e-02 6.722630308758341389e-02 3.813962370794767021e-02 6.964843195170055540e-03 3.824010961784892609e-02 2.120497353437757540e-02 2.617017693892108310e-02
-2.448114713885397864e-02 8.233553794853272489e-02 8.352299045956254608e-02 -1.027396031719669534e-01 2.423759941237113580e-01 -1.600457187661550587e-03 -3.377301891718983984e-02 -1.258399513504457681e-02 2.697081412614121126e-02 4.987462220448458938e-02
3.423259240472462106e-01 -3.189195372624155644e-01 5.943738662698069275e-01 1.864354883237676619e-01 -3.494031673594090448e-02 -2.090430795410591069e-01 5.403429806631501187e-01 5.067475670681184097e-01 -4.533276450391347523e-01 4.087614397935057653e-01
-4.239419269903000886e-01 -4.337579634397471101e-02 4.442438084200776571e-01 5.831192895485858285e-01 4.655736973553630254e-01 -4.650980666419424203e-01 2.075326185621761410e-01 -1.352388352169254515e-01 3.168984861122943752e-01 -1.289737079247425533e-01
4.183479598474467709e-01 1.991394248072066442e-01 -4.645268618238638791e-01 6.381813388937853659e-01 1.753160938212693643e-01 5.411832275980432011e-02 7.429880768936139024e-01 -1.631437841441336356e-01 4.116481527901310611e-01 2.864799679595045334e-01
3.108978864058881131e-01 -5.499997528806781499e-01 3.567195800339720280e-01 -2.368734261814067765e-01 2.909880098983828600e-01 -1.813307077784948318e-01 -4.555880446611603185e-01 -1.671103204648876073e-01 -2.007560729572164804e-01 -6.852642457699494871e-01
7.605488840464269887e-04 1.382122217597013016e-02 4.992723795180958879e-02 1.084073337575401641e-02 4.623945186587982009e-03 3.703690319094680994e-02 1.618014380091537972e-03 5.047303699267709221e-03 1.950930688981588126e-02 3.272000129320667278e-02
-4.257214624062811148e-01 1.049186538267068980e-01 -5.602684660702519359e-01 -4.819668053161940691e-01 -1.051150108699539822e-02 2.117250944772889609e-01 -4.078058080420625398e-02 3.675960922291675037e-01 1.000098787150855290e-01 2.428739969791990638e-01
8.297697620991535405e-01 -5.337687445671193132e-01 -7.693741823910982269e-01 4.700905733149566279e-01 5.958412535122205034e-01 3.149320243350727244e-01 1.115676403727534488e-01 6.657070234614411719e-01 8.042229294377760684e-01 -4.411921433492254074e-01
1.659987702698909181e-03 4.215550875959147431e-02 -5.906044044458340636e-01 -4.773090552038228296e-01 -5.786540055382375369e-01 2.857282790270613271e-01 -3.643237821130460574e-01 6.681039851556225262e-01 6.732030547645931340e-02 1.283128480117530328e-02
-5.022933928488557132e-02 2.586409469145692919e-01 -1.398211641614167111e-01 5.893243683841704189e-02 1.851190027078397360e-01 -9.342693403485818893e-02 -2.207353778055954618e-01 1.573415103976178175e-01 1.576486948185404913e-01 3.000969932828198572e-02
9.115323610195912290e-04 -5.560441758045987781e-02 -2.449016405603397506e-01 3.723015517868957791e-01 -4.167761037550996028e-01 -2.537706702371627862e-02 1.829986678652715248e-01 1.840983107684159015e-01 -3.155253292755995642e-01 1.801545728236768340e-01
2.818534113881402958e-01 -9.481625135307629459e-02 -2.454510954251574451e-01 4.087890022998609263e-01 2.702130345213685225e-01 1.665574539449118929e-01 2.162449074027216200e-01 -8.744617960731998485e-02 -1.284659849939631671e-01 -2.138054254886680161e-01
6.150325127147376891e-02 4.325514497981267636e-01 -2.222524701795331736e-01 1.783721045002487626e-01 2.640462205464030321e-01 1.363276919394351694e-01 1.052565816445448776e-01 -6.834571326214344822e-02 2.533253142290088911e-01 -7.171860429383702940e-02
5.222948804099565301e-01 1.114904902232603939e-01 8.166553768584976503e-01 -8.842865452842412211e-01 -3.956475935569948588e-01 8.722627128518056772e-02 7.580349122987306565e-01 -7.725667082016817178e-01 -2.096380969132130012e-01 -8.079045802990881819e-01
-6.275909850312092475e-01 1.828802210097432712e-01 1.167773496480943932e-02 -6.576875486936124837e-02 3.367758906431524424e-01 -1.373059772487479346e-01 -6.837945623395806916e-01 4.644121533149502823e-01 -6.525701598464622721e-01 -6.031413662915094953e-01
1.189932501513770065e-02 -5.322086440961164289e-02 -1.619180829197796115e-02 2.533140281652523917e-01 -4.963729645452886197e-01 4.323801555037076194e-01 -2.107139524497364524e-01 -2.450016061519482216e-02 2.247956073400970423e-01 -1.170584739117895290e-01
1.709916336304186935e-01 -6.255122183763549559e-01 -8.098279505125752786e-01 -8.166112990683363493e-02 -3.101332010804270234e-01 -7.991034039692020974e-01 -6.674220329399737084e-01 -7.254235088414133781e-01 8.640841934468534991e-01 -5.171867237580379806e-01
3.692828515355218721e-01 4.745805951714983650e-01 -4.065753472735904317e-02 -2.684766381361282650e-01 4.387259228824026414e-01 -2.814595505065761172e-01 5.145504866727258486e-01 3.526966752172364661e-01 1.551449307994073878e-01 1.385833616416550507e-01
-3.191067599164406077e-01 2.880229095408862738e-01 -3.524207651211704734e-02 3.083529558895720460e-02 -6.908553817921363471e-01 -2.415963762862577968e-01 3.283908833521482218e-01 -6.541962072453313404e-01 3.867442300649681641e-01 1.197436482048614206e-03
-1.738637133877230789e-01 4.794531508925353736e-01 6.162049382816642273e-01 -6.956826646190562846e-02 -2.253768328710743230e-01 -5.426081319051883067e-01 -2.597670693389876884e-01 -4.148636556621672633e-01 5.227358147310456893e-01 3.637442398151968237e-01
-3.793014152223964652e-01 -5.436118177294175791e-01 8.690638235992871330e-01 6.491280700141254245e-01 5.115079739174278606e-01 -1.406647134085765860e-01 -6.773115908514277805e-01 -8.296144834407838398e-02 -5.795721632957082647e-01 -6.625305641415154545e-01
-6.633075831676975287e-02 -1.100070056535364243e-01 -6.928673505941258526e-01 3.341028244956117943e-01 -3.807751834935224622e-01 -5.832716318493509355e-01 7.992802689512623626e-01 -1.505856941852267428e-01 -1.322763693391163231e-01 3.524809336399177262e-01
-1.487165424215962928e-01 6.078507045949415044e-01 -4.888841309797817836e-01 -6.697004717173318245e-01 2.551267986988302039e-01 1.316353957831925270e-01 -4.274408441851496737e-02 2.510284281678265561e-01 3.149916975935040941e-01 2.503583679266005446e-01
3.107501632304904282e-01 6.368776379408783717e-01 -2.223992301777355518e-01 3.550972968364770055e-01 -6.214238484929619499e-01 -5.813523777482036969e-01 1.090043007085086529e-01 1.950014273070471427e-01 -1.154427294924302572e-01 -4.421766980616714804e-01
-3.380001377282467606e-02 3.148524483530434903e-01 3.522285565015541020e-01 3.138602437641017651e-01 5.180515525783729869e-01 -2.799585076285053820e-01 -3.708032651331311103e-01 -5.395291205986359889e-02 -5.648716381377090201e-01 -6.154497540466655897e-02
-3.528706073151694489e-01 5.913403560029076855e-01 2.738495194648214448e-01 4.304797808348426735e-01 4.046263348400687132e-01 -4.503261100407897621e-01 3.578842090694933087e-01 -2.661704495934438253e-01 7.195137033723555398e-01 -4.224180492739045278e-01
8.398278666509878532e-02 2.267612722696543334e-02 3.285015461582874163e-02 5.094773698908479191e-03 -3.347457070218118943e-03 -3.300149616427889253e-03 4.340420694321729667e-03 1.284227347576718803e-01 -8.201328369316316161e-03 3.495798249067128948e-03
1.818609200267692905e-01 -2.248965418189037557e-02 1.445527722373246560e-02 -2.174862597830902744e-01 -3.190311855596347224e-01 -3.684248279472324833e-03 -7.574972584742223347e-02 1.400267484369806248e-01 -1.280622900666431585e-01 -3.431944187563601978e-01
3.835103115457327849e-01 -5.498739286803160375e-01 -2.870356151398996136e-01 -7.038946002396077040e-01 -6.879804694066982140e-02 -6.981959551606190528e-01 -2.020098777408791679e-01 -6.332033140001466220e-01 -2.140441434302088608e-02 3.065741550091902745e-01
2.120364449742207641e-02 -1.072683420827788836e-01 6.355453792467181777e-03 -1.855686890802823313e-02 1.633009549688326512e-01 2.287861527708525897e-02 7.433143926816911107e-02 9.166328159124659258e-02 -2.956566584087245292e-02 9.253405834173041022e-02
1.190820956456890845e-01 2.536592815441712223e-01 -4.179615520898991715e-02 9.598449721793374245e-02 -4.888759092864677219e-02 1.893576625819973214e-01 -3.141053110788735725e-01 1.963630941783652828e-01 7.759848002398674971e-04 7.326023761937941470e-02
-3.880048783365658838e-01 -4.262275331725011440e-02 5.803155884499298089e-01 -5.014415375782869250e-02 -2.548959472714191765e-01 7.137689276602771082e-01 -3.178486348322137056e-01 -5.230981942297022735e-01 -4.074432338141096288e-01 5.395927288709444491e-01
5.804394443055095332e-01 -7.651665255075924821e-02 -2.596871838873802685e-01 6.619462756659839631e-01 -2.619626424074688598e-01 2.604013282173015670e-02 -7.756771664946643385e-01 1.503018724183728394e-01 -5.355209923064228050e-01 7.419348276038306711e-01
2.575300807656611402e-01 1.785549965542927997e-01 5.757110496363278783e-03 1.198016442794229558e-01 -7.798162261790746175e-02 4.436200262752426626e-02 4.559467973660193130e-02 5.919761570745207119e-02 1.242420741256998196e-01 1.463702696287741412e-01
-5.195004269686812615e-01 -8.469695122582950875e-01 1.537239214066324078e-01 6.034141156910303172e-01 -2.748987023210009428e-01 5.898454682928502280e-01 -8.404937070496268925e-01 -6.932635163943930146e-02 -6.877328691698861851e-01 6.392378771737812215e-01
-1.712732156510990075e-02 3.120139417397148340e-02 6.450435409353094673e-02 -2.716456280807739640e-02 -4.194745278398677446e-02 -2.554377201692032903e-02 -9.954077781638180633e-02 5.659586805759114075e-02 -8.505801183775371643e-02 -6.843261904549226282e-02
2.017551036066920767e-01 -2.372684968013913931e-01 -4.396106599234519408e-01 -2.985939736838274516e-01 4.330785218807309267e-01 3.668114739472865260e-01 -2.064460029911084626e-01 -5.421286558074998041e-01 -5.206752318161956827e-01 4.963761419494189253e-01
2.846420431647377347e-01 -5.204288239591554621e-01 -2.155433092753552410e-02 -3.467922858883995541e-01 9.676914986908025096e-02 -3.000248087731757773e-01 -4.190738574856539000e-01 -6.662884792061561645e-02 1.073231428275224671e-02 1.823064385331470139e-01
-1.187152146239704442e-01 -3.009588903823423589e-01 -8.205090832689895808e-02 7.884731329113831011e-02 1.579663005769336437e-01 2.272409053240911081e-01 2.515754304718010315e-01 2.116581119632637287e-01 1.340797979757231417e-01 5.577124844667283310e-02
-8.566432226233507974e-01 4.479299669433030595e-01 8.863712382131368195e-02 7.384252608827086561e-01 -2.690474339631579448e-01 -3.180299219509835629e-01 -1.516050380121616026e-01 7.625711436579402092e-01 -5.123539494631587643e-02 1.403434122524110095e-01
-2.459853629842059797e-01 8.416265255427678171e-02 5.662219745491494649e-01 -4.035823326315168824e-01 1.997641895612187191e-01 8.076356678225841135e-01 1.953875616505747204e-01 -7.698457524696993015e-03 3.371765897878198359e-01 -4.152768811496863055e-01
8.116071908481353389e-03 1.454127822055582275e-01 -5.958673834510283540e-02 -1.599540810288515580e-01 1.829550672962949320e-01 -2.206015384849939198e-01 3.841242986066378210e-03 1.811202527843692317e-02 -1.286061166321771955e-02 -1.440199552310272579e-01
7.787588592432831414e-02 -2.239256412137284949e-02 1.593755174044107492e-01 -1.340605758140342788e-02 -4.024776774613537944e-02 -5.028157780092343959e-02 -2.708557662723957982e-02 2.980050667080762564e-02 -1.485314945923430774e-01 4.830925190423976390e-02
-2.861149918233167333e-01 7.677008539195192549e-01 9.168891520663827732e-01 -6.228472200195158681e-01 -1.041288749614655423e-01 -2.623045348303844060e-01 -3.141076372790694848e-01 -2.220835508408443570e-01 6.828820724915636298e-01 -4.092870634147028897e-01
-3.401168859164415137e-01 -4.368508664810182851e-01 -4.451965316316115473e-01 2.756912140755987672e-01 -2.321452114425791857e-01 7.255998760002120296e-01 -2.109749505446052442e-01 -5.145534412322221307e-01 7.565204285054268063e-02 4.406292100401907330e-01
-5.076103708682753179e-01 4.419891277868036594e-01 5.394666355937504099e-01 -3.209669186901354387e-01 -1.563921546494488612e-01 3.176919826949391457e-01 -3.198882167256228426e-01 2.313358238193939098e-01 -5.809606597541562278e-01 -7.124415338944052323e-01
-2.358785242484792710e-01 -4.539625418370333287e-01 -6.266559455581848237e-01 -3.953322176322527359e-01 3.805674177233207001e-01 -5.386986426716425802e-01 4.833574956627613439e-02 -3.187126278050298467e-01 -3.674066263966393464e-01 1.490365949753277575e-01
5.304606638203745311e-02 -4.874049540139449577e-02 -2.507037360570755213e-01 1.790668669584928319e-01 2.482134886309692728e-02 -9.534266304841597373e-02 6.927794835366585247e-02 -1.806767715567712471e-02 1.052426990749845553e-01 -2.409023649575730286e-01
-2.602224183351409259e-01 1.646632512070112797e-01 2.008530425365173677e-01 -1.504237072419906951e-01 -5.824146656192120686e-01 5.627655980445784856e-01 -1.284091821167051006e-01 4.403282881526263681e-01 -1.797168969158195739e-01 -5.509051228281466317e-01
8.809770586466943165e-02 4.299654513487471269e-02 7.034480154908086431e-03 1.068789451212595748e-01 1.212247138070278313e-01 3.733746742458710771e-02 3.704804197324428061e-02 -9.685410771289966123e-03 -2.703983729413866541e-02 1.849801051860966439e-02
-5.664169301947803437e-01 -2.823483861665543881e-01 -4.575227579796572464e-01 6.329023746802503458e-01 -4.813243030874162498e-01 6.958878058491614338e-01 -3.439520451190091199e-01 -4.622807602825957374e-01 4.829179160984023444e-01 5.611992346560752409e-01
-5.397575889226186030e-01 -7.966282804741695034e-02 3.621855710122591221e-01 -3.933255462731613528e-03 8.202062956551159356e-01 -2.675227935310897087e-01 -2.275622755745051462e-01 5.784400606617072782e-01 -2.557546494398642012e-01 4.230324207712980455e-01
-1.043065083388783620e-01 -5.677083135542378839e-02 6.222839978786597059e-02 3.641288323576771790e-02 -2.508297424028587200e-02 -5.041973331992113429e-03 5.677105019937869756e-02 -4.537408663361022949e-03 1.554900210347703177e-02 9.244049426715643392e-02
-1.102294467010902224e-01 2.422086393912213087e-01 -1.302894165770306263e-02 8.899480028523688857e-02 1.944430420069067911e-01 4.152615883732765217e-02 -1.821000042174867883e-01 -1.472485070389257245e-01 -5.864249436505455243e-02 -9.371012524415921197e-02
1.463108592424191938e-02 -8.104879848526978792e-02 1.185071301040073639e-02 -1.833061102831056721e-01 1.125960093840831927e-01 9.604241723295010857e-02 -8.704040904943811940e-02 -2.787784924159280586e-01 -2.870427210640023041e-01 -5.761768296628151376e-01
5.244478311601501463e-01 -1.222622279088548536e-01 -5.317193134872451044e-01 -5.675313025362561659e-01 1.283669312416435559e-01 8.768097709052287414e-02 -5.212253438430224373e-01 -6.681156546650784955e-02 -6.297572832189799463e-01 5.165819998024164805e-01
4.635227339621495468e-01 -6.374457865696813164e-01 3.791283696249951873e-01 5.758285596053883681e-01 6.318144771771159185e-01 -3.031670528627821715e-01 4.020055436051301889e-01 1.683675804028733625e-01 -1.222030600179458033e-02 4.824552497736265266e-01
4.274542522916204290e-01 -4.513110406856190582e-01 -3.985303485176098781e-01 1.715824889289032096e-01 -1.398064835997187561e-01 -4.175606729880158019e-01 5.121740327918989921e-01 4.291017363643120364e-01 -1.289243407414347176e-01 1.139013871170564962e-01
2.109804990688015358e-01 7.914187233086737994e-01 5.093684743188866548e-01 6.018357919531915901e-01 7.221005801817799163e-01 -8.034056745645751230e-01 1.675540385538706600e-01 7.943616862402682610e-01 3.091456233192195202e-01 -8.708788346433905536e-01
2.993977764924705132e-01 -1.234448422786599969e-01 5.625980346957772799e-02 1.384834148189288405e-01 -2.023378431609788031e-01 3.962469426179091037e-01 -4.025907104610568915e-02 2.303296647618918169e-01 1.446276377137310221e-01 3.404915388694478295e-01
4.362532177999501881e-01 -5.493461248737959712e-01 5.597400831076073668e-01 -3.538251463866083912e-01 -1.781552041959685306e-01 -1.577986396134038738e-01 5.534508314286022967e-01 -4.496939329326735679e-01 3.279352837067418536e-01 -2.351440393616185398e-01
6.766392188073078184e-01 -2.550031934218706109e-01 -7.074575083199896586e-01 8.932590524833944334e-01 8.626133660039855822e-02 9.341043914800865045e-01 6.929452306368139025e-01 -2.708435220666609022e-01 -9.290623431373512542e-02 7.890352318544320287e-01
-2.177989863711176088e-01 5.429587458105488047e-03 5.628708119791282771e-02 -5.293037732132002127e-01 -4.320759695638691777e-01 -2.340686144230037791e-01 2.245650271932485842e-01 -4.102153793810012772e-01 -2.999933424298453222e-01 1.461064893313978041e-01
4.820777366496862421e-03 3.647859938732093965e-02 4.711276168058434709e-03 6.735226261008984971e-02 -3.760725773449006474e-04 5.670741741844684963e-02 9.645400475744466112e-04 3.608584624679384706e-02 1.084872399014843482e-02 1.788846942475616833e-02
-1.243403542674263451e-01 -6.042240963889169425e-01 2.785988068843948118e-01 3.214394133086372063e-02 4.877163592623968702e-01 -4.553571903933597009e-01 2.438861938807255492e-01 -3.970857739904302686e-01 7.158744203055282807e-01 4.415799297330562090e-01
-4.827964000479776918e-01 6.683166747177411438e-01 -1.043265614688344833e-01 -1.644117007625114091e-01 4.582876017016851988e-01 5.147113645141776495e-01 2.667361281988792632e-01 4.611456099470064851e-01 -4.655666246332187397e-01 -3.976708209072140066e-01
-6.871872895470945708e-02 -4.277714961923709813e-01 5.951120147775336433e-02 -5.499572342530407998e-02 1.673772854983298919e-01 1.713084635871768568e-01 1.169260797498573312e-01 4.185296054411354327e-01 -2.864796288389578893e-01 3.356901800549544901e-01
-6.777628588345964156e-01 3.950741990061923947e-01 4.484479747920237513e-01 7.206916907283220652e-01 1.308161432427620008e-01 5.895920207887392905e-01 -1.914488195482562383e-01 -8.681097319448971561e-02 7.059136588922068078e-01 9.203325942536966231e-02
-1.492345486617286388e-01 6.247141750368092605e-01 -5.618149394451612544e-01 1.918522441323409766e-01 3.068419067602725092e-01 4.215175525253646582e-01 4.005045534929546625e-01 1.156952773413278124e-01 -4.276826518065371396e-02 -1.580778697737707239e-01
9.951074522295568631e-03 -8.776313459235886294e-03 1.429402064488861056e-02 4.655833577357586239e-02 6.235337611027137739e-02 3.258819987987909839e-02 -7.662432597395852025e-04 6.677469482600520423e-02 2.437178351730021064e-02 3.936930988856842534e-02
-4.907465413140937871e-01 5.982912736927127328e-01 -4.899495767594090334e-01 -5.527873935119998784e-03 5.721200792407444835e-01 -7.475911804879934452e-01 -7.993016747841565905e-01 2.623865477166832938e-01 -3.388788631341818625e-01 -7.029647332384048042e-01
-2.176295427919366643e-01 -1.765606003822254855e-01 8.345677036393282788e-02 1.394505720728971554e-01 1.465968820284056229e-01 -4.231694126924934185e-01 1.135348984431397423e-01 5.770593290960289723e-01 2.117258817256314207e-01 -8.346318671642370679e-02
-5.441421410144785531e-01 1.975906115175742050e-01 -8.117033229166171759e-01 -3.335938033166943595e-01 -6.752669838064641050e-01 7.842727932733815910e-02 -8.327199045623422391e-01 -5.073656355603201051e-01 7.993565033074268023e-01 6.882110600809239198e-01
4.625710818372616440e-02 3.742724382352218687e-02 7.818086541838221992e-02 -8.142516442085859230e-02 2.300097710915768520e-02 -1.341615799993538596e-02 2.843905710883795276e-03 5.927638589217317996e-03 -1.733770821022420118e-03 3.780085500642208548e-03
7.662344905014063789e-02 -2.086891615641974229e-01 2.926680214006532887e-01 4.342253637089758533e-01 -4.847173721133199997e-01 1.819560522330355701e-01 2.302433364375071623e-01 3.650959232145011002e-02 -4.981325531298523845e-01 -5.603479622756636358e-01
2.684784398316064635e-01 -1.344095180855386651e-01 2.669301074118220485e-01 -3.885113645437966723e-02 -2.264065792288064427e-01 -2.660942588963833288e-01 2.288248110291559168e-01 -3.038196615353071506e-01 -1.442981004760282293e-01 3.349560540678693243e-01
6.966266101668259214e-01 -4.807121818512863909e-01 4.769322527461085648e-01 8.245733719042709353e-01 6.135224565117699536e-01 -3.283610397975869621e-02 5.271003479435510952e-01 6.937128459810599779e-01 5.925001608162905331e-01 1.054350397258405764e-01
9.349704700355081222e-02 1.161396290611952653e-01 4.672304754415212980e-01 -1.443350743726034280e-01 1.885480771888255747e-01 -1.977930614713971080e-01 8.910811522744947755e-02 2.666329337745907968e-01 -3.732406353026951895e-01 -3.570165497044674452e-01
-3.576365899454710395e-01 1.338057491846761649e-01 3.854813477692797252e-01 -5.820115173302177203e-01 5.708046799446404584e-01 -1.236949885842237307e-01 7.216098867670542871e-01 -5.611874056095050856e-01 7.493636246975635129e-02 -4.129722220688233220e-02
1.614241021282394328e-01 -2.249486652689106636e-01 -4.274203542063403916e-01 1.412714374585504092e-02 5.051325461636868575e-02 -1.914248215708671316e-03 3.916334392240302109e-01 4.039472328682656155e-01 -3.073269963467340285e-02 -5.209026843636644921e-01
3.058354906887727487e-01 -6.164976680535254605e-01 -4.757419823473267306e-01 3.019341698675571256e-02 1.555869276971759418e-01 2.928151318342813725e-01 -2.639678054652356831e-01 2.011699618744401397e-01 -2.694484176070833792e-01 -4.039515109203749565e-01
-3.735775889805802163e-02 3.729490382430790674e-01 3.211813106677049445e-01 1.845784757675907606e-01 -5.856932201360105783e-02 2.224303236670626127e-01 -3.255806522225582200e-01 1.858637757294541726e-01 -3.947671459309856894e-04 -4.207995282015198901e-01
2.510172762738905883e-01 -1.880924454150270375e-01 -1.576224049506152469e-01 4.526571439535117536e-01 3.881695606738120308e-01 4.650987624124846009e-01 6.945500535290632937e-01 -9.273599501459527106e-02 -2.947768313435613075e-01 3.395194356931638957e-01
-5.135058490888830818e-01 -2.189970092118788958e-01 -5.329088599409029237e-02 -1.184320953472365982e-02 2.636170320235576292e-01 -2.517840197783283163e-01 6.523655104432234293e-03 -1.842293078859841282e-01 -2.875502911545815832e-01 2.404233237394693135e-01
-1.824112716925002375e-01 -8.542658796293584045e-02 -2.777700555064910870e-01 2.860991764991771547e-01 1.907443932751436977e-01 3.391833281886366680e-01 -1.366674644171698150e-01 5.177152796851196281e-02 -2.525882994105869365e-03 -3.907127874829018077e-02
2.170022171670091260e-01 2.401588491541776227e-01 1.754727390537793030e-01 -2.169161384417604976e-01 -3.672461347130125953e-01 -2.441968123497655352e-01 2.281148814324599761e-01 -3.211771880599056939e-01 3.564450393284458452e-01 6.586230332598486115e-02
-4.742220899970599760e-05 5.338746458853537158e-01 -4.411291551493808916e-01 4.751114664421804412e-01 6.464727356858059881e-01 1.770080533225384667e-01 3.232312311047145781e-01 2.758102037142495244e-01 -4.689721410915848598e-01 -6.462543894713494996e-01
2.870469112566262360e-01 -3.782266780744112933e-01 -4.067390040361066328e-01 -2.366495045576947065e-01 4.797347091564749810e-01 -5.802628237225133934e-02 2.112949797982973527e-02 5.267944154557197001e-01 2.663024079880352279e-01 -2.495303657117559359e-01
-7.163630560987586937e-02 2.983844141063427546e-01 -2.516655146710029545e-01 1.813512022176532179e-01 -5.127228467969600079e-01 -1.677801358345547278e-01 3.094627422885833368e-01 -2.772053194148810240e-01 6.699473443128234340e-01 4.528955984421210168e-01
-2.467724349792688870e-02 9.855933886378290265e-02 2.312589771944272010e-01 2.114864879495119976e-01 7.651968097520678302e-02 3.766357417434819110e-01 1.740947510769430828e-01 -1.013631524974654141e-01 9.137093096052845143e-02 2.671599871955142036e-01
