6.281029305307147537e-01 -7.903073573247831884e-01 -1.143248799181916242e-01 -6.186312092119718997e-01 3.208501229821036915e-01 -4.559418985763818988e-01 3.530412051276053953e-01 5.918090881686424165e-01 8.055271569575442880e-01 7.069171654420651763e-01
1.488695386851842661e-01 1.206477099771009753e-01 -3.853264067612858779e-01 4.050515792792618308e-01 3.947326294592365392e-01 -1.067539014427257987e-01 -2.524391549871896068e-01 -4.292958826631135816e-01 5.158248543759234028e-01 -2.689477549119206889e-01
2.778218194216832693e-01 4.412666495938323830e-01 -2.005876557664816595e-02 6.552714500951853926e-01 -5.665942772295228247e-01 -2.937993532679381570e-01 5.537832977423514658e-01 2.539405221031231785e-01 6.822006604632244731e-01 -2.664915093045219785e-01
1.843232241938453642e-01 -1.383211158177736211e-01 -1.650480662610163268e-02 -2.621512213638383521e-02 -1.135317521771643107e-01 -7.113980935196993760e-02 1.333422892130108617e-01 -1.084242975684749921e-01 9.579472309334202684e-02 -5.878709705931491059e-02
-7.021555334897795764e-03 -1.817813952503439124e-03 9.042926370700356264e-02 -6.430236282493739103e-03 7.320745168258883939e-02 2.679169167320269093e-02 8.833704350053621021e-03 5.265286778564526315e-02 1.469953737172035278e-02 4.362712098852540576e-02
-4.455946943775648816e-01 -7.466947777254854257e-01 -4.072376689393020222e-02 -7.939456795611627982e-01 7.014837649858639557e-01 -6.939270295032946567e-01 5.530540654795935707e-01 7.123925632081766768e-01 6.743044325103741965e-01 2.296958251927757599e-01
-4.792775345307414593e-03 1.625657915949703936e-01 1.059400844454266022e-01 1.676629797437812625e-02 -1.399068802837073223e-02 6.340675745676597336e-03 3.409624675168904107e-02 1.687570582723526419e-02 8.181653269756498925e-02 7.327795866929883578e-03
-5.348067043126804032e-01 6.800696918839809202e-01 8.294407648125608212e-02 6.851891529273471670e-01 2.255237714612236266e-01 -3.245038083253856120e-01 -3.837651429880405973e-01 3.200891061874712173e-01 -6.045725177412563101e-01 5.596092923740690894e-01
-6.945890719172626016e-02 5.905651677861667448e-01 5.495719763045587847e-01 -5.615845033332290681e-01 -2.802097993860520053e-01 3.669150114902433590e-01 -4.124664695055487162e-01 7.199986247698643149e-01 5.175373197725594565e-01 -1.893749915156459906e-01
6.821171263892603087e-03 -1.451920344742756250e-03 -1.044877343492816094e-02 3.251794752779291892e-02 1.168446039232768352e-01 7.121773299906743182e-02 1.741078036941011431e-02 4.161356709613055899e-02 4.186838841511307530e-02 7.709782697017306813e-03
-1.128012339255313770e-04 1.236179194606654014e-01 4.311084792957317613e-02 -3.138074698621877434e-02 1.841214337689957292e-01 3.136300989064372269e-02 -2.203640605866065763e-02 1.192871918406396455e-02 2.529718232393876956e-02 3.872386618423050153e-02
3.422647236881905530e-01 -3.188769969584886455e-01 5.955206613059349507e-01 1.864058231134350929e-01 -3.493784481872205805e-02 -2.090144131342376033e-01 5.402649490347767314e-01 5.067657007666702684e-01 -4.532631226229320576e-01 4.087002367812665460e-01
-4.213309944566115961e-01 -4.422366233437210331e-02 4.404580536540140256e-01 5.789319314262113547e-01 4.677571334100348865e-01 -4.542787098553991432e-01 2.075113566719717084e-01 -1.357926698998887516e-01 3.156890685976829758e-01 -1.272742834283042690e-01
4.146640753389845280e-01 2.025889650479370807e-01 -4.651186999688406987e-01 6.348547169822976732e-01 1.741800536273409306e-01 5.277953348383815357e-02 7.445463073246151309e-01 -1.599102247603969296e-01 4.120450821819185427e-01 2.897132998840249440e-01
3.110263115464988459e-01 -5.499072908196915854e-01 3.646117750126265378e-01 -2.359917013134636699e-01 2.925844405038774410e-01 -1.800608457644544136e-01 -4.541947467445419662e-01 -1.671853873856375683e-01 -2.016966011142228565e-01 -6.815345271935644433e-01
-3.268496864966555920e-03 1.344532032303806003e-02 6.063244847991762498e-02 1.930652371737803102e-02 1.983989589239506732e-02 5.030332369061960018e-02 6.083653046463782105e-03 8.001989749807513971e-03 1.808168002749912032e-02 4.232851990892114863e-02
-3.736268506764587327e-01 9.326505608006625814e-02 -5.158479184087810809e-01 -4.392729817349034782e-01 -1.497335163448458746e-02 1.831231501030096964e-01 -4.646866600524855034e-02 3.496703883640864263e-01 8.904614490433425400e-02 2.420322932102435265e-01
8.297674728553967594e-01 -5.337672719577016833e-01 -7.693720597721209753e-01 4.700892763866288959e-01 5.960074347867986289e-01 3.149311554721623274e-01 1.115673325698715163e-01 6.657051868487843249e-01 8.042207106749282852e-01 -4.411909261484961431e-01
1.312238338569972698e-03 4.143399648512612748e-02 -5.874826349544105542e-01 -4.763384595052913006e-01 -5.774713309194061672e-01 2.848113011390988603e-01 -3.635235644208163475e-01 6.727050193479571227e-01 6.687966837110170815e-02 1.283381977131918712e-02
-2.822801393561904376e-02 2.145743643785831822e-01 -1.245216238183634166e-01 6.021589837329802825e-02 1.878657570348780392e-01 -8.241633015197603884e-02 -1.730883910111065960e-01 1.108904748231585441e-01 1.256205732587029333e-01 6.304920856996085177e-02
-7.858723573679145605e-03 -5.484593173986104103e-02 -2.284436614887851991e-01 3.518021699348722886e-01 -3.938698975064791052e-01 -2.665128602328451987e-02 1.663878928667890111e-01 2.142538230095040741e-01 -2.928998050959768507e-01 1.602193203798701893e-01
2.698490616422357102e-01 -9.001194382716388998e-02 -1.954719061434726790e-01 3.944758495774760010e-01 2.572696124165242959e-01 1.603935295134033823e-01 2.010733192387959556e-01 -9.060633609790705312e-02 -1.223340118883936012e-01 -2.123322887510043222e-01
5.438860767288833387e-02 3.972200700094351555e-01 -1.738333157651666960e-01 1.633697990825979107e-01 2.422090313269029127e-01 1.238484263832342475e-01 9.717058054296535963e-02 -3.065494833202386110e-02 2.332001443405272156e-01 -6.704493254101007160e-02
5.222516622572914713e-01 1.115929241235047303e-01 8.166425379345194635e-01 -8.842734389561175412e-01 -3.957027469514924900e-01 8.720098635316485269e-02 7.579917029897730307e-01 -7.725808481330223021e-01 -2.090488614086537800e-01 -8.073522517918608754e-01
-6.267137472633348416e-01 1.823355622442717483e-01 1.323469025632262319e-02 -6.644791738851935081e-02 3.358452074468070703e-01 -1.311422253616952860e-01 -6.815404997343303961e-01 4.604743977294468160e-01 -6.511509401786025331e-01 -5.960919269060714898e-01
1.068849002672954407e-02 -1.623847940861526326e-02 -1.673639798600921186e-02 2.399009411074845832e-01 -4.786106951608686821e-01 4.069600918070963025e-01 -2.011448095387683432e-01 -2.466075224151088527e-02 2.128682738424589049e-01 -1.152932251132652020e-01
1.707634473539483555e-01 -6.254340309711690082e-01 -8.069789895990211459e-01 -8.184862071942319850e-02 -3.100891678859885592e-01 -7.991998387898434641e-01 -6.671344954126748883e-01 -7.252751733047164695e-01 8.635370364954882971e-01 -5.174153758013411153e-01
3.677441955948124730e-01 4.725368434053902056e-01 -4.058095082277026616e-02 -2.680013058030895623e-01 4.402848383683122813e-01 -2.729783088868460439e-01 5.120694377856906954e-01 3.508218556763043616e-01 1.541428886848157098e-01 1.383264771038954788e-01
-3.188169322096298663e-01 2.927694613806625656e-01 -3.617574250265882807e-02 3.167957571811445133e-02 -6.890729906660526538e-01 -2.332857083889621208e-01 3.331344568082808544e-01 -6.512570777615364070e-01 3.843461995750507287e-01 -8.338706247888036578e-05
-1.695147742556936121e-01 4.720254393482563593e-01 6.103883169995539815e-01 -7.469387764350146619e-02 -2.007300081426785787e-01 -5.376641508869635100e-01 -2.575146028994359515e-01 -4.006924602201240027e-01 5.152378490725815219e-01 3.529301824108138086e-01
-3.802279438315441795e-01 -5.359680661152792513e-01 8.693325163205891659e-01 6.504668521953800298e-01 5.089678239277614091e-01 -1.410621622755711124e-01 -6.745312575842894454e-01 -8.367982733640791371e-02 -5.759960551756889702e-01 -6.630514247560679308e-01
-6.689274767395798904e-02 -1.096936072201268597e-01 -6.901482733735565533e-01 3.332351012341766561e-01 -3.807809513810975210e-01 -5.748347984931755361e-01 7.953451241213649325e-01 -1.531266387500930248e-01 -1.317432486494658217e-01 3.564479903579856335e-01
-1.494235640460919723e-01 6.054891928781759303e-01 -4.882973099137162820e-01 -6.682108988976198649e-01 2.552218840995560956e-01 1.322541827301132178e-01 -4.437615185370610144e-02 2.609295113242132147e-01 3.158249100712952617e-01 2.461220779971700912e-01
3.088157636460076017e-01 6.331890221559596243e-01 -2.220425736814198858e-01 3.519141156920509994e-01 -6.071507928713522073e-01 -5.775057074735017171e-01 1.102555986538091837e-01 1.915921535223834293e-01 -1.171915490758189404e-01 -4.397621055501258480e-01
-3.442520532785444537e-02 3.202999700285630857e-01 3.503820746361921978e-01 3.130299556502869618e-01 5.172301638329808160e-01 -2.777750172838904796e-01 -3.696012259004162193e-01 -5.278610480611226063e-02 -5.640638598009823923e-01 -6.219266972972112284e-02
-3.545925202276831167e-01 5.871134245282516595e-01 2.765307648987018752e-01 4.279014827950239908e-01 3.975306881924978719e-01 -4.544927970269416750e-01 3.547916028852411419e-01 -2.550237750849512208e-01 7.146087792883153433e-01 -4.213237102209168028e-01
9.713935695341144316e-02 5.436930262833949978e-02 2.593409415042815039e-02 1.088442414806495284e-02 -8.074881054670432143e-03 -1.890791408542618832e-02 -2.213652866005477379e-03 2.332401693981011048e-01 -1.338789247955886504e-02 -4.007126576194403565e-03
1.073425031130584850e-01 -3.276101344963109480e-02 -8.474990523213321580e-03 -1.370367439261755416e-01 -1.627842605275570398e-01 -1.159403032641966556e-02 -3.835397626095767704e-02 5.949305016593155887e-02 -9.998730713579197238e-02 -2.351844162044691156e-01
3.822633505109850338e-01 -5.487453640050331538e-01 -2.849045386264544288e-01 -7.028603532192124748e-01 -6.904296985803906606e-02 -6.908829777667391259e-01 -2.042300451823114982e-01 -6.345198657768781336e-01 -2.113634290033172131e-02 3.155493238370374320e-01
3.714572816155763818e-02 -6.263899576059100971e-02 -8.089910801705839372e-03 5.679514859667130974e-03 1.875254975196945229e-01 -1.341774564420385001e-02 6.599580331060644900e-02 4.494061066565264301e-02 -7.169006017008044615e-03 5.031820801772465129e-02
1.148346034547973737e-01 2.430893416138159291e-01 -2.835963404833274915e-02 1.323557981474776934e-01 -3.940669640230687332e-02 1.448756774284062354e-01 -2.529317465496091488e-01 1.686037391366153604e-01 -7.134564590084943939e-03 7.113132570544465627e-02
-3.780460518880789933e-01 -4.042756426742889070e-02 5.790485069087739634e-01 -5.135970610543417331e-02 -2.525270107330340186e-01 7.093268526989152667e-01 -3.176583863763863813e-01 -5.152278878207504631e-01 -4.078215723804221593e-01 5.451600358186552420e-01
5.803690877536585857e-01 -7.530844768417362112e-02 -2.596633354917822212e-01 6.618543071880554907e-01 -2.619428723502235101e-01 2.617166445689046370e-02 -7.756040595928463954e-01 1.503441346170240889e-01 -5.354933583878653813e-01 7.418630223371854848e-01
2.341064818312572626e-01 1.583228865128419593e-01 1.404656188761756186e-02 1.095103875248792796e-01 -6.637289330728872450e-02 1.071698157010983893e-01 4.947521376530895215e-02 4.560414427021210887e-02 1.064651394384489580e-01 1.279762560529532633e-01
-5.198722619880440377e-01 -8.461751829387573753e-01 1.560836867310583242e-01 6.036471558767073642e-01 -2.753975287793211657e-01 5.896251147491341493e-01 -8.403218492474894274e-01 -6.979274398607608620e-02 -6.876897242876240934e-01 6.391889110911284089e-01
7.826882314758169465e-03 -3.478314575676065231e-04 1.149106320156659776e-02 -1.692409024076221846e-02 8.032973369342626124e-02 8.091136676893655177e-02 -3.742049564055948113e-03 3.991171027832032120e-02 -3.626611864552759662e-02 -1.668393633897687425e-02
1.979352127470146439e-01 -2.349765784284397196e-01 -4.369392201429206368e-01 -2.995515261292499010e-01 4.348809557990374608e-01 3.662075459132038135e-01 -2.098054247095153257e-01 -5.260909040889097943e-01 -5.146561256820588737e-01 4.882916949226422387e-01
2.757044644108161968e-01 -5.035749795251368566e-01 -2.064616487445099235e-02 -3.351713766065791966e-01 9.808578093398157005e-02 -2.889842412185069098e-01 -3.798532567761463419e-01 -6.186598720267706686e-02 8.990268154297632874e-03 1.759632393640983283e-01
-1.040506726173679314e-01 -2.677679625514447492e-01 -7.395944297108836274e-02 6.347922859559763931e-02 1.943211716451406224e-01 2.006656779740142726e-01 2.187653571819831999e-01 1.807504119427367495e-01 1.124333832600633021e-01 9.685267864962525397e-02
-8.559814020156986114e-01 4.488712053261957324e-01 8.837076533772196540e-02 7.403573398692235852e-01 -2.688913699197148510e-01 -3.179596982417656759e-01 -1.515053294667026429e-01 7.619817498862027083e-01 -5.128061214176839189e-02 1.400923395151650597e-01
-2.410091984137519572e-01 8.390297795743199838e-02 5.650973150133492551e-01 -4.027684201473348824e-01 1.992165814068064811e-01 8.061630639464832937e-01 1.950643333265716928e-01 -7.680509707495553756e-03 3.365380585105630096e-01 -4.146346631113767556e-01
1.225153880420698851e-02 1.046186257612779363e-01 -1.812360649540233071e-02 -7.629223132895776582e-02 9.157718154831911983e-02 -1.419525793600672492e-01 1.127585435977743467e-01 7.150566735152043100e-03 -2.577956018596387188e-03 -8.732578224561032831e-02
5.507926120142217497e-02 2.685860228164654862e-02 2.088213251341744792e-01 -1.653718237314307296e-02 -1.984853215709231344e-02 -3.861726913467582872e-02 1.209378249593003572e-02 3.209772233017615939e-02 -9.701805520453042619e-02 1.672738125089437075e-02
-2.851394312457888880e-01 7.616375078832903212e-01 9.132455010409680218e-01 -6.192636117583333322e-01 -1.048295434381250196e-01 -2.432358247380495553e-01 -3.181233895250741295e-01 -2.269832746681603453e-01 6.784036200794240079e-01 -3.955338716207265626e-01
-3.370280653629554868e-01 -4.367259810415967669e-01 -4.450958117784964974e-01 2.738596717939864034e-01 -2.332312185441553498e-01 7.294136583486567904e-01 -2.078784293920487858e-01 -5.147361782335285740e-01 7.479333750027490624e-02 4.375437640848762744e-01
-5.075721752558081112e-01 4.419315699919840190e-01 5.393636426591866817e-01 -3.210483091425975211e-01 -1.553933001777625389e-01 3.177076197802246593e-01 -3.198857614287130002e-01 2.311251750310731601e-01 -5.810048453700604743e-01 -7.117310700117276401e-01
-2.340528880149830848e-01 -4.524998180506185630e-01 -6.236778838457958107e-01 -3.821359198415710257e-01 3.781662547780980099e-01 -5.358520890154563343e-01 4.711341266126783944e-02 -3.165661312136543448e-01 -3.662109853559223915e-01 1.457217147305697735e-01
1.096728983331986679e-01 -3.909921875679465975e-02 -2.260953673654947926e-01 1.551029760423284498e-01 3.455499234527181079e-02 -9.293484416291700190e-02 6.519365103831771535e-02 1.743948228153686941e-02 8.747207500221231002e-02 -2.032766134977066486e-01
-2.523731460805044846e-01 1.635480031769821763e-01 1.981515482256702709e-01 -1.455329221473327939e-01 -5.745345025577727194e-01 5.598157991358888586e-01 -1.201695319930023570e-01 4.357879454087671411e-01 -1.757908896727261583e-01 -5.462493483385922888e-01
6.832843011953178280e-02 2.843265325647314004e-02 1.504167425557173532e-02 5.264911278989044957e-02 1.104229744156189352e-01 -1.941706906730173918e-02 -1.388413861141640435e-03 3.188588123297751709e-02 5.250276848420081487e-03 1.528234653589941342e-03
-5.652304279384922081e-01 -2.821796975558247267e-01 -4.559424666584490082e-01 6.324446590819294833e-01 -4.842067153405875124e-01 6.899956742386824660e-01 -3.439353202609400362e-01 -4.539989255290134973e-01 4.819717829109513296e-01 5.616192190008012508e-01
-5.399113955105805385e-01 -7.971692774821328986e-02 3.621228316886828114e-01 -4.025682940111146094e-03 8.202561573791317118e-01 -2.675281765311454119e-01 -2.277250603224660885e-01 5.789975284789027343e-01 -2.556253811750043847e-01 4.227247053156690249e-01
-3.396141928198043169e-02 -2.262420230839668964e-02 3.032543465366330238e-02 5.939379048695422186e-02 1.841291726133672743e-02 7.977499353327568987e-02 1.960250178154517020e-02 -1.537013293543059572e-02 9.077192910668476812e-04 1.205020117257403350e-01
-8.515180420585391485e-02 2.289315784472762128e-01 -1.917182075661002377e-02 6.285314715799968088e-02 1.473355993527933061e-01 5.567377103851928188e-02 -1.163467890699804164e-01 -1.319531067144212311e-01 -3.867580038938564502e-02 -5.017866967280991408e-02
7.093834529067583397e-03 -6.827145381589377893e-02 1.666122005455630134e-02 -1.622133885339465398e-01 8.271717152520523253e-02 5.838504232501551261e-02 -8.169487611685066764e-02 -2.045392767801626488e-01 -2.657842378771690384e-01 -5.148849409945345235e-01
5.175210201054946113e-01 -9.967822576290195913e-02 -5.258685893447966331e-01 -5.591171189409496201e-01 1.222273173472575858e-01 8.614516239278505183e-02 -5.118706840898421540e-01 -6.820033853419028846e-02 -6.179928140541989245e-01 5.101785480318465904e-01
4.609881186033544798e-01 -6.361780973382064053e-01 3.782487182853468410e-01 5.747139758706976131e-01 6.291699844425343580e-01 -3.057036955306594583e-01 4.008828762841702975e-01 1.720194079905261186e-01 -1.276865330065118410e-02 4.826292471797816730e-01
4.185835504864486301e-01 -4.460305858429676196e-01 -3.752289212263433815e-01 1.651047276834636535e-01 -1.396965737874998059e-01 -4.133305945889768074e-01 5.019316221316395543e-01 4.217777729725596392e-01 -1.273355815613075592e-01 1.117056800195760646e-01
2.125820415414404752e-01 7.906207600467018981e-01 5.095673300195071587e-01 6.025118618485811872e-01 7.222737893186251812e-01 -8.031504300759133574e-01 1.674390876923820826e-01 7.928688551108132865e-01 3.089495359496274851e-01 -8.702827180595354983e-01
2.592471663189054865e-01 -1.123686142920498759e-01 5.030294421909753400e-02 1.305841753387506632e-01 -2.065348634119409110e-01 3.380633987327919532e-01 -2.960021460132894813e-02 2.494542559971077156e-01 1.347245467673127417e-01 3.487148441004432886e-01
4.325944875756863595e-01 -5.369902438926753563e-01 5.569573354498290607e-01 -3.545316633018529839e-01 -1.779039522802101092e-01 -1.617207086860918686e-01 5.573955939468795417e-01 -4.454222174290674019e-01 3.265445492499228219e-01 -2.317907381275007561e-01
6.766387347234890104e-01 -2.550036001543870556e-01 -7.074584532560286299e-01 8.932583712407800025e-01 8.626010642852723065e-02 9.341072077569158028e-01 6.929450204352914922e-01 -2.708447988666320971e-01 -9.290677505436950590e-02 7.890342439403916774e-01
-2.193143910489497583e-01 7.356837951830648772e-03 6.570263519487065662e-02 -5.203068543482476382e-01 -4.260184291014509905e-01 -2.381445017321878188e-01 2.153872450223249801e-01 -4.018188942215600301e-01 -2.949705252091734398e-01 1.427482172851667064e-01
-3.579373399938199480e-04 4.960727974898937465e-02 1.460415309883696111e-02 9.559864530028540364e-02 5.117879627411601497e-03 8.540810050403555009e-02 -6.813607726731770635e-04 5.982308845515772050e-02 1.007817309175251981e-02 1.385713767947803141e-02
-1.264861035657181831e-01 -6.034060042347797470e-01 2.758348439141095065e-01 3.308791133833666187e-02 4.916442536408661690e-01 -4.561430818399115905e-01 2.474506918229050223e-01 -3.984999556237095453e-01 7.145419592909993955e-01 4.416785611796769095e-01
-4.830329076810416788e-01 6.765877673167571826e-01 -1.035375394043598490e-01 -1.625461742928219211e-01 4.552224955215783408e-01 5.135381741679503342e-01 2.686815368514832159e-01 4.593294433593516080e-01 -4.623727764441455390e-01 -3.979516590673021215e-01
-6.341189295422500205e-02 -4.103197491289095611e-01 5.337860295213511103e-02 -5.866614406452259206e-02 1.492930897398835610e-01 1.830944402277398797e-01 1.124631071512996600e-01 4.063385417034989233e-01 -2.671412774518814315e-01 3.240345954435396858e-01
-6.774086798605100102e-01 3.952154602687478757e-01 4.481628712030876205e-01 7.199214380439752370e-01 1.306621114822169860e-01 5.890212759565870426e-01 -1.913523184005083699e-01 -8.453247227855667512e-02 7.054182270544337996e-01 9.197277200002330899e-02
-1.490401395932845208e-01 6.238571821512071125e-01 -5.614740179529854602e-01 1.914786309834419498e-01 3.062846386558712997e-01 4.266033429501278618e-01 3.999819883479540650e-01 1.154904012609827557e-01 -4.287952812915654666e-02 -1.581588184753801307e-01
1.020422060446134378e-02 -5.201311907081763129e-03 3.223272491102977672e-02 5.689986963625773275e-02 8.372876453887607984e-02 1.670524086090901736e-02 1.066565464942565399e-02 9.856017459031005123e-02 4.432908696142248001e-02 4.388220033203196757e-02
-4.907782511692302951e-01 5.995263850115040150e-01 -4.901267180390881384e-01 -5.623267452347831437e-03 5.723059727194144131e-01 -7.475815781376439206e-01 -7.993299768967143670e-01 2.622041718625154894e-01 -3.389569948534180699e-01 -7.029662841385595495e-01
-2.112136845111133865e-01 -1.531945627604938964e-01 8.018703074834891698e-02 1.384813433059295384e-01 1.402615624864943511e-01 -4.117649604757275816e-01 1.102501774271049811e-01 5.765599137421439924e-01 2.044485332387188381e-01 -8.213694148428789255e-02
-5.440297632680964890e-01 1.965553758631210235e-01 -8.091465453190209711e-01 -3.327584420120388575e-01 -6.751332007400389079e-01 7.884720103413604686e-02 -8.322850483093962026e-01 -5.071780955930860202e-01 8.005653238379502046e-01 6.868169083102835248e-01
4.445349688783321179e-02 2.378793586902542417e-02 7.791132908518441647e-02 -3.999618053396376133e-02 2.178638678930390482e-02 4.035060424711777588e-02 4.492259815334379708e-02 4.917737539413504638e-02 9.669746553964590026e-04 2.260635570970771432e-02
7.421307425923137635e-02 -2.022056314106250585e-01 2.923323217574965160e-01 4.332405207433270289e-01 -4.828887382781592574e-01 1.870601829533591332e-01 2.236252577063460589e-01 3.821668369152324274e-02 -4.935847468334391142e-01 -5.550041939139197522e-01
2.006033487446287344e-01 -1.066400692163527453e-01 2.013415654813903999e-01 -2.583650381837785878e-02 -1.878554196860045822e-01 -2.197669058701620659e-01 2.280039625156281002e-01 -2.277166755611766680e-01 -9.987591961368250115e-02 2.638962099785899795e-01
6.965857842627645180e-01 -4.799379163863474740e-01 4.768035479166620183e-01 8.245667976920466602e-01 6.134293748968258075e-01 -3.286319537247003875e-02 5.271074007492178026e-01 6.936987003437108390e-01 5.925122247619026838e-01 1.054212820682197127e-01
9.726989983566367015e-02 1.149431809089579565e-01 4.743988818065287272e-01 -1.431187469696398595e-01 1.858018507354961824e-01 -1.967452126750917907e-01 8.825801505036794115e-02 2.645070823376978741e-01 -3.720047676142275161e-01 -3.558906155582523545e-01
-3.568842480392907524e-01 1.337308565419891848e-01 3.852046434735116875e-01 -5.816046813778565916e-01 5.703595897145936622e-01 -1.207091037797765748e-01 7.210825686307423821e-01 -5.607878174549848493e-01 7.488305826328436887e-02 -4.131638069341914826e-02
1.535199589509313456e-01 -2.125758591277548404e-01 -4.060350080617085022e-01 1.251742720507349575e-02 5.070217241369049527e-02 3.669479171705930520e-02 3.714063580765744055e-01 3.740043220759035059e-01 -2.857424031619921687e-02 -4.763511780338862134e-01
3.043549681711132382e-01 -6.138498245277151932e-01 -4.676653170346552479e-01 3.029476932194376249e-02 1.540698925429129507e-01 2.915193404992763027e-01 -2.633545427974356423e-01 1.998414784845214953e-01 -2.632038226215605015e-01 -4.027055807943970556e-01
-3.646606613261051122e-02 3.803455886299898503e-01 3.161691914645913259e-01 1.804007462723046518e-01 -4.838760815036157598e-02 2.227617146516215341e-01 -3.215352812878552458e-01 1.828015985099704921e-01 -6.847624863187009138e-04 -4.134691973799060061e-01
2.500616596842317185e-01 -1.880006179759667884e-01 -1.562058778938871517e-01 4.514357568204970805e-01 3.864963113665050298e-01 4.697032092265379100e-01 6.904710890459296868e-01 -9.486861301448160089e-02 -2.884876721180144044e-01 3.427138338337698542e-01
-5.086990656379883902e-01 -2.086000198193429245e-01 -5.605981610659218489e-02 -7.208161779135736219e-03 2.659929689908921979e-01 -2.218090107213495088e-01 2.815955460877894202e-03 -1.822912993667712978e-01 -2.860119684610714086e-01 2.353684240192694954e-01
-1.182187654537420474e-01 -5.334255111463290233e-02 -1.857551580799577939e-01 1.649067164441881395e-01 1.480194695807012795e-01 1.958145114628919714e-01 -2.430936581565150412e-02 4.921718615056692309e-02 -1.050430744483516702e-03 -2.626229621787072588e-02
2.089746089381102900e-01 2.438679698571971644e-01 1.700730542999216166e-01 -2.128953105960593450e-01 -3.639014557642083481e-01 -2.433784782879679642e-01 2.404770707463568524e-01 -3.059162688571592792e-01 3.479801182864604714e-01 6.452417457592700412e-02
-1.975516519530825502e-05 5.353112619258478810e-01 -4.410904594222553876e-01 4.749476616247699234e-01 6.461656433690273760e-01 1.768732795116645384e-01 3.234138686818725517e-01 2.757324738657638830e-01 -4.688935976901301705e-01 -6.461544313852208843e-01
2.795279816716819132e-01 -3.681296252311005990e-01 -3.840793091024889971e-01 -2.306881426185059258e-01 4.670590277892324171e-01 -3.958724142319670902e-02 2.077423759448006682e-02 5.130423594246553698e-01 2.599152120668497545e-01 -2.421829793272336773e-01
-6.497699565706471780e-02 2.960302994969420398e-01 -2.507581183677943804e-01 1.818046869453336656e-01 -5.112452586898367235e-01 -1.680142024298572900e-01 3.094531373193427082e-01 -2.797517984214847320e-01 6.664871079685317223e-01 4.492418383910296020e-01
2.113414208625664578e-03 9.108191734552592567e-02 2.067683409164018937e-01 2.000103888654602147e-01 9.051255146171867383e-02 3.456906463423533582e-01 1.658821888832459068e-01 -1.096240230996129855e-01 8.398623091092720372e-02 2.456434230594430335e-01
