6.294351735119569913e-01 -7.954480011493375580e-01 -1.147699616008562851e-01 -6.199585218399681352e-01 3.222170243919238453e-01 -4.557460151280987581e-01 3.513295420628401722e-01 5.922378420678655608e-01 8.040586549773865999e-01 7.079328638171041854e-01
1.493757492081113913e-01 1.205650562086205413e-01 -3.879207114218470864e-01 4.041901009915355725e-01 3.955830615199670830e-01 -1.077772857702535558e-01 -2.521976172711887787e-01 -4.314346361016733189e-01 5.162891092765806711e-01 -2.684210163744248367e-01
2.787542468817216235e-01 4.416710903019179790e-01 -2.010741400581627161e-02 6.559355180821638820e-01 -5.671611851691714667e-01 -2.936607536919730865e-01 5.550129535907293299e-01 2.509600326471064791e-01 6.815969791435352310e-01 -2.658196420075472632e-01
1.573095476652293934e-01 -2.016867470399540674e-01 -5.379849837367197546e-02 -5.692884528393760829e-02 -1.618095639899505833e-01 -1.683205163376424729e-01 2.177759738186567096e-01 -1.851648108815310279e-01 1.548906871393701812e-01 -9.948986026085765433e-02
-9.249168795359517933e-04 -3.857778769345980227e-03 6.375491914814543359e-02 -5.869580510385398117e-03 9.124453895898540501e-02 1.205777861431232660e-02 2.156540117557391792e-02 6.695488685773398618e-02 2.029869093212639548e-03 2.658824805706597877e-02
-4.455872594125114272e-01 -7.470340682941032373e-01 -4.071287977978562539e-02 -7.938216824036543606e-01 7.016329188093302083e-01 -6.937897266029816601e-01 5.531048714370989661e-01 7.118125497507988841e-01 6.744026533084107600e-01 2.297467331392445966e-01
-6.388663332144350372e-03 1.573550782701737816e-01 5.990101892304709047e-02 9.670656581160497894e-03 -1.309153268717668482e-02 9.058446784924831241e-03 3.901266633844070048e-02 3.884968491123780027e-03 4.887628662277186675e-02 1.514853242138620168e-03
-5.348684535807690654e-01 6.802217820480086496e-01 8.148021250183676290e-02 6.853907505402655476e-01 2.257214445835491468e-01 -3.245180508066844993e-01 -3.838226169555752909e-01 3.202010469434921625e-01 -6.046677761387694305e-01 5.597496928742601296e-01
-6.961029665692133883e-02 5.906815610286747509e-01 5.500981905001246508e-01 -5.606751478618491324e-01 -2.791002628688240006e-01 3.700422853740103490e-01 -4.181959942217544635e-01 7.198943659367004200e-01 5.171081485185590187e-01 -1.898141145904189142e-01
9.180959423904082664e-03 -4.837528226623515754e-03 -6.841902188982982441e-03 2.006903604111114070e-02 8.421949600150006876e-02 3.417989491646904882e-02 7.817242653481992765e-03 4.134347583379720942e-02 2.881257015079138201e-02 1.783137005602445507e-02
-1.946925206908357506e-02 9.029709207739625154e-02 7.276835614865391488e-02 -8.366936294115112638e-02 2.292950199106416620e-01 6.050592290807672684e-03 -3.224797554378460579e-02 -6.799362532043079499e-03 2.466400826714523417e-02 5.066116385333818001e-02
3.422837562583878612e-01 -3.188932166920901423e-01 5.947755621383571389e-01 1.864155444111231796e-01 -3.493973288186753151e-02 -2.090253360426001239e-01 5.402931527003649315e-01 5.067905633748096550e-01 -4.532868338720284496e-01 4.087215902425828662e-01
-4.225855897486617274e-01 -4.384369268681496956e-02 4.422683893064258687e-01 5.810207907285414031e-01 4.665051317407648557e-01 -4.611490863914075589e-01 2.075808680450964838e-01 -1.354489154967951636e-01 3.161846069703732054e-01 -1.280536765267014654e-01
4.167076227137230249e-01 2.009059411628001390e-01 -4.639852963331272950e-01 6.357632220883793206e-01 1.742642320801048861e-01 5.327901394466996732e-02 7.430773492627716914e-01 -1.611895104814547175e-01 4.115391387713537852e-01 2.866891492614390136e-01
3.103911336473413329e-01 -5.499038216019253023e-01 3.586090082310083860e-01 -2.363669332213819141e-01 2.908119209783654457e-01 -1.808266371136533768e-01 -4.549146774629647672e-01 -1.669450854137729534e-01 -2.009643547853030288e-01 -6.836231090866349280e-01
-4.746251774315698307e-03 9.093154806659739867e-03 5.497813940795930748e-02 1.947326685329666546e-02 7.722764444402721237e-03 3.800601565859940828e-02 5.651435630640804127e-03 5.832428749604226742e-04 2.274967758615043315e-02 3.836354123478897399e-02
-4.173863512394403452e-01 1.024416213706005468e-01 -5.516324316543341766e-01 -4.745390478169445037e-01 -1.195568644972220054e-02 2.034902677640476887e-01 -4.098246371760463913e-02 3.638005113458506745e-01 9.823971174373569148e-02 2.445965228761249333e-01
8.297678025378690814e-01 -5.337674840336382731e-01 -7.693723654583417559e-01 4.700894631620808339e-01 5.959445938742736759e-01 3.149312806003280452e-01 1.115673768977045316e-01 6.657054513461755363e-01 8.042210302071838290e-01 -4.411911014420812349e-01
1.457733298283970993e-03 4.181999877223107481e-02 -5.894279862341972320e-01 -4.769190466721001109e-01 -5.781582919052408176e-01 2.853191550436748325e-01 -3.639888183503153796e-01 6.690285232472928945e-01 6.712704952526471480e-02 1.281766162343184537e-02
-4.758540979846895280e-02 2.482919378333888760e-01 -1.366659097441024484e-01 6.184967636542876984e-02 1.906606931537244698e-01 -8.953258212457715359e-02 -2.092006916949830930e-01 1.462052196531101189e-01 1.505222009198282085e-01 4.025678946535677510e-02
-9.336086128539691211e-06 -5.527440597261865096e-02 -2.420834219983912239e-01 3.682244271205340480e-01 -4.121060979904178079e-01 -2.485727127337538506e-02 1.807648328409487692e-01 1.872722715733599330e-01 -3.122415291957712502e-01 1.791304963618617352e-01
2.785218746319101379e-01 -9.370331994916089591e-02 -2.354475701077686500e-01 4.047582314984015661e-01 2.691634254153617012e-01 1.654317361588854007e-01 2.126172087408790823e-01 -8.793117971293279433e-02 -1.271854026409376115e-01 -2.131233590694738556e-01
5.993008552989412263e-02 4.247654848235962177e-01 -2.123012898523151948e-01 1.747189585895338182e-01 2.590926040731567070e-01 1.329611233174087803e-01 1.036081933919870551e-01 -6.148428803875210374e-02 2.487904990146296846e-01 -7.109016289030212210e-02
5.222926482332524989e-01 1.115453156422848147e-01 8.166498335487079041e-01 -8.842802852976603400e-01 -3.956367929379191462e-01 8.722484737331855087e-02 7.580217799276115498e-01 -7.725517027739297049e-01 -2.096097099936858332e-01 -8.077708898090348866e-01
-6.271470612604426176e-01 1.829386752887272871e-01 1.271701158248605967e-02 -6.604517056331080105e-02 3.364218136613980614e-01 -1.357272851590398954e-01 -6.829405666815084874e-01 4.627080383559419863e-01 -6.517232184797299155e-01 -6.001627710293763185e-01
1.154483289124465760e-02 -4.501951725469499621e-02 -1.605797974923070526e-02 2.496462476355985338e-01 -4.910076667058211330e-01 4.256655699585705221e-01 -2.079463272507161564e-01 -2.466044614508450597e-02 2.215484173634172660e-01 -1.163092450791779892e-01
1.709273111200537154e-01 -6.254986485755399395e-01 -8.093974172813598322e-01 -8.170861119087498292e-02 -3.101134996761447105e-01 -7.991215930420364488e-01 -6.673497351370512032e-01 -7.253969284454874211e-01 8.639598877525545007e-01 -5.172462718867723019e-01
3.685688266217513887e-01 4.735987102189475606e-01 -4.055092706068125219e-02 -2.683618061242290520e-01 4.394782185103140448e-01 -2.787190810681665076e-01 5.132223847666279593e-01 3.516728576117989502e-01 1.546001785541779305e-01 1.384758175770655353e-01
-3.188949345161460891e-01 2.894440040111780355e-01 -3.565758573432367684e-02 3.120014505909287847e-02 -6.901715175908800237e-01 -2.388809703834831322e-01 3.294339622749156704e-01 -6.529518187217052683e-01 3.857063045443043237e-01 7.446549880728573411e-04
-1.725312985781958519e-01 4.768872510545414944e-01 6.136714650902496127e-01 -7.009254073187763667e-02 -2.191703487775386316e-01 -5.397597429328910845e-01 -2.589513098657185153e-01 -4.110557599091145820e-01 5.198936747679004933e-01 3.602828390787856661e-01
-3.794668435627301384e-01 -5.419993156025552095e-01 8.691693310128864036e-01 6.494896590521282986e-01 5.107382923280926468e-01 -1.408995998922038251e-01 -6.765312227006365919e-01 -8.319728430909863193e-02 -5.784433887540273433e-01 -6.626169189475998866e-01
-6.655520347817137083e-02 -1.095577223571205377e-01 -6.915583142967193231e-01 3.336889172005422788e-01 -3.807182261965313397e-01 -5.810713592805240024e-01 7.979580038202026548e-01 -1.515782766537247528e-01 -1.317894894869677813e-01 3.537242117356850235e-01
-1.486797160732294676e-01 6.071027135007448505e-01 -4.887261774057867769e-01 -6.687971874340831180e-01 2.549787849592307643e-01 1.317876447347937630e-01 -4.275321997240223021e-02 2.528431562429585555e-01 3.151429491185811504e-01 2.491378485513199292e-01
3.099926504131836347e-01 6.354931257516510668e-01 -2.220818781023117250e-01 3.537641105866727864e-01 -6.168891924788459935e-01 -5.798835106664137484e-01 1.082754418340647756e-01 1.933075885406417282e-01 -1.163074694489961841e-01 -4.412529262399651486e-01
-3.405687162648794036e-02 3.162325064372465966e-01 3.516828796996113726e-01 3.135279123839290194e-01 5.177507625836936800e-01 -2.788908650474359319e-01 -3.704114807092374617e-01 -5.336505493082641799e-02 -5.643942324232380514e-01 -6.163951998152954193e-02
-3.527652834847206376e-01 5.902936854928522159e-01 2.748259269086472112e-01 4.294317261588062595e-01 4.021303105864876826e-01 -4.511568472959370801e-01 3.567367660182074740e-01 -2.632372569480633251e-01 7.181712844353920211e-01 -4.216617643687740058e-01
8.684825656350958489e-02 3.122724150613450517e-02 2.917666882222868380e-02 4.417617928909427769e-04 -5.441782085077365334e-03 -3.385156827934825141e-03 4.258902381929165551e-03 1.443044606756797854e-01 -8.463148275459325687e-03 4.722951813603628451e-03
1.656414348537959269e-01 -2.689673280330881489e-02 5.114505781388927613e-03 -1.986700488725865743e-01 -2.817231746075947729e-01 -6.413284077441323318e-03 -6.632937052130991051e-02 1.237967927099226928e-01 -1.257763403868900620e-01 -3.182218520172889198e-01
3.830560309615364534e-01 -5.491911657911254796e-01 -2.861083697827315198e-01 -7.035711367443800990e-01 -6.881502663101432549e-02 -6.966146808368769427e-01 -2.026769755449484289e-01 -6.335738423857038004e-01 -2.106680422528982993e-02 3.093627227139615909e-01
2.720867079567160923e-02 -9.400927645816367639e-02 4.285556141123742294e-03 -1.500556110776456870e-02 1.632734515553442289e-01 1.403378129202479709e-02 7.248729134923406758e-02 7.985323069963333464e-02 -2.719155085777490155e-02 7.828077654366781546e-02
1.131843047932882679e-01 2.519714266718504625e-01 -3.695599572429126428e-02 1.058447709777295270e-01 -4.429846389282804386e-02 1.786181189417494763e-01 -2.981691637964243857e-01 1.882607324866603926e-01 -3.065358320536476500e-03 7.283704522739602172e-02
-3.863351929660295281e-01 -4.130976042713158797e-02 5.802924232451824871e-01 -5.058163106068328668e-02 -2.539067075172097843e-01 7.130788937868647315e-01 -3.186359082556842748e-01 -5.206492109166108717e-01 -4.080899312340899310e-01 5.415749377852175916e-01
5.803964918256739880e-01 -7.613568942850272581e-02 -2.596703322143361636e-01 6.618899152523781693e-01 -2.619581994176808371e-01 2.615631613306677872e-02 -7.756390994563915342e-01 1.503536678312924202e-01 -5.355097238661695735e-01 7.418981886925131164e-01
2.524086130380709947e-01 1.751615874596561262e-01 8.048213582075101902e-03 1.175929592080681430e-01 -7.462869325711256330e-02 5.618652637025293994e-02 4.376962754194683308e-02 5.666238453102417222e-02 1.200439412606363609e-01 1.431220623119388025e-01
-5.197456294527386111e-01 -8.464998749541239320e-01 1.543282634546849774e-01 6.035354801912634626e-01 -2.751878452164573385e-01 5.897259282555096238e-01 -8.404144596794725919e-01 -6.953304665826738618e-02 -6.877262330191755701e-01 6.392167049474909435e-01
-9.620545450819502700e-03 2.398151079218132850e-02 5.081465774258590862e-02 -2.713318878384673657e-02 -1.518331585384499749e-02 2.232993485666753299e-03 -7.745289294801786795e-02 4.894914868895152565e-02 -7.303442049721010909e-02 -5.374094295280090750e-02
2.010543732224996938e-01 -2.366005963928782541e-01 -4.393533096475357724e-01 -2.975507149732750656e-01 4.322397888558542900e-01 3.662293366332554090e-01 -2.066446071210306656e-01 -5.387510158213983935e-01 -5.195422793847255249e-01 4.944805761547041989e-01
2.812325894271797688e-01 -5.141626457832859654e-01 -2.104740972489291262e-02 -3.424397139460518824e-01 9.689663764645133071e-02 -2.959302117256229492e-01 -4.073930216228088264e-01 -6.485435514297036019e-02 1.008302786572581357e-02 1.800645769948228114e-01
-1.153971878029276948e-01 -2.936225453563475751e-01 -7.933440939065475317e-02 7.381326692758563568e-02 1.649427700935096330e-01 2.216223483173114239e-01 2.425728393606699229e-01 2.022957952334184795e-01 1.278153048278618809e-01 6.655709139754067971e-02
-8.562572767302296661e-01 4.483762582669190699e-01 8.853553845504817665e-02 7.389640124300633772e-01 -2.689392755584433248e-01 -3.179390077906986134e-01 -1.515411861607880162e-01 7.622276650837097600e-01 -5.124719500638380554e-02 1.402386436753822740e-01
-2.445096420628348199e-01 8.407637699189894620e-02 5.657428665617482144e-01 -4.032362173269976036e-01 1.995630409814907469e-01 8.069680202466268382e-01 1.952430062159684898e-01 -7.681024809143127338e-03 3.368874609633724648e-01 -4.149646585348329975e-01
1.242763608131710164e-03 1.378976971638947724e-01 -5.129683398144368328e-02 -1.451402077874150987e-01 1.609832713072078536e-01 -1.959015054103981357e-01 2.843331860001345121e-02 2.366424015309733300e-02 -7.714349994084023984e-03 -1.359214901408051512e-01
7.593655259946309466e-02 -9.807662302456918862e-03 1.692289238651992211e-01 -1.657717579899108118e-02 -3.682080820113475816e-02 -4.808993093750747044e-02 -1.978021133440073173e-02 2.783568380408029536e-02 -1.373524377200032731e-01 3.754173919038111124e-02
-2.858563207308443821e-01 7.669213846431995885e-01 9.165439211869695901e-01 -6.219445915213360765e-01 -1.044236832085266853e-01 -2.598759051323468183e-01 -3.146780950466321891e-01 -2.230326312447616643e-01 6.823632120219027541e-01 -4.067572913886270403e-01
-3.393663613674037793e-01 -4.366443201163375254e-01 -4.448002560080248080e-01 2.749795093322007777e-01 -2.321317775081173373e-01 7.261215042616180337e-01 -2.100465637576655331e-01 -5.143859582149935550e-01 7.541007814943261056e-02 4.397424077718001811e-01
-5.075883151614080102e-01 4.419583785179787006e-01 5.394200005252768326e-01 -3.209873347790041520e-01 -1.561598235366867815e-01 3.177945653358553724e-01 -3.198802035868427152e-01 2.312624769030559579e-01 -5.809630292561009934e-01 -7.121909206573475704e-01
-2.352069960735959919e-01 -4.533931638464018810e-01 -6.255321175298583780e-01 -3.918691730317681587e-01 3.801908908101747087e-01 -5.369574689203596707e-01 4.795132455766539653e-02 -3.175502902984976838e-01 -3.668744662746105667e-01 1.478826040698731914e-01
6.548379145587721051e-02 -4.496199645398810812e-02 -2.452438375862478204e-01 1.750022437562827604e-01 2.609330786465280730e-02 -9.303745758907681906e-02 6.765450878055974393e-02 -8.620532017674063796e-03 1.005722573166816930e-01 -2.306592454776563994e-01
-2.599649508248530472e-01 1.652010751942175892e-01 1.993936366741405342e-01 -1.495657566748695155e-01 -5.797103031835633136e-01 5.631415462444359088e-01 -1.281362340924002974e-01 4.403844616620310459e-01 -1.790066044803555745e-01 -5.506464986450841925e-01
8.146774340693815897e-02 3.900915288014509402e-02 9.633637074028490385e-03 8.899762474855003880e-02 1.133421741098356583e-01 1.762619406916637876e-02 2.837482056182457149e-02 -2.157002156049394204e-03 -2.168880466324598841e-02 1.053299270910031983e-02
-5.662898616323326362e-01 -2.820757361021659082e-01 -4.570066877766605917e-01 6.323272794495861104e-01 -4.822772248055488542e-01 6.939472756316420465e-01 -3.439905094222940884e-01 -4.606973174056588904e-01 4.825779775199191546e-01 5.608432465638353293e-01
-5.397855700886792230e-01 -7.967465632825021515e-02 3.621645679841017373e-01 -3.985964542834992061e-03 8.202174124448777803e-01 -2.675108261557102018e-01 -2.275692510849952610e-01 5.785775295230016768e-01 -2.557264189995952508e-01 4.229512283296353314e-01
-8.434892137074595508e-02 -4.715246446665755098e-02 5.248994946242814541e-02 4.122136547028353720e-02 -1.410310205943494412e-02 1.399482391832602979e-02 4.571532140854735193e-02 -8.430584945190642415e-03 1.127412379606760988e-02 1.040791919718245667e-01
-1.051368982020037812e-01 2.411999749787231140e-01 -1.350579509538243558e-02 8.270254995852957536e-02 1.844198301143437080e-01 4.179587647798052585e-02 -1.685563639650966561e-01 -1.433615171086094209e-01 -5.631698843662464454e-02 -8.851785066148891434e-02
1.059879538661361899e-02 -7.568564768161180345e-02 1.374821205943695460e-02 -1.785830014940747446e-01 1.061349593849796463e-01 8.267207426331299458e-02 -8.633476389380093097e-02 -2.657199869364435529e-01 -2.843669743357146729e-01 -5.648754718738083769e-01
5.233629554253181881e-01 -1.186295946191877754e-01 -5.307280651755383882e-01 -5.661050508405495174e-01 1.269033878704923513e-01 8.711625957478329185e-02 -5.189114467064949165e-01 -6.701390659449336928e-02 -6.267413839005011589e-01 5.155928762159046608e-01
4.621847598029469317e-01 -6.366788648583557864e-01 3.785698396855509129e-01 5.752989308565206183e-01 6.307064169204672499e-01 -3.047513240890708519e-01 4.015479830205108680e-01 1.698306355511234600e-01 -1.236071616012937927e-02 4.827967451834822565e-01
4.243337890539354840e-01 -4.494101354949429639e-01 -3.915258255872618998e-01 1.692903670497644952e-01 -1.394718552141599177e-01 -4.160035158418676215e-01 5.085826067583301135e-01 4.264502743924799000e-01 -1.283420936527162881e-01 1.131733886738003347e-01
2.119090660172328056e-01 7.909119417384928852e-01 5.095366861527953484e-01 6.022168799830416308e-01 7.221928751171602379e-01 -8.031744879886343336e-01 1.673040708556887413e-01 7.933547007818558816e-01 3.089364241141842049e-01 -8.705849491809575236e-01
2.884158693974423482e-01 -1.181953976690710839e-01 5.509260004124867660e-02 1.379292233886831864e-01 -2.044512392464117589e-01 3.783681849072768610e-01 -3.736540961713325643e-02 2.342236015328506282e-01 1.447490612611433691e-01 3.451308161027573651e-01
4.345734942902479414e-01 -5.453491849173369710e-01 5.587584578798734380e-01 -3.543667322488071036e-01 -1.771064940739021099e-01 -1.590391832821983487e-01 5.540308385656991241e-01 -4.485616968208647193e-01 3.270476893103980154e-01 -2.340983349598465268e-01
6.766387347234890104e-01 -2.550036001543870556e-01 -7.074584532560286299e-01 8.932583712407800025e-01 8.626010642852723065e-02 9.341072077569158028e-01 6.929450204352914922e-01 -2.708447988666320971e-01 -9.290677505436950590e-02 7.890342439403916774e-01
-2.178862575569467108e-01 6.027807713979783759e-03 5.821185076371872963e-02 -5.267700970393148774e-01 -4.297888083125023795e-01 -2.343094187773163972e-01 2.224097895630870736e-01 -4.091952940885971723e-01 -2.988450451197354751e-01 1.450371533160054738e-01
2.440799786144908726e-03 3.652389375140586980e-02 1.310142678811780127e-02 6.513013741308300297e-02 -5.591717641020876525e-03 6.148457536531973938e-02 2.981432717043484056e-03 4.330117754580992129e-02 8.208168394765505069e-03 1.719358445750669359e-02
-1.255120535887948863e-01 -6.034845898235772221e-01 2.774620190074379988e-01 3.236540273704324733e-02 4.893400304008211910e-01 -4.557282222088243628e-01 2.449146265820014157e-01 -3.971017625839633469e-01 7.155668589811043923e-01 4.418273923077532528e-01
-4.827791315105270376e-01 6.702953235223075845e-01 -1.042206199008539613e-01 -1.639552145711100639e-01 4.571720805147772015e-01 5.143583086159788653e-01 2.676714101748978725e-01 4.605155264780206870e-01 -4.645883276918525984e-01 -3.976835022890636284e-01
-6.784694006211823558e-02 -4.243060160798637348e-01 5.825779582750891666e-02 -5.579036483912833827e-02 1.639530772698746808e-01 1.715996856053886854e-01 1.154644859850590816e-01 4.164450118612185170e-01 -2.825351995148994155e-01 3.317276452648080798e-01
-6.775554466130835340e-01 3.952531348187906524e-01 4.482313634129592161e-01 7.204195484754984946e-01 1.307192730240285816e-01 5.893341651653328794e-01 -1.913715784537081688e-01 -8.607122139542915107e-02 7.056864751166163074e-01 9.195791758776329650e-02
-1.491270243754736213e-01 6.242437422675556347e-01 -5.615433966101972540e-01 1.916601461606403933e-01 3.065307536456065018e-01 4.232950792633908832e-01 4.002074486597188008e-01 1.155715123376211406e-01 -4.281471357544658352e-02 -1.580747202120463546e-01
1.206755941111174735e-02 -7.357846606538020681e-03 1.454451815407340094e-02 5.379797968213893139e-02 6.251478827183801212e-02 3.347949915324514858e-02 4.674521599185558866e-03 7.082450788866399838e-02 3.150196262655246410e-02 3.963065073456622373e-02
-4.907635444181572271e-01 5.986249476645839618e-01 -4.900167304247204370e-01 -5.557974301517774537e-03 5.722380703263677537e-01 -7.475691502836553370e-01 -7.993040198131493579e-01 2.623042835148715057e-01 -3.388966979613308173e-01 -7.029555472933172178e-01
-2.152221829786593044e-01 -1.693646574639685320e-01 8.216215846095901998e-02 1.390692796486703853e-01 1.443448793146145659e-01 -4.187168645471277539e-01 1.123380858946398109e-01 5.749796061226940536e-01 2.090593499244308706e-01 -8.283911521552421442e-02
-5.440887592548918628e-01 1.973490681322038476e-01 -8.113335404124307759e-01 -3.335031555115622326e-01 -6.753430810051471722e-01 7.850259447336707663e-02 -8.326727573545608108e-01 -5.073001141302040384e-01 7.996888075256721740e-01 6.878620535902696398e-01
4.660731955692205136e-02 3.411981098884509650e-02 7.796234873321397640e-02 -6.391244242429894307e-02 1.814713322424769612e-02 -1.856378301279456569e-03 1.763849559782752069e-02 1.262041476800993683e-02 -3.914192089095950601e-03 8.202698443771029926e-03
7.585710688354704856e-02 -2.068137279131867790e-01 2.927682513038828982e-01 4.345472933264485915e-01 -4.843736456490019826e-01 1.827693098974106090e-01 2.284084794035292076e-01 3.660249212666863428e-02 -4.967987803917678913e-01 -5.587566747071758266e-01
2.485918735568710680e-01 -1.272908785246944230e-01 2.527873387419085627e-01 -3.716430370672707539e-02 -2.195281890008070058e-01 -2.486215588620129535e-01 2.261530151117750742e-01 -2.810111450126953625e-01 -1.340804157864921575e-01 3.166135827625181087e-01
6.966136142607293191e-01 -4.804984622420855334e-01 4.768978534595498808e-01 8.245770876443808683e-01 6.134911888177171368e-01 -3.284560199863535007e-02 5.271036850939091467e-01 6.937032359682048233e-01 5.925004195818787123e-01 1.054276297475857799e-01
9.463629600157025257e-02 1.156846589885021231e-01 4.693075296441596711e-01 -1.438324382785543809e-01 1.875718589064636344e-01 -1.972552249436508309e-01 8.873895590147556911e-02 2.658857960156056910e-01 -3.728380277500448758e-01 -3.565345155576782332e-01
-3.570501448507121811e-01 1.337597666738941649e-01 3.852935884527396992e-01 -5.817393433887623200e-01 5.704931753792290561e-01 -1.224336788695997713e-01 7.212500219902456822e-01 -5.609200825669391488e-01 7.489869965160543541e-02 -4.132110215329210662e-02
1.586241618967380307e-01 -2.194202609502118040e-01 -4.178957968858078020e-01 1.290434163389788703e-02 5.074191159723061284e-02 8.343335207814960020e-03 3.848308794520451381e-01 3.933269857460525154e-01 -2.800862934524212325e-02 -5.067042465202699075e-01
3.051572879616444856e-01 -6.152379539261977337e-01 -4.731819406759144586e-01 3.028946183034427961e-02 1.548989291194352858e-01 2.921847357393418942e-01 -2.636249261520354770e-01 2.005343481542439243e-01 -2.669109924294157388e-01 -4.033418908856298279e-01
-3.689844779299818189e-02 3.738183254913897136e-01 3.194807086221178039e-01 1.831124016066016102e-01 -5.640850973344495312e-02 2.229585005970341482e-01 -3.244395567369533495e-01 1.850383455041999525e-01 -4.286521680637813314e-04 -4.181950304821538955e-01
2.505579225013043199e-01 -1.877336444100389523e-01 -1.567197904862534241e-01 4.522740839160034332e-01 3.875255447110484974e-01 4.662451339428718700e-01 6.929381113797923319e-01 -9.345231805437072270e-02 -2.927265631413187297e-01 3.405373214409795901e-01
-5.124072987442245264e-01 -2.172121837398791055e-01 -5.386933029015364416e-02 -9.847393981436981455e-03 2.642012666415042288e-01 -2.461591378833662969e-01 6.199041856433852409e-03 -1.841270000103780446e-01 -2.869649522555028920e-01 2.402720770697003849e-01
-1.752082196841447392e-01 -7.530060005941270618e-02 -2.555423325145571578e-01 2.552054464898369512e-01 1.743062151600966725e-01 3.151421085460018867e-01 -1.162602542733186806e-01 5.968157294463639906e-02 -3.001971680714681651e-03 -4.093714130123267403e-02
2.140908553234865119e-01 2.404872459642336258e-01 1.734694734290477547e-01 -2.154105426546079338e-01 -3.651315113368915344e-01 -2.432894623769226716e-01 2.317290127591693505e-01 -3.173879244886874118e-01 3.535913950891662050e-01 6.588246083159698951e-02
-2.052767660390615408e-05 5.343720838419143693e-01 -4.411047742183704656e-01 4.750192096093400762e-01 6.462685342621413698e-01 1.769319838676527423e-01 3.234337775979287399e-01 2.757808085098048534e-01 -4.689183649106588025e-01 -6.461836388087215388e-01
2.836622273681034812e-01 -3.736089734162609255e-01 -3.981082525148753049e-01 -2.339921619815780729e-01 4.738860433905012215e-01 -5.231180072216877475e-02 2.101632645677372832e-02 5.206300789827147391e-01 2.634080116872760668e-01 -2.460251008690037822e-01
-6.935933468062972784e-02 2.973505160978437423e-01 -2.512205626083782728e-01 1.814122089232639012e-01 -5.122900462127742971e-01 -1.677838083663767133e-01 3.093662059519781127e-01 -2.781090702893095346e-01 6.685064087372947217e-01 4.513355843284057034e-01
-2.188607617023292581e-02 9.671380365604670404e-02 2.243642500625518676e-01 2.103682573738148431e-01 8.133612970243217499e-02 3.709733104438123763e-01 1.728093775551476363e-01 -1.046283618150622985e-01 9.029074487529498150e-02 2.642480891167825474e-01
