6.296713988217539359e-01 -7.977217644103065108e-01 -1.147159953653440201e-01 -6.201206319387383425e-01 3.229289120700685189e-01 -4.556918270451369990e-01 3.511684847703794299e-01 5.926628316290104559e-01 8.040209781492928531e-01 7.082703861460559747e-01
1.496592141334439630e-01 1.206395770357836378e-01 -3.891508609701132548e-01 4.037186762284437624e-01 3.963032155626367015e-01 -1.087674957129499548e-01 -2.521321704864513125e-01 -4.319722933348157379e-01 5.166286814990369569e-01 -2.684901056823040255e-01
2.793562962282991058e-01 4.418873603123386617e-01 -2.015011732430696187e-02 6.569638876594617871e-01 -5.680352153725861664e-01 -2.937745483589328521e-01 5.560605345494474827e-01 2.497252118810249222e-01 6.815243046814768446e-01 -2.660156650476767082e-01
1.584770020608599062e-01 -2.324232542779500199e-01 -6.398159084821966602e-02 -6.692363584024979550e-02 -1.832440617750547840e-01 -2.114219334900828973e-01 2.561501601611724244e-01 -2.238981396726037465e-01 1.839792866062992527e-01 -1.202616177221043914e-01
-2.668569146200193420e-03 -1.390812468260995034e-03 5.109800901550722030e-02 -1.441571494547666879e-02 8.520638003865250998e-02 8.387330851773313473e-03 1.351666741834230655e-02 5.642008392781442533e-02 5.083794460967934817e-03 2.941564614294155458e-02
-4.456044637771670036e-01 -7.474362339787742338e-01 -4.070469345665109207e-02 -7.938325912299398768e-01 7.016929229278886515e-01 -6.937950925355773624e-01 5.531515876723228642e-01 7.117562690924601476e-01 6.744779859270197964e-01 2.297558874713003241e-01
-5.007112019236607293e-03 1.488442866894864325e-01 4.407820117360823631e-02 6.160697844955015379e-03 -1.573922226617716080e-02 1.088214126523185006e-02 4.434584707007216409e-02 -7.135490799971117536e-04 5.317007101891736698e-02 -1.799535318991828288e-03
-5.351293128065405247e-01 6.807366743508502793e-01 7.966940326634119884e-02 6.859887599747491738e-01 2.260606264077849870e-01 -3.246618011132049730e-01 -3.840087134273185709e-01 3.204347880947056582e-01 -6.050086520453158423e-01 5.602079746135032456e-01
-6.898566220969515328e-02 5.906697322851711673e-01 5.507972092328942137e-01 -5.606935899061327166e-01 -2.792215092571209145e-01 3.696442470004990821e-01 -4.194826218538495466e-01 7.191206168132048271e-01 5.169856828731280718e-01 -1.893769296683698589e-01
9.158413194526805051e-03 -1.792355698673816751e-03 -3.586671645830104282e-03 2.215406651581470696e-02 6.552812391864414054e-02 3.030908183161205860e-02 5.929315977237047466e-03 3.790942720824760914e-02 2.077282383889960879e-02 1.886869115099451544e-02
-2.949913699174601736e-02 7.890696030951294127e-02 8.713094553488340277e-02 -1.081865915125909960e-01 2.448381850799097037e-01 -2.360674493493636252e-03 -3.508578096179906791e-02 -1.772593373465793445e-02 2.768824845672272425e-02 5.018408903002254118e-02
3.423531538286952447e-01 -3.189285835919150047e-01 5.942805028518860500e-01 1.864469695562444573e-01 -3.493775142179962601e-02 -2.090497436050297031e-01 5.403653291813328430e-01 5.066791365617494547e-01 -4.533452639047164667e-01 4.087807999863695696e-01
-4.244137807390841455e-01 -4.329814111973433882e-02 4.448110843695834982e-01 5.838559964226983645e-01 4.657458710713598404e-01 -4.667177633268879133e-01 2.076375229978689452e-01 -1.352548682701228133e-01 3.171261084163768951e-01 -1.291608708450727450e-01
4.191615123308668478e-01 1.985705444688908028e-01 -4.641801181280614808e-01 6.384317233189226171e-01 1.750127875486966189e-01 5.350372649106142908e-02 7.434113534233499632e-01 -1.637810369661260590e-01 4.115835358318035708e-01 2.869755521574900436e-01
3.109072598770352136e-01 -5.500319406709439640e-01 3.564480403075113157e-01 -2.367860799995782362e-01 2.906796614692542247e-01 -1.814828623297002341e-01 -4.554699200373839574e-01 -1.668508636974505022e-01 -2.004811477585934643e-01 -6.855597304489505772e-01
-3.428848830772722282e-03 1.493387049089218467e-02 5.508966687981205201e-02 1.596346522804955453e-02 7.607647425874147079e-03 2.912981054328020458e-02 8.907694466392180807e-03 2.508683150164873858e-03 2.319885004564282288e-02 3.950699887353206069e-02
-4.290444878809471785e-01 1.061278033324564440e-01 -5.623569108534657301e-01 -4.846771910352491441e-01 -1.036384078613848507e-02 2.130592139490660730e-01 -4.112826898234944045e-02 3.697283621336325266e-01 9.976584514137289139e-02 2.415144337914297279e-01
8.297733890080367658e-01 -5.337690284116336503e-01 -7.693825313048234804e-01 4.700947637928353795e-01 5.957825174305886318e-01 3.149342683232347340e-01 1.115703495195474321e-01 6.657046084148489085e-01 8.042208227313240032e-01 -4.411878051982288107e-01
1.674736968853827914e-03 4.222082561930824013e-02 -5.909712775776385651e-01 -4.774912151333405852e-01 -5.788713700953971308e-01 2.858655738568753324e-01 -3.644661686911258025e-01 6.677486472999120126e-01 6.737203694179931535e-02 1.283726297344466027e-02
-5.322479932626495575e-02 2.660215049081007255e-01 -1.411641312997975739e-01 5.707345230746546649e-02 1.807145672712718032e-01 -9.571250111606398325e-02 -2.286858926154982929e-01 1.635810361095623444e-01 1.622873306191593701e-01 2.397322412390383295e-02
1.709687850240463420e-03 -5.513173981528735751e-02 -2.487002400040042027e-01 3.748582191267076924e-01 -4.197392654111992139e-01 -2.453854692319025824e-02 1.847418346976019143e-01 1.823286459182402175e-01 -3.188264801321638031e-01 1.830371252919927583e-01
2.829824902987423951e-01 -9.488589766997664043e-02 -2.488908976460600386e-01 4.103894409154838496e-01 2.713246637758743307e-01 1.674260894583078918e-01 2.172426686606233892e-01 -8.715003792270788197e-02 -1.287030749799863705e-01 -2.141309803471103945e-01
6.265267724511729142e-02 4.376424352940681550e-01 -2.277993816626650014e-01 1.804959351302084236e-01 2.672174045614288396e-01 1.379783438183173339e-01 1.064685108630009786e-01 -7.255391999694020544e-02 2.562198511538563150e-01 -7.242424395809091142e-02
5.222954106946863240e-01 1.114249403413445916e-01 8.166714455013602825e-01 -8.842946759376740795e-01 -3.956690199875824154e-01 8.722852971645045361e-02 7.580631867541840485e-01 -7.725955618245842205e-01 -2.096527752397363553e-01 -8.080570647525276984e-01
-6.277362444192470248e-01 1.829320319960993091e-01 1.159479775636247656e-02 -6.578043376682986276e-02 3.369279544608377863e-01 -1.378154066672140909e-01 -6.839418945251195536e-01 4.649283670935361878e-01 -6.528969349943982703e-01 -6.041597266824438872e-01
1.220530395301472511e-02 -5.768095657510811242e-02 -1.658326638942483888e-02 2.552881266584497433e-01 -4.987252673380139778e-01 4.356467906896925868e-01 -2.121758782952337108e-01 -2.432769163184315617e-02 2.263521662482929908e-01 -1.172891945248328849e-01
1.710248497250900501e-01 -6.255059826598055039e-01 -8.099494202710675328e-01 -8.164538361922640819e-02 -3.101409411385404602e-01 -7.990926741392947452e-01 -6.674428925244096922e-01 -7.254226010946057679e-01 8.641344996502953180e-01 -5.171341829799422918e-01
3.695056287081903146e-01 4.747706526674717042e-01 -4.069750597417047533e-02 -2.684145785565333897e-01 4.384859026574255969e-01 -2.820767996947033951e-01 5.150464051573047097e-01 3.531149624515523278e-01 1.553606270488076257e-01 1.385334239012598057e-01
-3.192150483545928563e-01 2.875591729599714652e-01 -3.506453859576875304e-02 3.077393741142227593e-02 -6.914396957082269424e-01 -2.426514244446643653e-01 3.283344936135839109e-01 -6.547808734147538834e-01 3.871978689914398752e-01 1.231760836435593027e-03
-1.743989208206452035e-01 4.796051715065192123e-01 6.164572369478574787e-01 -6.847714161522650000e-02 -2.268317291508004929e-01 -5.424837406025773134e-01 -2.596316620017468102e-01 -4.148613876096830522e-01 5.233194669106783214e-01 3.643941064949923203e-01
-3.792494088128640639e-01 -5.442997946354634076e-01 8.691016814116022671e-01 6.490569048436561905e-01 5.117898192244684230e-01 -1.406442766113857878e-01 -6.775798338867886628e-01 -8.285808376533056185e-02 -5.799029458320899000e-01 -6.624751532968956580e-01
-6.627427521895493112e-02 -1.099832969815539990e-01 -6.930393939767084399e-01 3.341476025817650686e-01 -3.809289879536493784e-01 -5.841848853051242463e-01 7.996808620333032414e-01 -1.504213967555799170e-01 -1.322092487833233798e-01 3.521024544805728684e-01
-1.486527346382403858e-01 6.081107415445426989e-01 -4.896394094881163506e-01 -6.696989699864720480e-01 2.546813629689120284e-01 1.317521163726472488e-01 -4.267137206590781301e-02 2.503166355735307880e-01 3.144193877270169968e-01 2.513652498288301840e-01
3.110976223289138587e-01 6.369427762785566660e-01 -2.225704753782558887e-01 3.557474002120206702e-01 -6.231358507408180092e-01 -5.817463857180185105e-01 1.098090018474206370e-01 1.960911615704832855e-01 -1.149678493014151953e-01 -4.426576463702576736e-01
-3.369596889709998433e-02 3.147697732633835122e-01 3.524749308732860742e-01 3.139400424140598722e-01 5.181473804305227748e-01 -2.804053674551544306e-01 -3.709498914818186166e-01 -5.424636154684977368e-02 -5.649223513784262796e-01 -6.147538164440496944e-02
-3.529335671506790284e-01 5.917902465231015263e-01 2.737413841687525995e-01 4.307628488956055102e-01 4.054540675404434968e-01 -4.503131200907635745e-01 3.583274220874975158e-01 -2.671939794681804647e-01 7.194333408435292787e-01 -4.230629452737800777e-01
7.321345267283221880e-02 2.563415246575023732e-02 3.884479205185988049e-02 2.801716498338512919e-03 -2.604602853140325445e-03 -4.151957293704278303e-03 5.499939067489667197e-03 1.221749412129781720e-01 -9.022006234993143817e-03 -2.043995835427602804e-03
1.863186363157115222e-01 -1.945781981905280247e-02 1.471508611816809906e-02 -2.241105478096573345e-01 -3.303935433853623649e-01 -6.306639191323770363e-03 -8.169556246430004220e-02 1.464046934704393566e-01 -1.267562002965406109e-01 -3.526211513013866039e-01
3.836976308220396703e-01 -5.501168320887248608e-01 -2.872211949472134318e-01 -7.042239639914602556e-01 -6.883170210178768400e-02 -6.988499622043858883e-01 -2.019810454429981361e-01 -6.333824467955604387e-01 -2.145913306153273206e-02 3.054150157878298688e-01
2.170141873036535510e-02 -1.123313095335367745e-01 7.774903879656026515e-03 -2.085730897683268914e-02 1.631848952397763897e-01 2.638070546835839802e-02 7.518405988336906987e-02 8.652439754009520756e-02 -3.686985030306957206e-02 8.839429805111534422e-02
1.187500565947774006e-01 2.556897154584056864e-01 -4.196746033497929934e-02 9.354916688808249947e-02 -4.959961123213452866e-02 1.954777365078999019e-01 -3.215428262570962370e-01 1.994040278151127943e-01 6.512365958971538566e-05 7.560344083394922310e-02
-3.895308508086986476e-01 -4.254044347665125042e-02 5.808703813601495680e-01 -5.010138584367495457e-02 -2.547348415528042920e-01 7.146772610006522086e-01 -3.183228144915156155e-01 -5.241258487460361826e-01 -4.072159815435069108e-01 5.398326858560570374e-01
5.804851572017518668e-01 -7.657359221222535817e-02 -2.596965034781844595e-01 6.620229962836673421e-01 -2.619512014412896939e-01 2.598108130326666140e-02 -7.756991292779903402e-01 1.502323596061420630e-01 -5.355192274284926723e-01 7.419647023690035814e-01
2.586698491723345428e-01 1.804592337008246450e-01 5.456169704965552376e-03 1.204960832400794185e-01 -7.913119511595673172e-02 4.258190345483481298e-02 4.334988162664355632e-02 6.070510120103674717e-02 1.253897422945247087e-01 1.475954422599345950e-01
-5.194173835634097181e-01 -8.471644714316703961e-01 1.535200427729546124e-01 6.033247290454271106e-01 -2.747840867641068163e-01 5.898827649612002899e-01 -8.405941471443868496e-01 -6.935598077792549943e-02 -6.878542644482522617e-01 6.392341162179947522e-01
-1.788492650013525850e-02 3.236913014893641471e-02 7.297200563327997658e-02 -2.304377416943971524e-02 -4.890274370091424877e-02 -4.038688858010461291e-02 -1.113464911187274226e-01 5.179833233669178805e-02 -9.211076265134726659e-02 -7.362485861802305076e-02
2.022254494076079490e-01 -2.378022224432456699e-01 -4.408916304056882396e-01 -2.981977277718309560e-01 4.324944344899168680e-01 3.674977762564783923e-01 -2.061381976461944265e-01 -5.430442478534460715e-01 -5.217686852643332873e-01 4.975623032071199714e-01
2.854081466941077450e-01 -5.216215884375260403e-01 -2.204293092709739416e-02 -3.477188037653382024e-01 9.656308602482883974e-02 -3.008264221865292742e-01 -4.211925211333725216e-01 -6.697284134780062681e-02 1.082197772411681684e-02 1.827634792852098622e-01
-1.199504491143131985e-01 -3.050777576204414809e-01 -8.302046447005477503e-02 8.189487775041932871e-02 1.540462328706291850e-01 2.297987761901670589e-01 2.567556056546319576e-01 2.171158689037709921e-01 1.377175827996169333e-01 5.115038788122672209e-02
-8.568236454281117354e-01 4.480524556460686036e-01 8.874777070708317339e-02 7.381348301572165926e-01 -2.690921255469274631e-01 -3.180426897814310760e-01 -1.516294408808986083e-01 7.627388117587644567e-01 -5.121077704341231440e-02 1.404376048016740264e-01
-2.469281798107644255e-01 8.425344562298764384e-02 5.666333528200527825e-01 -4.038973566326545250e-01 1.999670488795070866e-01 8.081469119874917784e-01 1.954938294432777279e-01 -7.714059640277898082e-03 3.374031921749123808e-01 -4.155106978381814531e-01
4.489781033565496716e-03 1.481602763548277857e-01 -6.488911256125091953e-02 -1.631683909432352919e-01 1.907139685620589664e-01 -2.223060777416290545e-01 -5.642797999631764261e-03 2.206807408886093599e-02 -1.319383524268735036e-02 -1.515286848829045518e-01
7.774065102732499732e-02 -2.819812495762719431e-02 1.578968355602556051e-01 -1.266058727465053761e-02 -4.170291591701038442e-02 -5.143370407993812926e-02 -2.835374876907538130e-02 2.922630082370949317e-02 -1.523151349898166640e-01 5.236998546576112495e-02
-2.859439733952205409e-01 7.680981978399363808e-01 9.167682860729809979e-01 -6.230270024117456895e-01 -1.041073147021206874e-01 -2.639502243792991587e-01 -3.127828319384830524e-01 -2.207427213269045896e-01 6.833146336512966323e-01 -4.119890080197552429e-01
-3.404000231369215257e-01 -4.368849357315880977e-01 -4.453899018666819254e-01 2.755905952974499473e-01 -2.321126904503511001e-01 7.250406898322361293e-01 -2.112633607734314134e-01 -5.148312390987344056e-01 7.582489864510501276e-02 4.411892333238330854e-01
-5.076307163833183589e-01 4.420159608399495954e-01 5.395046989286110817e-01 -3.209557681067509161e-01 -1.565059712476277176e-01 3.176132780394220201e-01 -3.199026617009488871e-01 2.314031476039011270e-01 -5.809693253264237578e-01 -7.126426454602973193e-01
-2.360088255258170897e-01 -4.546798345400036023e-01 -6.275693110675532038e-01 -3.980536136128351443e-01 3.813588036496138867e-01 -5.402237867113208747e-01 4.904624057506399432e-02 -3.197533964483905700e-01 -3.682637601756882373e-01 1.501384455023386522e-01
4.833488441363058274e-02 -4.949928047829960098e-02 -2.510104306406905073e-01 1.800140776954430588e-01 2.384760604488594948e-02 -9.504340430432169085e-02 6.958289254646590760e-02 -2.143353455304030861e-02 1.065102676040354523e-01 -2.415270500761525496e-01
-2.620403692183984057e-01 1.651079551266249057e-01 1.998479055465512966e-01 -1.510394224506697025e-01 -5.823326441983625035e-01 5.632906321272892480e-01 -1.290854962462363031e-01 4.419035714753478672e-01 -1.794293977257518102e-01 -5.526515673944696339e-01
9.606121369667526555e-02 4.309918304992798460e-02 9.991966165537076797e-03 1.141846225948708465e-01 1.242539015484211140e-01 4.043098245818112918e-02 4.049353499808713841e-02 -1.901184855591957559e-02 -3.270872186787249225e-02 1.329691314639936534e-02
-5.666173769384711401e-01 -2.825402793206477359e-01 -4.574866043912051983e-01 6.325622733937279474e-01 -4.808230276018396476e-01 6.963111868372420243e-01 -3.439913139522411401e-01 -4.636538886768355461e-01 4.824506131842926093e-01 5.601604503083515985e-01
-5.397438573500243919e-01 -7.966035136468606337e-02 3.621831831042724992e-01 -3.928298731188286340e-03 8.202081603345754424e-01 -2.675243128864547293e-01 -2.275638363595208213e-01 5.784221693077264970e-01 -2.557548935087067821e-01 4.230467555481386976e-01
-1.109002450502300230e-01 -5.981313661480661126e-02 6.425742743337757579e-02 3.422427389619650540e-02 -2.930040628871179165e-02 -9.400549497634171081e-03 6.016403560064601669e-02 -3.900239579039795935e-03 1.671229642636675589e-02 8.833481396858285095e-02
-1.123503394919419113e-01 2.434919217910487821e-01 -1.207404355987321334e-02 9.169853933548921532e-02 1.979104990395357533e-01 4.179266722093370051e-02 -1.870181708572725421e-01 -1.484596424048653107e-01 -6.016502110288800970e-02 -9.661554628500677866e-02
1.532512029544046486e-02 -8.438058179592072827e-02 1.257328963314856621e-02 -1.861721239548782825e-01 1.191667284356668077e-01 9.776216714663514551e-02 -8.607799369603963413e-02 -2.915450153027982494e-01 -2.918964669556511904e-01 -5.861527241759429963e-01
5.255665790432576534e-01 -1.247772046076848218e-01 -5.327265087350655515e-01 -5.686729091506769196e-01 1.287938998348446551e-01 8.788080367739617427e-02 -5.229435296956741475e-01 -6.702821498148285595e-02 -6.315340911406823743e-01 5.177319845948030741e-01
4.636190161276528277e-01 -6.379072698175325407e-01 3.791483892805995182e-01 5.757104131017382054e-01 6.323616882402023354e-01 -3.028486975718548968e-01 4.021448440836980498e-01 1.676104866657446846e-01 -1.267569283701325093e-02 4.818385915261682029e-01
4.278704741828385782e-01 -4.516771042084190557e-01 -3.997248912469903437e-01 1.719231738077396376e-01 -1.401053625698110705e-01 -4.178498425117613824e-01 5.128103321580499419e-01 4.295821133784949453e-01 -1.290264072891234570e-01 1.141204936543750437e-01
2.104269557163847282e-01 7.916262604376977929e-01 5.090914292845793998e-01 6.017998469509666659e-01 7.222715703967775847e-01 -8.031704054351421762e-01 1.670246196277583584e-01 7.948649918843769813e-01 3.090954702250929831e-01 -8.711059537443249789e-01
3.009246428013533925e-01 -1.240290066119950213e-01 5.662220448909445480e-02 1.390212379329706094e-01 -2.032978135046726864e-01 3.981550423257935178e-01 -4.134166337874601443e-02 2.314710406494201178e-01 1.452798493531957946e-01 3.392057915060461837e-01
4.360827125619833322e-01 -5.503124710802018704e-01 5.600267302379321466e-01 -3.538178833482736874e-01 -1.780556150964718032e-01 -1.573218660122843171e-01 5.529303996500379847e-01 -4.497533664740974713e-01 3.282517873505148009e-01 -2.360398025411216405e-01
6.766459057148800360e-01 -2.549982620426802238e-01 -7.074438527965848378e-01 8.932654926839039833e-01 8.626903522941962998e-02 9.340655486166505872e-01 6.929490632313520804e-01 -2.708312776124506271e-01 -9.289961098457216737e-02 7.890472542049055127e-01
-2.185095909213369270e-01 5.360798057301425709e-03 5.587493699816097753e-02 -5.313727319339220934e-01 -4.333292465869438836e-01 -2.343932076956985466e-01 2.255548303370508156e-01 -4.112620300915129090e-01 -3.007811526246907396e-01 1.466622956529102795e-01
5.156311677556713220e-03 3.959633400332768921e-02 5.352456418771802619e-04 7.245270419005327145e-02 -7.076511821681469999e-03 5.727115260431200200e-02 9.232237447975552612e-04 3.134088360062248224e-02 1.080764578420094664e-02 1.218259280368412349e-02
-1.240146341188265999e-01 -6.043783551994893477e-01 2.792432847502276383e-01 3.203458980200805939e-02 4.869263903074755317e-01 -4.556418859360614193e-01 2.427234167631586725e-01 -3.971296964944955321e-01 7.160879825298286372e-01 4.414324482749119039e-01
-4.828631790693406756e-01 6.679900674492391666e-01 -1.042529749975175390e-01 -1.644541757972939056e-01 4.586258537171050143e-01 5.147570383316469877e-01 2.665089515998397829e-01 4.613668036292079000e-01 -4.656737953194088897e-01 -3.977099217195115832e-01
-6.915544452923667873e-02 -4.305192957829831468e-01 6.016569004921856062e-02 -5.430618571573870429e-02 1.690908462815925162e-01 1.712854515555796708e-01 1.182478316570817617e-01 4.193593983940140935e-01 -2.889123955674935407e-01 3.381486009770967582e-01
-6.778410558490692850e-01 3.950221055958049732e-01 4.485290634488985906e-01 7.208270356170999316e-01 1.308506879261444877e-01 5.897079734062644629e-01 -1.914772918610522234e-01 -8.702599168796484874e-02 7.059841739111777370e-01 9.206831198040496544e-02
-1.492645015872225145e-01 6.248556752814974358e-01 -5.619432091825872222e-01 1.919074016732389421e-01 3.069528833884722641e-01 4.210515066726664424e-01 4.005985031881721392e-01 1.157489132246777019e-01 -4.276807360574725464e-02 -1.580974879200276184e-01
1.445575606861471650e-02 -9.658276483941690901e-03 1.490296078986871539e-02 4.253484168446364927e-02 6.118836533818131779e-02 3.286148328767059951e-02 5.220693652483320187e-04 5.842661322202397783e-02 2.601320667800031960e-02 3.863352454077909753e-02
-4.907380077396811813e-01 5.981081180824581178e-01 -4.898831076677994112e-01 -5.493426272057435646e-03 5.720329275897705346e-01 -7.476130568907696228e-01 -7.992886430962770072e-01 2.624586338697251220e-01 -3.388471774958147220e-01 -7.029891844162715620e-01
-2.181897580759562250e-01 -1.783558134523319794e-01 8.413412794996805166e-02 1.399300446789032426e-01 1.473051876093200985e-01 -4.242396503999416035e-01 1.138954866887096351e-01 5.777515707915328314e-01 2.125193152858968482e-01 -8.347347816637268325e-02
-5.441310468680312651e-01 1.975922881721828284e-01 -8.117359125378248441e-01 -3.336680482380790513e-01 -6.752479956725749854e-01 7.841114955576335144e-02 -8.327528440730264103e-01 -5.073405128035872735e-01 7.991600923251771516e-01 6.882732687375148206e-01
4.592064662616454629e-02 3.978278962313051836e-02 7.803575598809682490e-02 -8.877327726497688531e-02 2.419300924663043972e-02 -1.924311096842075408e-02 -1.654774743625389696e-03 8.664429410092861546e-04 -1.820257407645093717e-03 1.566732068912428432e-03
7.674532747160413282e-02 -2.085177920588789924e-01 2.928052810600826894e-01 4.342599349369953843e-01 -4.852736824879108624e-01 1.812513231437723193e-01 2.310333686719764079e-01 3.703325487215605727e-02 -4.982194329061199189e-01 -5.614471974758893369e-01
2.770102050481924594e-01 -1.378101921837960875e-01 2.757654627635878763e-01 -4.159483777799104220e-02 -2.316816813395956853e-01 -2.773682468834083870e-01 2.302851404674568225e-01 -3.131519912175034781e-01 -1.482795132417924766e-01 3.456846154989491882e-01
6.966298457643356201e-01 -4.807863645861317758e-01 4.769703313085504881e-01 8.245040938610498360e-01 6.135399883284968769e-01 -3.282200243912207493e-02 5.271071794042463399e-01 6.937350066881206034e-01 5.925130720117200989e-01 1.054519097653817405e-01
9.286334214367358841e-02 1.166252587835288901e-01 4.664984661923151643e-01 -1.446435371970799799e-01 1.890040059274171735e-01 -1.982219383078911712e-01 8.895391691887589991e-02 2.669219862133766497e-01 -3.732302995850310112e-01 -3.573685352052929920e-01
-3.578694658165726405e-01 1.338212422955099568e-01 3.855423847900259493e-01 -5.820891350956046706e-01 5.709038361323126587e-01 -1.239473525128989700e-01 7.217208743904269808e-01 -5.612605547528470851e-01 7.495342511390504225e-02 -4.129255728570567496e-02
1.618672850756502080e-01 -2.245389018702810546e-01 -4.282776547897504393e-01 1.399578463690541452e-02 5.070720177561918729e-02 -5.132859459297928716e-03 3.934479942661672780e-01 4.075910699614050947e-01 -2.990874329776824214e-02 -5.274820979777131713e-01
3.059451926329299631e-01 -6.167233337941114835e-01 -4.758685609266204430e-01 3.010469201304287121e-02 1.557745197426473049e-01 2.929288394385530792e-01 -2.640117973494514048e-01 2.012867562717889636e-01 -2.700770672671138906e-01 -4.040195345448344688e-01
-3.741549839979044917e-02 3.729341896573359350e-01 3.214850390088100918e-01 1.849020738797192975e-01 -5.941981963104336906e-02 2.225331449444548082e-01 -3.260153925601055325e-01 1.860512241438861958e-01 -4.282426910891841540e-04 -4.217686912738799476e-01
2.510375552443658842e-01 -1.880298754206905787e-01 -1.577703543924564300e-01 4.526016558370125620e-01 3.883187118392589787e-01 4.644799011028081792e-01 6.948517889102406864e-01 -9.232903427984837097e-02 -2.947987806555411039e-01 3.388294945265266089e-01
-5.136785917945271285e-01 -2.201221771227946100e-01 -5.270954980590627365e-02 -1.287407563223711034e-02 2.630282336906353269e-01 -2.534522457795648775e-01 7.070287099310767695e-03 -1.848132918160095561e-01 -2.870927817356784262e-01 2.405274668343834188e-01
-1.912613867641513310e-01 -8.561330188578875067e-02 -2.858407717380110902e-01 2.962688643111018871e-01 1.975313651381715441e-01 3.505278133213388103e-01 -1.509266035300940723e-01 5.596356459722297283e-02 -1.901069831769915336e-03 -4.625993672245289068e-02
2.178983254527551983e-01 2.397343509742026202e-01 1.764051306140930475e-01 -2.180410106178946039e-01 -3.679990613739930194e-01 -2.446732796632482554e-01 2.268660170491688111e-01 -3.237931682636580044e-01 3.572820634947022622e-01 6.497060837939010181e-02
-7.472333786491659562e-05 5.336666813211686788e-01 -4.411706069199974323e-01 4.752230283245607034e-01 6.466186680724460567e-01 1.770787536151474939e-01 3.230755442435466751e-01 2.758232237405571219e-01 -4.690264559955378276e-01 -6.463321595944564457e-01
2.882644926087392090e-01 -3.798033060328958599e-01 -4.095920477016116168e-01 -2.375978552930205767e-01 4.818560496774383917e-01 -5.960482005095425750e-02 2.122511013098134225e-02 5.289967398881089133e-01 2.673769091418579658e-01 -2.511477016142564800e-01
-7.203028459052467081e-02 2.986597403428097319e-01 -2.519965475009253719e-01 1.813960420244070670e-01 -5.128472894378994784e-01 -1.678563925733349005e-01 3.094006730781198589e-01 -2.770816345873337028e-01 6.702513446806216413e-01 4.531318899367516306e-01
-2.765314104688305907e-02 1.008020061890258778e-01 2.344772842789872580e-01 2.134732194784985382e-01 7.632586719943001974e-02 3.794592427667461410e-01 1.742643284014633309e-01 -1.012313037696885576e-01 9.348238032945542508e-02 2.698887032146664033e-01
