6.296152146461707622e-01 -7.973675348436481958e-01 -1.149188389030459945e-01 -6.200927607171142775e-01 3.228255621729837488e-01 -4.555801492327414270e-01 3.511922656889140959e-01 5.926347293431214469e-01 8.040996213684827865e-01 7.082159574407029812e-01
1.495772085586456468e-01 1.206248373024298715e-01 -3.889447794515953349e-01 4.037843392477406534e-01 3.960748514764478867e-01 -1.084331264554401764e-01 -2.521608946398437578e-01 -4.319324511664133226e-01 5.165854370827128728e-01 -2.684824899782248808e-01
2.790878081633599295e-01 4.417977822365544704e-01 -1.995974386636156089e-02 6.567456986362479876e-01 -5.678251770531983489e-01 -2.937972563467712295e-01 5.557055275570587094e-01 2.500051824957030822e-01 6.815272009096616790e-01 -2.661611183085336729e-01
1.573393128836025334e-01 -2.217704301280608858e-01 -6.355414478580098669e-02 -6.286687431687712491e-02 -1.801917986281032502e-01 -1.982856674049361112e-01 2.445091364823306912e-01 -2.110678595641691524e-01 1.764555476339333684e-01 -1.148350828121360856e-01
-4.586903181687126637e-04 -2.057807113287552555e-03 5.246553798982219602e-02 -9.565394509936462480e-03 8.272384126059424692e-02 9.479149480691667976e-03 1.532006063776337849e-02 4.979136787491867527e-02 2.860343618384853740e-03 3.183785496539807969e-02
-4.456003139861639539e-01 -7.473192542727968846e-01 -4.071623821540537591e-02 -7.938334356957407190e-01 7.016819748649922861e-01 -6.937967052560781722e-01 5.531406112379357864e-01 7.117648900364622611e-01 6.744576994100522915e-01 2.297535322762895571e-01
-5.611708053032214878e-03 1.510074983028840134e-01 4.803034371931036439e-02 8.980882704420259030e-03 -1.552663217174224744e-02 1.349061925309285453e-02 4.184200812958930454e-02 -1.727200707302874172e-03 5.092405444257466773e-02 -5.208319274351220010e-04
-5.350444757985086675e-01 6.805828274759535557e-01 8.010505556583870368e-02 6.858150293177694978e-01 2.259761518314273576e-01 -3.246140348166936529e-01 -3.839563498478200110e-01 3.203680278981076435e-01 -6.049245737653605737e-01 5.600656118073985557e-01
-6.912188506546225464e-02 5.906694364469822212e-01 5.505545262608970702e-01 -5.606265730064333708e-01 -2.791272714775341335e-01 3.698075660829941436e-01 -4.191992353271700722e-01 7.192668578446279604e-01 5.170174772462863277e-01 -1.895199788946009822e-01
6.995658821314914601e-03 5.521471480216724043e-04 -5.311794191805293761e-03 2.055442780025003302e-02 6.843656650745083558e-02 3.407492561266473735e-02 6.590622598842221444e-03 4.712752319100624310e-02 1.725712536193531668e-02 1.937777779425332164e-02
-2.670592448311354117e-02 8.146319711225985527e-02 8.557550262262927920e-02 -1.033323971118652457e-01 2.439572596713203423e-01 -7.830107951617103473e-04 -3.524889603469009980e-02 -1.337191778179351413e-02 2.659672102557770687e-02 5.192999480611202451e-02
3.423265931087264846e-01 -3.189201605771069259e-01 5.943750279482860055e-01 1.864358527040118341e-01 -3.494038502530608103e-02 -2.090434881068801987e-01 5.403440367405578648e-01 5.067172967957390695e-01 -4.533285310487645270e-01 4.087622387003800872e-01
-4.241416627961017149e-01 -4.332129892091311774e-02 4.445148596679582287e-01 5.834056736298410817e-01 4.657323149833156317e-01 -4.658495256601536405e-01 2.074990503918003881e-01 -1.351976723090246857e-01 3.169335542907057990e-01 -1.290940143474465784e-01
4.183713709987034735e-01 1.989853977769089621e-01 -4.645523512029151592e-01 6.382180748285288807e-01 1.753319937303033094e-01 5.412437426401362633e-02 7.430290212307959496e-01 -1.631481487023457300e-01 4.116720221765964860e-01 2.864980119358198629e-01
3.108248140634746748e-01 -5.499845206131510622e-01 3.566594348223723898e-01 -2.367847043400544971e-01 2.908585737313836850e-01 -1.813514093023717577e-01 -4.555315720591475714e-01 -1.670111053421071412e-01 -2.006779187205525727e-01 -6.852928940689241299e-01
-2.678063993698805807e-04 1.618857853493055679e-02 5.351369934497421377e-02 6.825043098370980887e-03 6.952606791378698747e-03 3.103014371344892802e-02 4.324482583897684695e-03 3.044720927772319365e-03 2.049518577251035686e-02 3.754315905176135865e-02
-4.257181998051317029e-01 1.049237673365776280e-01 -5.602634598072198102e-01 -4.819771642651596300e-01 -1.051219859825580291e-02 2.117232264698271083e-01 -4.077918228608982953e-02 3.675960308112816710e-01 1.000126119914659523e-01 2.428280007348880554e-01
8.297697620991535405e-01 -5.337687445671193132e-01 -7.693741823910982269e-01 4.700905733149566279e-01 5.958412535122205034e-01 3.149320243350727244e-01 1.115676403727534488e-01 6.657070234614411719e-01 8.042229294377760684e-01 -4.411921433492254074e-01
1.669682370656897777e-03 4.220761403739508449e-02 -5.908051636320637012e-01 -4.773893364009271223e-01 -5.787473710963756401e-01 2.857989813599130513e-01 -3.643888872321736083e-01 6.679210560783620521e-01 6.735429062589062821e-02 1.282846486144021379e-02
-5.178257781534804927e-02 2.595024214343260027e-01 -1.405353249952651928e-01 5.941643854695180527e-02 1.855322875767633495e-01 -9.391141552100754075e-02 -2.215207663714235109e-01 1.578902994424668527e-01 1.585798201713511657e-01 2.940243002748879272e-02
9.630016929711344726e-04 -5.521300986044434117e-02 -2.445659951078667238e-01 3.738268257214604207e-01 -4.183132480023948330e-01 -2.570737585459880944e-02 1.836598630992900549e-01 1.839156504398423708e-01 -3.159310776922160668e-01 1.806100495389626470e-01
2.819840223188601613e-01 -9.485995127123959814e-02 -2.460408149044245041e-01 4.089684776568742186e-01 2.703325634966020630e-01 1.666283116404720377e-01 2.163365630924397598e-01 -8.748193950920901685e-02 -1.285330387407221664e-01 -2.138923049276654498e-01
6.164612947100618634e-02 4.333207227133650252e-01 -2.236701438200774661e-01 1.786703888304358723e-01 2.645026894557934716e-01 1.366073031372860291e-01 1.054139611954010708e-01 -6.876563078501786441e-02 2.537532306925624481e-01 -7.179096516778790682e-02
5.222920200961853610e-01 1.114740299624609882e-01 8.166557397241145377e-01 -8.842859481328994020e-01 -3.956551838359066431e-01 8.722472667123316870e-02 7.580389577908770438e-01 -7.725736263834757089e-01 -2.096340551381983552e-01 -8.079049283247831115e-01
-6.276282543850389972e-01 1.828487586098790640e-01 1.157727192180618529e-02 -6.577343566512021400e-02 3.368286871355052337e-01 -1.373232809452621939e-01 -6.840293701061076481e-01 4.645646950169821099e-01 -6.526561276707834036e-01 -6.033387058546225701e-01
1.190525668602031469e-02 -5.360926631364981709e-02 -1.620948012508174191e-02 2.534161706884367482e-01 -4.964830766030676190e-01 4.323939519932362141e-01 -2.107350199525774570e-01 -2.449613908387743635e-02 2.248380064938200196e-01 -1.170624193651753353e-01
1.709916336304186935e-01 -6.255122183763549559e-01 -8.098279505125752786e-01 -8.166112990683363493e-02 -3.101332010804270234e-01 -7.991034039692020974e-01 -6.674220329399737084e-01 -7.254235088414133781e-01 8.640841934468534991e-01 -5.171867237580379806e-01
3.692828515355218721e-01 4.745805951714983650e-01 -4.065753472735904317e-02 -2.684766381361282650e-01 4.387259228824026414e-01 -2.814595505065761172e-01 5.145504866727258486e-01 3.526966752172364661e-01 1.551449307994073878e-01 1.385833616416550507e-01
-3.191545063388726566e-01 2.878190674448622977e-01 -3.523854742775153065e-02 3.084406895734952483e-02 -6.909768779179978893e-01 -2.416244728594347246e-01 3.283251059977741471e-01 -6.543077636649361484e-01 3.868095559045739429e-01 1.192963234377608260e-03
-1.738507011281964776e-01 4.795172897730091144e-01 6.163414871763468472e-01 -6.904013171926413894e-02 -2.258490553972555825e-01 -5.427462849015902702e-01 -2.594856683935319319e-01 -4.149908776505544794e-01 5.225966983366830965e-01 3.639369355492479419e-01
-3.792001592872872306e-01 -5.439776373145934762e-01 8.690103835220840400e-01 6.490473635545812581e-01 5.116023150400150765e-01 -1.406434521776749325e-01 -6.775664595497166154e-01 -8.298980482332454778e-02 -5.798474376033421196e-01 -6.624369931406065559e-01
-6.633075831676975287e-02 -1.100070056535364243e-01 -6.928673505941258526e-01 3.341028244956117943e-01 -3.807751834935224622e-01 -5.832716318493509355e-01 7.992802689512623626e-01 -1.505856941852267428e-01 -1.322763693391163231e-01 3.524809336399177262e-01
-1.487180959949584436e-01 6.078804036443504755e-01 -4.888704033020144779e-01 -6.697579212756857858e-01 2.549427116329050502e-01 1.315907063431988877e-01 -4.274860302070221385e-02 2.509986193148988631e-01 3.149464243147357401e-01 2.504630003270785776e-01
3.108108218252079169e-01 6.367460500982834448e-01 -2.224825862490482364e-01 3.553525588783883471e-01 -6.219919708404960668e-01 -5.813582281046122402e-01 1.093075273408088827e-01 1.953302149084093497e-01 -1.153477026341689915e-01 -4.423428800897647450e-01
-3.371905534312325675e-02 3.147255812105572703e-01 3.524239194305434641e-01 3.138867965915890790e-01 5.180680397752714939e-01 -2.801338869086666961e-01 -3.708108986115434269e-01 -5.405305876739643217e-02 -5.648682183559349257e-01 -6.148736446417991247e-02
-3.528032638509147056e-01 5.915109447935807951e-01 2.739876236568129508e-01 4.306065960042261276e-01 4.051109183076258002e-01 -4.502208400718392123e-01 3.579876387300122142e-01 -2.671283433177374933e-01 7.193275284814248938e-01 -4.232118437853548687e-01
7.823922396535683277e-02 2.436390247211787236e-02 3.438089203570830754e-02 5.829648789759620323e-03 -5.551489233216081592e-03 -4.268242383347960363e-03 4.435350543254200535e-03 1.271255115256828827e-01 -9.100612376113915297e-03 1.104218100175512760e-03
1.818609200267692905e-01 -2.248965418189037557e-02 1.445527722373246560e-02 -2.174862597830902744e-01 -3.190311855596347224e-01 -3.684248279472324833e-03 -7.574972584742223347e-02 1.400267484369806248e-01 -1.280622900666431585e-01 -3.431944187563601978e-01
3.835345980568287128e-01 -5.499087504800647119e-01 -2.870537922095692807e-01 -7.039391756877882989e-01 -6.880240370626411472e-02 -6.982401697313922462e-01 -2.020226703959643877e-01 -6.332434127897970111e-01 -2.141109608566977088e-02 3.064157012578349604e-01
2.161262391436164637e-02 -1.077848850210195997e-01 6.836787708074737284e-03 -1.819344479050836669e-02 1.638267447197451487e-01 2.362974872186362693e-02 7.496271555134034759e-02 8.987033124559644370e-02 -3.108936302722879047e-02 9.041133462181331903e-02
1.187515674526966464e-01 2.550500408037202349e-01 -4.144851585678913097e-02 9.451272250628832416e-02 -4.932188633810325601e-02 1.920834225670063899e-01 -3.173845270944537500e-01 1.980376385742414203e-01 1.913402223845144434e-04 7.461006439620895825e-02
-3.886488853906412411e-01 -4.229198007003537318e-02 5.807627303182693046e-01 -5.021672275523163947e-02 -2.547253275391400118e-01 7.144130468351140850e-01 -3.183951076812130965e-01 -5.231744895611424306e-01 -4.076172964422817846e-01 5.399217162409882809e-01
5.804523661171890891e-01 -7.651056452504255423e-02 -2.596853985338409831e-01 6.619624477300294352e-01 -2.619505850412990888e-01 2.602353682780755850e-02 -7.756790891007347977e-01 1.502901039174622255e-01 -5.355192973116643662e-01 7.419459489114728079e-01
2.578169910171225210e-01 1.788592846016895943e-01 5.825791777758979918e-03 1.199848894320203058e-01 -7.810141087699727647e-02 4.442218615909964557e-02 4.485606290080410008e-02 5.951708946349754115e-02 1.242765146061235865e-01 1.465913497070894800e-01
-5.194795549692255987e-01 -8.470379147121143149e-01 1.536562349898936419e-01 6.033982456337254607e-01 -2.748721626393810791e-01 5.898565512795858057e-01 -8.405487196704688468e-01 -6.935001002360693945e-02 -6.877942825553180484e-01 6.392469317733289191e-01
-1.958392837153498031e-02 3.164897308492244793e-02 6.473918618312859974e-02 -2.319368046149928447e-02 -4.212319448028414154e-02 -2.587764836614096439e-02 -1.044144397306968064e-01 5.499963135136148179e-02 -8.669048828282782670e-02 -7.310700368794317838e-02
2.017680808256938907e-01 -2.374630984469557338e-01 -4.396389364017534440e-01 -2.986131797377009067e-01 4.331063782012053998e-01 3.668350678626061123e-01 -2.064592819364484688e-01 -5.421635264113546793e-01 -5.207087225006508113e-01 4.964080696765801881e-01
2.846744516816140380e-01 -5.204763601964754738e-01 -2.169166633754581602e-02 -3.468138052305040908e-01 9.663774272272797339e-02 -3.000343926350916290e-01 -4.191080883529251233e-01 -6.661027985416120845e-02 1.074186002392879709e-02 1.823357266288586909e-01
-1.192171209322663988e-01 -3.022459867693341184e-01 -8.265037116696931363e-02 8.000989482119262586e-02 1.567942112690096368e-01 2.283354981397906769e-01 2.529618306865780708e-01 2.132880746337755817e-01 1.348622718409603072e-01 5.382891008978355624e-02
-8.567280469415873290e-01 4.480019123216427146e-01 8.873785690405172621e-02 7.382878024616246204e-01 -2.690619769433467701e-01 -3.180078932919681578e-01 -1.516125334639745470e-01 7.626532727960213531e-01 -5.120520416837971711e-02 1.404217799706417857e-01
-2.459853629842059797e-01 8.416265255427678171e-02 5.662219745491494649e-01 -4.035823326315168824e-01 1.997641895612187191e-01 8.076356678225841135e-01 1.953875616505747204e-01 -7.698457524696993015e-03 3.371765897878198359e-01 -4.152768811496863055e-01
8.173866946852740428e-03 1.463202543528950850e-01 -6.066423066186055896e-02 -1.625410154181361477e-01 1.850839504683440273e-01 -2.230246555166891798e-01 1.359744888785748961e-03 1.833108928737647164e-02 -1.293924192451724638e-02 -1.455187831247296559e-01
7.822944561057135204e-02 -2.364715551690638184e-02 1.578205318375742461e-01 -1.360604078552665915e-02 -4.076595489674757211e-02 -5.065297613797596632e-02 -2.752090306892543761e-02 2.957606855567192911e-02 -1.502068783123370055e-01 4.939759637159762268e-02
-2.860221173431099495e-01 7.678214462825672104e-01 9.168481906109239299e-01 -6.230554104342648225e-01 -1.039443065792711729e-01 -2.628315995071571765e-01 -3.136607895844389926e-01 -2.216896909686882911e-01 6.831938198243304727e-01 -4.100216555836451726e-01
-3.401899201025113118e-01 -4.368372215967755157e-01 -4.452059244007647298e-01 2.756068298777004100e-01 -2.321979291624077790e-01 7.253347871730422280e-01 -2.110156255509920420e-01 -5.147026476318190547e-01 7.570392846739353032e-02 4.408454654196081179e-01
-5.076159485084631440e-01 4.419968721863135053e-01 5.394819509300204929e-01 -3.209606842485961398e-01 -1.564295427038635278e-01 3.176709586000094343e-01 -3.198918145524689005e-01 2.313581806465127844e-01 -5.809618034287515886e-01 -7.124965656160179295e-01
-2.359165632474755914e-01 -4.543935364064362048e-01 -6.269856152953606765e-01 -3.962329937629096577e-01 3.807997997859416395e-01 -5.392217261445091392e-01 4.849217120082539856e-02 -3.190505458947078266e-01 -3.677388889952472040e-01 1.493591794468519807e-01
5.266788740805792429e-02 -4.880106994033617945e-02 -2.508205855434467724e-01 1.791304115463367708e-01 2.431362274257721154e-02 -9.538266611132785455e-02 6.911326519835976623e-02 -1.807253298062248478e-02 1.052958886967160501e-01 -2.408905151790726451e-01
-2.605445148929136367e-01 1.645184142195399157e-01 2.009636892482931647e-01 -1.505658444082657033e-01 -5.829071621485436561e-01 5.626781731839485268e-01 -1.281836554661333616e-01 4.404766604593138291e-01 -1.796686494554141644e-01 -5.512770329390823676e-01
9.044494313817379172e-02 4.475123158397446149e-02 8.826554877249063666e-03 1.095502054076482185e-01 1.213788745833934563e-01 3.833179339454116652e-02 3.850435345162432632e-02 -1.514523305612710223e-02 -2.805831382977080207e-02 1.456465275864598716e-02
-5.664099205659086644e-01 -2.822436495278257129e-01 -4.573836160975418563e-01 6.329997860239700014e-01 -4.810280561200518390e-01 6.959637497336080836e-01 -3.439111505065143848e-01 -4.628217760710283679e-01 4.828199356552813071e-01 5.607219855875520409e-01
-5.397575889226186030e-01 -7.966282804741695034e-02 3.621855710122591221e-01 -3.933255462731613528e-03 8.202062956551159356e-01 -2.675227935310897087e-01 -2.275622755745051462e-01 5.784400606617072782e-01 -2.557546494398642012e-01 4.230324207712980455e-01
-1.064916773512004644e-01 -5.776584537682632331e-02 6.303392055974228747e-02 3.505375283682266030e-02 -2.544322513272047337e-02 -6.720120518538617860e-03 5.776843651418016312e-02 -4.034044084415096092e-03 1.605280224786433466e-02 9.177445972786762995e-02
-1.107777730720979625e-01 2.420113297873594804e-01 -1.311475583290057541e-02 8.954032292499190804e-02 1.951103164560248904e-01 4.211866804755049626e-02 -1.824243024000103686e-01 -1.473987810816839994e-01 -5.858381953890314658e-02 -9.513026910246046020e-02
1.497653428557943478e-02 -8.044208186354659396e-02 1.266522382500046527e-02 -1.829059827099090707e-01 1.144168825589262639e-01 9.651320256548139020e-02 -8.678921091957576828e-02 -2.821120939929317450e-01 -2.876502134396806132e-01 -5.790991327790269150e-01
5.247065254528713307e-01 -1.231861687717369785e-01 -5.318564173870407030e-01 -5.677370507716701376e-01 1.286040824247622061e-01 8.773866166914642828e-02 -5.218756609108080591e-01 -6.689162190407986486e-02 -6.304528166469081096e-01 5.168139075317598197e-01
4.635292406388098474e-01 -6.374716481869963092e-01 3.791382815507557957e-01 5.758620566439521804e-01 6.317772418049713012e-01 -3.031586864339312348e-01 4.020420862871684209e-01 1.683988264656227918e-01 -1.219745821725985724e-02 4.824484412640198672e-01
4.274572049703697085e-01 -4.512715633443414309e-01 -3.985836517251510336e-01 1.715888278582620163e-01 -1.398116650488708812e-01 -4.175557425356286045e-01 5.121917464250547170e-01 4.291067071751405448e-01 -1.289083721957416107e-01 1.139081070598397388e-01
2.108583155092642880e-01 7.913759012638540424e-01 5.092337938565090205e-01 6.020244656585663767e-01 7.222382923308177105e-01 -8.032293015025577798e-01 1.673318157992979005e-01 7.944223175980253959e-01 3.091410310204394940e-01 -8.709362089273284813e-01
2.999259299878510032e-01 -1.236720666717999878e-01 5.631220863101529112e-02 1.386750350180141200e-01 -2.026777404644665992e-01 3.969328465144263407e-01 -4.075371910816358301e-02 2.307429127959284842e-01 1.448727463987832254e-01 3.400861599706629934e-01
4.361975553875463429e-01 -5.495261350528667377e-01 5.600345639567686495e-01 -3.537657979031331723e-01 -1.781846557475632031e-01 -1.577170200954177981e-01 5.536365523355816221e-01 -4.500215803160227956e-01 3.280893397902328590e-01 -2.348982741295030097e-01
6.766408229201846813e-01 -2.550023102381502316e-01 -7.074545108679611838e-01 8.932608977926741467e-01 8.626413038407462763e-02 9.340964823349880986e-01 6.929458141926289061e-01 -2.708397593376993817e-01 -9.290467031568092060e-02 7.890382425157093094e-01
-2.179371841535496512e-01 5.464760849544455547e-03 5.589448321638624401e-02 -5.295102678190737322e-01 -4.324934236111208086e-01 -2.341909874008885617e-01 2.248064984579292713e-01 -4.106632606855886158e-01 -3.001686979552510293e-01 1.459701026658427880e-01
3.798391090195098272e-03 3.482095698668440098e-02 4.858934915661943486e-03 6.598372107976037404e-02 -2.890381919292040521e-03 6.095440257147502483e-02 -2.386977987238441529e-05 3.669170695616517236e-02 1.100210648324058578e-02 1.944985561996116080e-02
-1.246313306753925459e-01 -6.044313687590413542e-01 2.788081997636062126e-01 3.246722949044780065e-02 4.878863005996099678e-01 -4.550490419104306627e-01 2.436789990371208414e-01 -3.972554815224974556e-01 7.160865609825647349e-01 4.418736469561180824e-01
-4.827964000479776918e-01 6.683166747177411438e-01 -1.043265614688344833e-01 -1.644117007625114091e-01 4.582876017016851988e-01 5.147113645141776495e-01 2.667361281988792632e-01 4.611456099470064851e-01 -4.655666246332187397e-01 -3.976708209072140066e-01
-6.887152376900168571e-02 -4.291194208509217511e-01 5.971338446646734521e-02 -5.484929269942466490e-02 1.677932833915304900e-01 1.709272407711210084e-01 1.174998565724451050e-01 4.195072984871460187e-01 -2.874225270161901435e-01 3.365495862850524933e-01
-6.778411284818667282e-01 3.950884663491524007e-01 4.485116928016850690e-01 7.208197235084350396e-01 1.308506458552309570e-01 5.897053340778801722e-01 -1.914732486218634344e-01 -8.702956127245317641e-02 7.060012909078613452e-01 9.206217442244857274e-02
-1.492430806093249518e-01 6.247574739632266727e-01 -5.618547303606055143e-01 1.918709955540683354e-01 3.068827171751717375e-01 4.213703532693782727e-01 4.005339486298882812e-01 1.157161305022498532e-01 -4.276616433451030375e-02 -1.580814566535417853e-01
9.715742691303052431e-03 -9.931706399687979109e-03 1.624018172897077200e-02 4.661222275346851851e-02 6.114642944945804931e-02 3.106769904163063020e-02 -1.787053518831160362e-03 6.175674439451313280e-02 2.563657820879556432e-02 4.180856302434036997e-02
-4.907501510436036996e-01 5.982420209380236997e-01 -4.899424435973336878e-01 -5.521267875159759607e-03 5.720941522978505445e-01 -7.475860017619737619e-01 -7.993036650861399250e-01 2.623863359045633947e-01 -3.388812588994527530e-01 -7.029608666162359132e-01
-2.176050226146000466e-01 -1.765529259701373033e-01 8.344473265008169049e-02 1.393056987012376291e-01 1.466912199187951626e-01 -4.232056742208197830e-01 1.135474359169525577e-01 5.770876047129439579e-01 2.117697270729020642e-01 -8.348311797169354065e-02
-5.441202835980448738e-01 1.975898021226906442e-01 -8.117419207317840835e-01 -3.336360922346109925e-01 -6.752655776044519387e-01 7.840360476104026033e-02 -8.327424955318389888e-01 -5.073507410714893640e-01 7.993126226601889872e-01 6.882450918295409670e-01
4.556215601101953894e-02 3.783463078087346415e-02 7.892163517068236100e-02 -8.342244525318461001e-02 2.322940130341713191e-02 -1.554260684711717549e-02 4.670209431814568161e-05 4.432172405102291837e-03 -1.640426346372335711e-03 3.116648831648758614e-03
7.666375550089714330e-02 -2.086591863373215006e-01 2.927997397355568965e-01 4.345227882887053861e-01 -4.851120111459188422e-01 1.819006503624381876e-01 2.304876834831566523e-01 3.644810972426128920e-02 -4.982599001982212505e-01 -5.602053120675969389e-01
2.685490494947562201e-01 -1.347613534450349260e-01 2.667998544924186088e-01 -3.991645976363137477e-02 -2.263667114749361720e-01 -2.667245656931399589e-01 2.289795378597802578e-01 -3.042685326925922418e-01 -1.445591553286062481e-01 3.354498266433294518e-01
6.966319081318033124e-01 -4.807572246336815347e-01 4.769433407359329191e-01 8.245776610972453957e-01 6.135238623453082019e-01 -3.283555426514021824e-02 5.271035832012653799e-01 6.937171542584215089e-01 5.925014692418313356e-01 1.054383975623057190e-01
9.330575529692419767e-02 1.162459114775934305e-01 4.671326298394586907e-01 -1.443009527425935523e-01 1.885686497983123378e-01 -1.978423491595330541e-01 8.905202288270834543e-02 2.666551198507411402e-01 -3.731344590596329391e-01 -3.569827581783404091e-01
-3.577334802124410573e-01 1.338042327036934875e-01 3.854907368841983262e-01 -5.820178850400292703e-01 5.708114608188221695e-01 -1.236971915551863810e-01 7.216238515661491659e-01 -5.611958139916566335e-01 7.493841548500612681e-02 -4.129222383881904490e-02
1.615471745367804135e-01 -2.247552744181477158e-01 -4.276841454948586696e-01 1.367524446235067991e-02 5.100091027704776320e-02 -3.069289195176432526e-03 3.921171720197334509e-01 4.050783418321331486e-01 -3.024270419078178146e-02 -5.228532358790481949e-01
3.058881147497429231e-01 -6.166314247322864928e-01 -4.758064050727301431e-01 3.018985131489138746e-02 1.556795691607219811e-01 2.928667814708703077e-01 -2.639728769355100257e-01 2.012371832644586911e-01 -2.697660834087925452e-01 -4.039697470296035875e-01
-3.735957384651507340e-02 3.729591939697440295e-01 3.211409408330694881e-01 1.845812009685071919e-01 -5.857158160765257859e-02 2.224436309056528616e-01 -3.255824910871686906e-01 1.858040229928653586e-01 -3.908249822321459982e-04 -4.207934977881948035e-01
2.510512196689178022e-01 -1.880394683966700176e-01 -1.576754218330957413e-01 4.525768430273104936e-01 3.882495929428971815e-01 4.648712033913863784e-01 6.947270949217805303e-01 -9.258597482104008458e-02 -2.946566346932543712e-01 3.392450111728239626e-01
-5.136793083174179264e-01 -2.192008591428742104e-01 -5.277395445025711423e-02 -1.183199236992625580e-02 2.636090259585691653e-01 -2.516304700637646552e-01 6.843445482353880879e-03 -1.845543408176848477e-01 -2.872766159830332788e-01 2.409609260500701067e-01
-1.857933159602291329e-01 -8.661313064300200926e-02 -2.814985929631090289e-01 2.913261472232122617e-01 1.944816642333037360e-01 3.440695393809758418e-01 -1.428175255961526280e-01 5.345414557590207061e-02 -2.651131398634949416e-03 -4.065611969683093074e-02
2.171981968095422766e-01 2.400557087496097697e-01 1.759156529763412635e-01 -2.168036045016463742e-01 -3.669319855862023805e-01 -2.441973169112222619e-01 2.281727398486627367e-01 -3.218142750682632114e-01 3.563792887071488558e-01 6.536558627328120652e-02
-4.742220899970599760e-05 5.338746458853537158e-01 -4.411291551493808916e-01 4.751114664421804412e-01 6.464727356858059881e-01 1.770080533225384667e-01 3.232312311047145781e-01 2.758102037142495244e-01 -4.689721410915848598e-01 -6.462543894713494996e-01
2.873320860162181800e-01 -3.786326978366466589e-01 -4.071186946641431881e-01 -2.369086015946363921e-01 4.802651875492312539e-01 -5.875289525412435987e-02 2.113995483723214719e-02 5.273471872835222563e-01 2.665674585291760712e-01 -2.499300705259205613e-01
-7.201540874582580687e-02 2.985953290418620343e-01 -2.518143978756693935e-01 1.814225011064162785e-01 -5.126792147867941241e-01 -1.678726899432604336e-01 3.093526409671997768e-01 -2.771604755479619708e-01 6.701652367647306097e-01 4.529704838657173105e-01
-2.501776459699563832e-02 9.801256036180444609e-02 2.324399299067767821e-01 2.117923264476141709e-01 7.646268982969262051e-02 3.770199507450012755e-01 1.745414755991768208e-01 -1.020784267472173157e-01 9.195134451197504999e-02 2.682539232665375750e-01
