6.283991892583795646e-01 -7.928321056065876782e-01 -1.144906234217907409e-01 -6.189556547624590621e-01 3.215102170988350383e-01 -4.556560842787864551e-01 3.523946047023168715e-01 5.920630183057647988e-01 8.050178620920240835e-01 7.072165071287814797e-01
1.490895984059549262e-01 1.206544715078028129e-01 -3.865915786656256015e-01 4.044239423945683587e-01 3.950895414123352101e-01 -1.072498043399774809e-01 -2.524054734171318204e-01 -4.304759694177321960e-01 5.160197325258459866e-01 -2.687893950721685909e-01
2.782355702475104442e-01 4.414094026586415920e-01 -2.009332037312983738e-02 6.556389621419451696e-01 -5.670049621085757607e-01 -2.936808629372230639e-01 5.543252688421385077e-01 2.525289723208090642e-01 6.817792004815634854e-01 -2.658797343485717612e-01
1.686910776103713594e-01 -1.683071911608545745e-01 -3.879052932655017993e-02 -4.069012942246044012e-02 -1.369857647983042659e-01 -1.232891122405297413e-01 1.772719491271644299e-01 -1.422666778221138295e-01 1.291745422979437008e-01 -7.780518866232702391e-02
-5.491711295656066284e-03 -2.561536244852123927e-03 7.778166451827144001e-02 -7.259890499027791926e-03 7.797633882375723524e-02 2.186922647225126790e-02 1.294590822539222648e-02 7.025102093554949634e-02 6.348489629299561808e-03 3.936867140184676511e-02
-4.455956825824937684e-01 -7.468029842575176769e-01 -4.071647440126703599e-02 -7.938771293147985908e-01 7.015542587845486899e-01 -6.938514437938433366e-01 5.530751246276082167e-01 7.120004645311125424e-01 6.743477991374244862e-01 2.297214110896661221e-01
-4.650330721787807736e-03 1.704467214976964073e-01 7.053607847472546932e-02 8.181953646426570748e-03 -1.397572889740918665e-02 9.207822504728383275e-03 3.692152246397257392e-02 1.308326927415587142e-02 6.688323824415136343e-02 6.196491810376316550e-03
-5.348149218011148953e-01 6.801030804135164143e-01 8.237205515660095401e-02 6.852386933738391361e-01 2.255817904469292479e-01 -3.245045163920087239e-01 -3.837768537988318074e-01 3.201197731408686464e-01 -6.045899087862156573e-01 5.596384471576402175e-01
-6.964208490096497617e-02 5.906024554242153002e-01 5.498510049143863210e-01 -5.612181063636050293e-01 -2.794429928135888086e-01 3.687374940691116043e-01 -4.158018117582888973e-01 7.203501815692926469e-01 5.173668217664794122e-01 -1.895951037626606439e-01
9.266892296812516069e-03 -2.877418714686868356e-03 -7.102948598763690093e-03 2.529436017533319772e-02 9.057902325345464078e-02 4.786792435473387342e-02 1.426667345394585541e-02 4.580138352908350030e-02 2.922588264585673432e-02 1.071751340538179380e-02
-1.178612691917275447e-02 1.053039380182037993e-01 5.757035871637691121e-02 -5.884690918147514327e-02 2.099799308658462649e-01 1.768444927489980570e-02 -2.652246317784842308e-02 1.417384279713781049e-03 2.846786004981984031e-02 4.832598582882648153e-02
3.422659140279965539e-01 -3.188781059596694778e-01 5.953469181826095413e-01 1.864064714018971447e-01 -3.493796632673777658e-02 -2.090151400516170044e-01 5.402668279864484280e-01 5.067674632135256152e-01 -4.532646989967156759e-01 4.087016581727418441e-01
-4.216106547559184681e-01 -4.410688686313797569e-02 4.409009818277845882e-01 5.794322260887436737e-01 4.671255954806948218e-01 -4.566845150994388036e-01 2.075378668829273854e-01 -1.356694534901691507e-01 3.157783470925935032e-01 -1.274740491925781816e-01
4.147731218068686498e-01 2.017459795770858710e-01 -4.653779658859820145e-01 6.353194786696151342e-01 1.748624350883341561e-01 5.341324145588808442e-02 7.437969972350066961e-01 -1.599387719676522157e-01 4.121352924770075865e-01 2.881643928792015918e-01
3.105273272076679580e-01 -5.498673424338234028e-01 3.618836015290368691e-01 -2.360499284605920844e-01 2.915112179484242172e-01 -1.801141036876477419e-01 -4.542375216596056808e-01 -1.669525250261985616e-01 -2.012457533756026318e-01 -6.821064561454001085e-01
-5.720771231303853821e-04 1.784600704486107026e-02 4.846614009946950685e-02 1.739231421711601513e-02 6.306654611088288558e-03 4.699100673564020336e-02 3.930996339039811820e-03 5.935044166067077187e-03 1.970725621832271693e-02 4.158092312154990089e-02
-3.930054083877545512e-01 9.616222333763056740e-02 -5.315730016519786272e-01 -4.542076978657744735e-01 -1.393464008188502121e-02 1.918538959068775696e-01 -4.260065910322693300e-02 3.543756956903945099e-01 9.486139181918455676e-02 2.439144975862779230e-01
8.297674810804286372e-01 -5.337672772486451445e-01 -7.693720673984862923e-01 4.700892810463673244e-01 5.959982670861655452e-01 3.149311585939029712e-01 1.115673336757775774e-01 6.657051934475566313e-01 8.042207186467290603e-01 -4.411909305217808219e-01
1.352308637340231354e-03 4.157636034172296213e-02 -5.882160004229826100e-01 -4.764603858627011745e-01 -5.776094144007899445e-01 2.849466067791182611e-01 -3.636251052112728921e-01 6.711666235170705708e-01 6.696551598238460745e-02 1.281922163427974722e-02
-3.533436510575722889e-02 2.315130411086834539e-01 -1.318437642145489086e-01 6.108033376690143179e-02 1.876661630562698468e-01 -8.632732242382758214e-02 -1.917041475953991936e-01 1.299296705031840193e-01 1.370608581646774460e-01 5.156952275089313198e-02
-3.356397490504048082e-03 -5.372653389703058169e-02 -2.320930633527580611e-01 3.593687051408144262e-01 -4.024232519716569589e-01 -2.502399630787920798e-02 1.744237786014948555e-01 2.000388751364766682e-01 -3.017009800991205526e-01 1.701740987958811624e-01
2.732750286281767083e-01 -9.119139471501995498e-02 -2.159121352821163631e-01 3.989528920961060154e-01 2.620271335988620942e-01 1.630026893515199304e-01 2.055623530405728261e-01 -9.011160357656940179e-02 -1.241561605872268520e-01 -2.127226142772848938e-01
5.689497383413590764e-02 4.102579196012680063e-01 -1.931007245712479670e-01 1.685830736555458120e-01 2.499548989673002486e-01 1.278846760037729291e-01 1.002042258352211918e-01 -4.624342685312559514e-02 2.404942739582174582e-01 -6.911334148209158368e-02
5.222696775902445632e-01 1.115715946623077881e-01 8.166469729457644933e-01 -8.842782107272459946e-01 -3.956656499456722709e-01 8.720732491803594166e-02 7.580099634431071154e-01 -7.725678636416598577e-01 -2.093616720383819907e-01 -8.075154813612009930e-01
-6.267589507516960756e-01 1.824621456237214556e-01 1.298756847721741284e-02 -6.612595278708233160e-02 3.361512975401199088e-01 -1.328943522842127856e-01 -6.820381009049771848e-01 4.611089425771490724e-01 -6.513850542917644093e-01 -5.969260965212660475e-01
1.085773925206308735e-02 -2.827690722232553341e-02 -1.622834692785965829e-02 2.433165641989839534e-01 -4.834434904211175610e-01 4.132984287453304595e-01 -2.035066341146746505e-01 -2.466140256138741119e-02 2.159367313948629685e-01 -1.158504548774652171e-01
1.708102016145972291e-01 -6.254711511881931862e-01 -8.082459524937884998e-01 -8.181524217858536507e-02 -3.100979523394856718e-01 -7.991839805609673997e-01 -6.672130017507869049e-01 -7.253298883488977777e-01 8.636781059465434840e-01 -5.173713643921655780e-01
3.679036041778089294e-01 4.726756531812103534e-01 -4.056751889727306520e-02 -2.681037244344298687e-01 4.401096363626526009e-01 -2.751439891664079207e-01 5.124061327661000309e-01 3.510724919418433121e-01 1.542874463637776694e-01 1.384222195016037160e-01
-3.188968611106436923e-01 2.914441036148956443e-01 -3.586264085867048312e-02 3.164917986079159723e-02 -6.894447730917999673e-01 -2.360938846209575670e-01 3.316787512431087492e-01 -6.518191600749081438e-01 3.849016003967063448e-01 2.363902989587745706e-04
-1.713764097794488184e-01 4.739895345507757485e-01 6.117290232656387161e-01 -7.225402608027799156e-02 -2.097263522617084652e-01 -5.378243802864808298e-01 -2.582452646690232556e-01 -4.053974479780909079e-01 5.175777571601506422e-01 3.560933711850186034e-01
-3.800905177555172210e-01 -5.387788980882797230e-01 8.694021806061674740e-01 6.501982105387716926e-01 5.097036197278970171e-01 -1.409846235889705146e-01 -6.751915387820573988e-01 -8.342473414075138316e-02 -5.768718104851137118e-01 -6.630501488939420929e-01
-6.663847509575926420e-02 -1.097936778039170225e-01 -6.909850424545698200e-01 3.335584664170315183e-01 -3.806624305674307096e-01 -5.777655276039845855e-01 7.966166148819008308e-01 -1.523624446579822100e-01 -1.318415406063001005e-01 3.553158626193243519e-01
-1.490317301324210753e-01 6.062015916972741669e-01 -4.884517810015129857e-01 -6.683624003515551415e-01 2.552148061078420294e-01 1.323353334056099062e-01 -4.349212388894636849e-02 2.567259365145885819e-01 3.155264862399441705e-01 2.474397099264176170e-01
3.090023081096551216e-01 6.333938270994327047e-01 -2.221718579365273005e-01 3.524068976689923582e-01 -6.098543641444430508e-01 -5.777776088849350122e-01 1.093919515315757152e-01 1.922044649835313590e-01 -1.169632174211830272e-01 -4.400699818676915287e-01
-3.426758458479148978e-02 3.182622151953534706e-01 3.509882124295086170e-01 3.131733588243147404e-01 5.173866186288558211e-01 -2.782226023401452863e-01 -3.699648921797566992e-01 -5.300553015475532870e-02 -5.640653820508284566e-01 -6.190053435569577850e-02
-3.528164511458528052e-01 5.883995925102535329e-01 2.759103568785114535e-01 4.286760901872114782e-01 3.995944458212715156e-01 -4.517664305273705327e-01 3.555544506448787279e-01 -2.597860176337082327e-01 7.164193673068027790e-01 -4.218358761744019914e-01
1.069496283082292387e-01 3.688392442718788772e-02 3.622653779516640804e-02 9.502511303456143837e-03 -7.154635551323990268e-03 -1.073958439422263537e-02 9.171624933882868355e-04 1.812606267662725257e-01 -1.059002822063986535e-02 2.095147925800762770e-04
1.328430631530208572e-01 -2.618067200430246669e-02 -8.643405212203332869e-03 -1.620684928052927021e-01 -2.119622755797099800e-01 -1.230401028412090453e-02 -5.456741079115921822e-02 9.068171446156590709e-02 -1.121475178195588951e-01 -2.717840459658179553e-01
3.826883204802671301e-01 -5.489188540107883263e-01 -2.853874348268597427e-01 -7.031822078975574764e-01 -6.881047453852630336e-02 -6.939284236582972110e-01 -2.036039125951261131e-01 -6.342003517807243140e-01 -2.100977984808262075e-02 3.134027589444369766e-01
3.268917135659503426e-02 -7.461641256607652595e-02 -4.488199874823257246e-03 -2.415346181415423989e-03 1.706543723687845293e-01 -8.253488789717792042e-04 6.806574485757987958e-02 6.020257467010207281e-02 -1.932072829992650606e-02 6.366882746089329304e-02
1.118766382690902367e-01 2.472945226301205557e-01 -3.260513541518064023e-02 1.189097544136373252e-01 -4.141783181313662965e-02 1.593341422132417140e-01 -2.729422371207079201e-01 1.781246298956621898e-01 -4.820761898172437263e-03 7.277170808813433756e-02
-3.817964987567183943e-01 -4.019503693634511599e-02 5.792770403299195570e-01 -5.075549605566451877e-02 -2.527490137325698605e-01 7.107728574049110293e-01 -3.183655523561541578e-01 -5.166054797015354749e-01 -4.078414159959999341e-01 5.440745023172631756e-01
5.803769516257710759e-01 -7.566790193066685877e-02 -2.596661032473405739e-01 6.618634185313954088e-01 -2.619465907595361909e-01 2.617211441795552762e-02 -7.756142308050010259e-01 1.503463338736268362e-01 -5.354999381013401116e-01 7.418732075065743725e-01
2.451259267682213139e-01 1.666653183484110845e-01 1.173487513890895950e-02 1.141136072039264926e-01 -7.085114336597039819e-02 7.917651946167944543e-02 4.460073391223853823e-02 5.011056965751626430e-02 1.131574987774304625e-01 1.360723575178867939e-01
-5.198111830356528795e-01 -8.462895755339479020e-01 1.551240833615570858e-01 6.036040957102629667e-01 -2.752998307398145106e-01 5.896747796735593017e-01 -8.403434191158583033e-01 -6.965830043629640811e-02 -6.876773034036063326e-01 6.391876415397038658e-01
6.272776775310243830e-03 9.301297429275767747e-03 3.001483187125797772e-02 -2.482543380998713731e-02 4.073263701498452266e-02 3.610779039348886721e-02 -3.815449794423157737e-02 3.779733269127170253e-02 -5.491468592887476657e-02 -3.260627042173885881e-02
1.993847436765597003e-01 -2.352590549994017233e-01 -4.375900256510132924e-01 -2.987348591158081046e-01 4.341853640046666740e-01 3.656029887129743638e-01 -2.081897424202751312e-01 -5.314926807183942836e-01 -5.166828135421807078e-01 4.905776103507695773e-01
2.776386143354798719e-01 -5.072478578142093353e-01 -2.067260682843253747e-02 -3.376794196279934157e-01 9.774264668944782075e-02 -2.913161388563616505e-01 -3.917708742875382066e-01 -6.279025388217064629e-02 9.314419298869806504e-03 1.774305531699409688e-01
-1.091863250000677799e-01 -2.803549286011995934e-01 -7.608048567147381036e-02 6.775809820795933303e-02 1.772870931149153895e-01 2.106648844712619428e-01 2.306393837306794092e-01 1.907691509165076738e-01 1.194863153369823822e-01 8.264243570270712880e-02
-8.560113383988405822e-01 4.488475526744250543e-01 8.845541970854409186e-02 7.399098807008829271e-01 -2.688792179451118813e-01 -3.178981434608750822e-01 -1.515048431369419024e-01 7.620128245138362288e-01 -5.125788604415371097e-02 1.401553503646444654e-01
-2.417333787434562120e-01 8.392133573263470259e-02 5.651417221956643866e-01 -4.027990267763527643e-01 1.992499294622911143e-01 8.062168682551683618e-01 1.950751740931859768e-01 -7.678588017591122215e-03 3.365619108116665870e-01 -4.146491056131487163e-01
4.281730031496040127e-04 1.190829059874780604e-01 -4.402730012803660747e-02 -1.081167125996245343e-01 1.340194764181738274e-01 -1.620452932747812047e-01 6.693057697394373673e-02 1.730586479715251827e-02 -3.586988575161663244e-03 -1.121875343093525768e-01
6.887960448603769326e-02 1.134563807198500293e-02 1.877351714923853609e-01 -1.773211363572519197e-02 -2.747379337285716858e-02 -4.277566475295102588e-02 -1.902792408356785824e-03 2.956787342306754079e-02 -1.175797208420695517e-01 2.663864997544752519e-02
-2.852985300012486070e-01 7.636889685059125021e-01 9.145377709578044190e-01 -6.204770647270938522e-01 -1.044097379575995022e-01 -2.506028106829225610e-01 -3.172379572535605763e-01 -2.259479650863485678e-01 6.802773296953625870e-01 -3.988217769437903959e-01
-3.381705576132491564e-01 -4.366246802301462782e-01 -4.447480313470329460e-01 2.741957238823513610e-01 -2.327354845906026426e-01 7.276304596305083194e-01 -2.086257486560074703e-01 -5.144624482103428154e-01 7.501647078388831713e-02 4.383768960985747198e-01
-5.075780108048305594e-01 4.419410463912349929e-01 5.393869297719433575e-01 -3.210150686927893959e-01 -1.558019532988735856e-01 3.177757457851107525e-01 -3.198797030514554107e-01 2.311912294509069488e-01 -5.809817386184784604e-01 -7.119160394332672004e-01
-2.342317565513487854e-01 -4.526195425263416228e-01 -6.239061909944570994e-01 -3.853859705777359368e-01 3.786634286835341978e-01 -5.360324907499641744e-01 4.734545849203918716e-02 -3.167133124611751227e-01 -3.662767198643440691e-01 1.461844303867246286e-01
8.842648171555922421e-02 -4.136510374365033604e-02 -2.358972436532607297e-01 1.652323766223174062e-01 2.997413049250443814e-02 -9.296057263535457971e-02 6.557107467595210681e-02 4.615355181180078557e-03 9.452224185062281514e-02 -2.160362062975193231e-01
-2.561546278004049326e-01 1.630072573452715778e-01 1.971899015911355302e-01 -1.457211639430650019e-01 -5.748244104593229764e-01 5.618153914126895465e-01 -1.237675956937590027e-01 4.374423275821651691e-01 -1.762823414191060922e-01 -5.479866101662818068e-01
7.780173840180606981e-02 2.944461469091796610e-02 1.745379728665286470e-02 6.708312719975725869e-02 1.033682487520150156e-01 -2.493302923661411437e-03 1.167522889582372873e-02 1.582583333624082433e-02 -3.585273283931459873e-03 5.132071426160762263e-03
-5.656180783721502792e-01 -2.821692713094681726e-01 -4.565280682339926677e-01 6.323930607306886831e-01 -4.835212563988280365e-01 6.924146133853674723e-01 -3.441359402752899310e-01 -4.576416309844796304e-01 4.823489983026201244e-01 5.611575362844096748e-01
-5.398561970449944347e-01 -7.969614452828055473e-02 3.621456013197013601e-01 -4.025031998813499018e-03 8.202550116166895666e-01 -2.675034000810235235e-01 -2.276658987288610048e-01 5.788494343729508884e-01 -2.556565407680030377e-01 4.228043767769826267e-01
-5.676150111836629486e-02 -3.408288418511849077e-02 4.150794522368001643e-02 5.495907008486206752e-02 6.644832600772566066e-03 3.963245019983587664e-02 3.136537575810253997e-02 -1.132292334235408642e-02 6.051590418862169696e-03 1.168528202334373628e-01
-9.795055506874154883e-02 2.386029582034321639e-01 -1.795666600296988782e-02 7.418557272966022631e-02 1.707651142555949297e-01 4.431231647060582257e-02 -1.468388377105916687e-01 -1.388319124245741554e-01 -4.886596241166671351e-02 -7.347645856573847833e-02
1.333537831414528287e-02 -7.212651632811477309e-02 1.717025962711045406e-02 -1.691295364825304848e-01 9.514196615170240900e-02 7.335716569230572859e-02 -8.421000040621065552e-02 -2.403883929580664935e-01 -2.750750281034804456e-01 -5.420412178920496205e-01
5.193031368623881594e-01 -1.071268404036428701e-01 -5.275036165511058917e-01 -5.614445726571587469e-01 1.237955461201784430e-01 8.658222208787336172e-02 -5.140786743512052448e-01 -6.774266042648899311e-02 -6.209571323679621280e-01 5.118264128298902760e-01
4.614668597455682253e-01 -6.364432304980669475e-01 3.783746511150500313e-01 5.747295966209873264e-01 6.293721668203524633e-01 -3.050763192085664266e-01 4.009415139780369564e-01 1.714596444484026427e-01 -1.263438072954119196e-02 4.825945835600979894e-01
4.203803359483912483e-01 -4.469582511319168949e-01 -3.812451723385639757e-01 1.666044118002127095e-01 -1.395254926544899632e-01 -4.139165216263406277e-01 5.040488484491810750e-01 4.233014168506412100e-01 -1.276576841107526783e-01 1.121967818985365600e-01
2.125252298046778066e-01 7.906319325311605972e-01 5.095601485086481697e-01 6.024926944283981456e-01 7.222771662411864302e-01 -8.031494896254507410e-01 1.674360901985546268e-01 7.929006011126535913e-01 3.089599365837890632e-01 -8.702896031030353807e-01
2.787783125615329594e-01 -1.152401846934490576e-01 5.439404309575144453e-02 1.354962757064147871e-01 -2.039655643860274759e-01 3.629563646220690387e-01 -3.266987702487434558e-02 2.358923555700961072e-01 1.415817452667662013e-01 3.458493741848473468e-01
4.326243474757232033e-01 -5.401033334796833119e-01 5.568045527813649809e-01 -3.539451771205747166e-01 -1.763203955589602578e-01 -1.598092876132363727e-01 5.548626965483863804e-01 -4.462905432730369104e-01 3.267865299012010505e-01 -2.329567088177898482e-01
6.766387347234890104e-01 -2.550036001543870556e-01 -7.074584532560286299e-01 8.932583712407800025e-01 8.626010642852723065e-02 9.341072077569158028e-01 6.929450204352914922e-01 -2.708447988666320971e-01 -9.290677505436950590e-02 7.890342439403916774e-01
-2.179945744820645792e-01 6.818449605415959416e-03 6.157159729159001477e-02 -5.225418019265691827e-01 -4.277979097354393523e-01 -2.354658662714350648e-01 2.182675613252700597e-01 -4.071773663250282116e-01 -2.965314775411507231e-01 1.435395355326579137e-01
2.258688081653105733e-03 4.775478440822659987e-02 1.192863715336732466e-02 7.620857206816125662e-02 3.735069293726318157e-03 7.358503523260861989e-02 -2.890958125341916863e-04 4.237468355977819928e-02 8.819096473995056973e-03 2.042488324840546071e-02
-1.264374130762103143e-01 -6.032617046286266049e-01 2.759394745779641389e-01 3.317554847273854191e-02 4.914836484509712000e-01 -4.559589783254174300e-01 2.465605664405187414e-01 -3.979978095017651651e-01 7.147877781076328318e-01 4.420008706294468181e-01
-4.829325393055946547e-01 6.730331168738152847e-01 -1.038001462773800454e-01 -1.632002709683614272e-01 4.561460432024601053e-01 5.138793511968987593e-01 2.683180366848112453e-01 4.599288594973466315e-01 -4.633286392002801679e-01 -3.978649058098300273e-01
-6.597865630349507293e-02 -4.161590269799148034e-01 5.558955999056924835e-02 -5.753168072437291752e-02 1.564948150948267114e-01 1.753652134642455784e-01 1.132704783103417046e-01 4.109058434453309316e-01 -2.744463680754689050e-01 3.262983274140381917e-01
-6.774112488947620081e-01 3.952278691167980251e-01 4.481583086137586602e-01 7.199562541870622168e-01 1.306659634609056708e-01 5.890390743812182750e-01 -1.913511293530835988e-01 -8.480136996834081176e-02 7.054342474552197650e-01 9.196585933239181943e-02
-1.490546105802416921e-01 6.239284042720492085e-01 -5.614452444173235746e-01 1.915185782167378170e-01 3.063292445250630491e-01 4.254239162517376993e-01 4.000192595174662524e-01 1.155063417652673063e-01 -4.286087850083368511e-02 -1.581132190210232380e-01
1.160579234413255771e-02 -4.954319014918225073e-03 2.792423484191933897e-02 5.599759295122536118e-02 6.765926681484077387e-02 2.644596113550344921e-02 6.931109400688261618e-03 8.776325187333074151e-02 3.708727285325160578e-02 4.424426079534886369e-02
-4.907710056011998501e-01 5.991613454038055009e-01 -4.900836543142016444e-01 -5.600350666787524100e-03 5.722959736951844789e-01 -7.475717838512916380e-01 -7.993164517471104125e-01 2.622390195840416660e-01 -3.389285238975142112e-01 -7.029592347569217914e-01
-2.127722863239731865e-01 -1.607891002272429370e-01 8.067414002207247414e-02 1.388711845580002935e-01 1.419450722310617585e-01 -4.146762618535017042e-01 1.110579800821220320e-01 5.748892362560498182e-01 2.062185822875067798e-01 -8.253554276086903785e-02
-5.440111092673189930e-01 1.969222309620074218e-01 -8.100365150836188466e-01 -3.332345838261071558e-01 -6.752815420296993665e-01 7.864414819633100406e-02 -8.324880282639417484e-01 -5.071636059181867662e-01 7.999367320031930406e-01 6.872867409740812672e-01
5.113130639765242624e-02 2.876243059909868241e-02 7.844362384551145650e-02 -4.514480366443228421e-02 1.382510918765375921e-02 1.983318327213472523e-02 3.726216888216709461e-02 3.148981121789969084e-02 -4.605731965473371450e-03 1.391163655452751398e-02
7.511311731280964632e-02 -2.052271836442536579e-01 2.922492690654341918e-01 4.342255087194634156e-01 -4.835623217059230594e-01 1.852587368221004505e-01 2.256220180954764398e-01 3.668747025357877584e-02 -4.950621996702355143e-01 -5.559112348501902279e-01
2.169401475815065927e-01 -1.179677525684217770e-01 2.187987735682956625e-01 -2.770620639218610362e-02 -1.954593075048965678e-01 -2.262410438777947563e-01 2.263517221548821956e-01 -2.487778710205304500e-01 -1.132158388986827524e-01 2.876974366443873499e-01
6.965916054640904909e-01 -4.801123375409593885e-01 4.768199671422320152e-01 8.245669247364354471e-01 6.134396111498237047e-01 -3.285766332309567050e-02 5.271087584415615757e-01 6.937010890498015447e-01 5.925103125868697029e-01 1.054225702760092087e-01
9.640033285606321167e-02 1.152013605961387382e-01 4.723567361543499765e-01 -1.433377663056384643e-01 1.862861593293611284e-01 -1.968460297643478962e-01 8.844035149895249082e-02 2.649569036072314532e-01 -3.722026631748575620e-01 -3.560041962113634217e-01
-3.568884844107497734e-01 1.337324439855004932e-01 3.852092160203988147e-01 -5.816115852787325791e-01 5.703663601313339049e-01 -1.210492342943676886e-01 7.210911281948868545e-01 -5.607944742506197899e-01 7.488394715779995992e-02 -4.131687113685261065e-02
1.566766998443100134e-01 -2.166007532545875247e-01 -4.133803751391817993e-01 1.398318352327860073e-02 5.160008796270397491e-02 2.288681118431718647e-02 3.773483522958995806e-01 3.830008817432995483e-01 -2.839934127503937825e-02 -4.885388141998696088e-01
3.045520678136905968e-01 -6.141605786900717900e-01 -4.698485523196123670e-01 3.027766296817650110e-02 1.542648456381997824e-01 2.916701893448706007e-01 -2.634005324823037730e-01 1.999895044024690149e-01 -2.641823461063901868e-01 -4.028529992319160313e-01
-3.666228536321051307e-02 3.767038991133245251e-01 3.174394564441684885e-01 1.815001264275562243e-01 -5.227568461745552009e-02 2.234830481355667697e-01 -3.226562094903553946e-01 1.836428993905275253e-01 -5.969097858827507623e-04 -4.149817411288601599e-01
2.502511961763423942e-01 -1.880131367459388914e-01 -1.565647284605486411e-01 4.518212240707290550e-01 3.868563100175734792e-01 4.680268165714769335e-01 6.912593162865723340e-01 -9.433862624084066173e-02 -2.901988309924634635e-01 3.420790712701585745e-01
-5.102612870442649884e-01 -2.127390132162352843e-01 -5.519106151439880786e-02 -7.342399024213514327e-03 2.653056045409777353e-01 -2.341565762244579296e-01 4.480118352644576682e-03 -1.830678154996283613e-01 -2.864085505532501519e-01 2.386084007605438206e-01
-1.532162307474589369e-01 -6.668548554177540499e-02 -2.292190635673692634e-01 2.176220763261299540e-01 1.664506580896664145e-01 2.651869509717085793e-01 -7.772222482073409822e-02 5.530953607763838126e-02 -4.210873058012179005e-04 -3.457868526282913135e-02
2.121376926644357175e-01 2.411252639477655946e-01 1.721129322548351770e-01 -2.142392491157891210e-01 -3.643773451010063336e-01 -2.422963158991544852e-01 2.354505227294396708e-01 -3.115622273486072791e-01 3.503234601150126415e-01 6.490394074883616693e-02
-1.977607605532826288e-05 5.348331179425297455e-01 -4.410922018466352235e-01 4.749782363635442484e-01 6.462006591915863130e-01 1.769005528006135641e-01 3.234189764958310120e-01 2.757531295175349451e-01 -4.688996073496986550e-01 -6.461608194167439700e-01
2.811068961201360072e-01 -3.701798660095353410e-01 -3.902654798899443667e-01 -2.319729195827337220e-01 4.695869139800720737e-01 -4.592085329070871857e-02 2.085853853061123142e-02 5.159446809732262107e-01 2.611581984426082359e-01 -2.432794949075184343e-01
-6.714543401185099625e-02 2.965222014591512023e-01 -2.509815842078760295e-01 1.817100399269573341e-01 -5.119951368788246970e-01 -1.679927923444721194e-01 3.093827884564988584e-01 -2.793124700955563200e-01 6.671749237362040175e-01 4.498820968180154978e-01
-1.358410748511216723e-02 9.444699644319012877e-02 2.143078772209911775e-01 2.066820987919022468e-01 8.706175272275699928e-02 3.584599452509906192e-01 1.696503745960987741e-01 -1.082207385976459157e-01 8.722132112974834151e-02 2.562162389951693209e-01
