6.345663722769088189e-01 -8.110911760825084693e-01 -1.154570951759157499e-01 -6.247618768031246717e-01 3.272555200176076595e-01 -4.569385421358659327e-01 3.473856675819433359e-01 5.952059082382097355e-01 8.033741581281335087e-01 7.140385790025571833e-01
1.498235039043776806e-01 1.215176384722150976e-01 -4.021243300343411153e-01 4.095980494417064133e-01 4.041987693921337832e-01 -1.135744055305471650e-01 -2.517783659680781216e-01 -4.356761990939592710e-01 5.228964969772286198e-01 -2.713902722839192094e-01
2.919556324341928688e-01 4.517774783040390263e-01 -1.802229938416834154e-02 6.771270843231246284e-01 -5.941546484765188874e-01 -3.031683494618552799e-01 5.786448665816182890e-01 2.498309509770927084e-01 6.991190464202395871e-01 -2.763147766079658840e-01
1.548121283504728662e-01 -3.141145403996841168e-01 -1.131126335381352765e-01 -1.154354954584956849e-01 -2.569892533094236264e-01 -3.126406366967405259e-01 3.632147210841901175e-01 -3.274589533492986981e-01 2.421789426449064697e-01 -1.690287396721315560e-01
7.445733921096594349e-03 -4.376310621222593775e-03 4.124372115573534531e-02 -1.082112314765875521e-02 5.447938674484391341e-02 5.712415621877112507e-03 2.686832349474934864e-02 5.064927927652002060e-02 -3.195233098334197570e-03 1.295766259842859834e-02
-4.460623223212914490e-01 -7.495966729151499752e-01 -4.088040086810833945e-02 -7.942351965291730709e-01 7.032692344153421704e-01 -6.940373117623770405e-01 5.541355671884806711e-01 7.114433119610840128e-01 6.759881112144681126e-01 2.295544715230880273e-01
-7.948992428236240082e-03 1.117767695553829738e-01 3.633819085796009124e-02 6.027145796296740597e-03 -1.129011467993972645e-02 2.270181755564289194e-02 5.312272473397258721e-02 -4.077718758036480109e-05 3.435533397805161371e-02 -1.634603366299771515e-02
-5.407227688335385363e-01 6.888207517548611269e-01 7.051564832477984213e-02 6.940171349233881237e-01 2.287682405979811207e-01 -3.271232454929586808e-01 -3.874310699893491750e-01 3.235000002305176148e-01 -6.100392387145197048e-01 5.681289326362434222e-01
-6.899457300441293184e-02 5.947408429440671496e-01 5.556300140147674149e-01 -5.641030827474674547e-01 -2.814797674586416165e-01 3.717310120876257673e-01 -4.301241208449037567e-01 7.207814142503492505e-01 5.206184312843712414e-01 -1.900159558232756285e-01
1.975669644374622013e-03 -4.949365727514485995e-03 -2.198384530050917929e-03 2.080213710614153833e-02 2.170153212642627824e-02 1.952682391297815706e-02 4.440029556978684379e-03 2.254311357322101236e-02 2.568085308322205079e-02 3.056118793860357688e-02
-5.534444265203312258e-02 4.640494562281782115e-02 1.426578205335808647e-01 -1.936023986578574996e-01 3.087704243250042335e-01 -1.732399477852713393e-02 -4.775305742401659420e-02 -5.383281132387079254e-02 3.034268650726001590e-02 6.675121814468915060e-02
3.455156510585423724e-01 -3.215236228917766059e-01 5.921126569412257235e-01 1.880214979331916170e-01 -3.502945785291296243e-02 -2.106044250528385231e-01 5.448814030487145743e-01 5.092613082514805267e-01 -4.571179328016939936e-01 4.103925825400083771e-01
-4.406306501053899316e-01 -3.994411210101991155e-02 4.665011137958193221e-01 6.094630503239857333e-01 4.762609546032655627e-01 -5.052422526429150018e-01 2.113750110665861826e-01 -1.388487875763456669e-01 3.279820760178627781e-01 -1.344239674902602544e-01
4.333593384833925866e-01 1.878753446043714970e-01 -4.684962400161704066e-01 6.582437826284656124e-01 1.790763969546627365e-01 5.322439828280931678e-02 7.499504411298719697e-01 -1.730626167876217758e-01 4.176122972349016749e-01 2.856939218447358542e-01
3.161832785790421596e-01 -5.567469932868556182e-01 3.506361887184831772e-01 -2.400112141860126780e-01 2.947737411128272256e-01 -1.858063270509342779e-01 -4.627643174297089712e-01 -1.708555798490113131e-01 -2.011653214193747097e-01 -6.961618125689760239e-01
3.774332143934733957e-03 2.358428711785225465e-02 3.009713316525757659e-02 1.392026313005118900e-02 5.308126339844625565e-04 3.866287609647113543e-02 9.029153426549285308e-03 -3.556932630325085592e-05 1.913230766082940279e-02 2.038779518436238322e-02
-5.130658800016546506e-01 1.302978301438006137e-01 -6.482381491381881133e-01 -5.603161567525454245e-01 -1.397330264665846804e-02 2.669747907396189390e-01 -4.489493617969859268e-02 4.320103086007309190e-01 1.047530923662834401e-01 2.365805332063297683e-01
8.307186404789880241e-01 -5.340140295468512877e-01 -7.696578459309683096e-01 4.706721415515722762e-01 5.942443884373305174e-01 3.147143478466745692e-01 1.118528069463457508e-01 6.655849148726643572e-01 8.046689830881708083e-01 -4.410996423518866449e-01
3.055406622721873727e-03 4.379949418792312976e-02 -6.058366469295458634e-01 -4.840342038360018195e-01 -5.877912496599695391e-01 2.908135893707394781e-01 -3.696875419292675602e-01 6.681584736156953586e-01 6.944849671856355433e-02 1.312005185788141584e-02
-6.836693568969931523e-02 3.493260092186387666e-01 -1.632527232152616581e-01 4.757074904727585929e-02 1.712589428305116568e-01 -1.083912178871813958e-01 -3.067118103945994934e-01 2.563421739633737206e-01 2.291169208010035152e-01 -1.099766886757222277e-02
1.706060579303789876e-02 -5.927975737897294567e-02 -2.850892505299365554e-01 4.142979030424430720e-01 -4.749348009100798906e-01 -2.973887409856942540e-02 2.217263950152448537e-01 1.699768854956955344e-01 -3.549801076659469534e-01 2.047554913234194696e-01
3.087859719636412148e-01 -1.016574482391695844e-01 -3.147932528355356085e-01 4.510786794280177703e-01 3.004214437680934879e-01 1.762093346352844314e-01 2.532990085941502767e-01 -8.987213206666688770e-02 -1.423865219450395070e-01 -2.303073706716634861e-01
7.559912253369821533e-02 5.045807220435887253e-01 -2.863316215450429914e-01 2.124694278128981262e-01 3.123362597836308319e-01 1.619874534934607757e-01 1.209286004725691616e-01 -1.275434546055252416e-01 2.963852515553418998e-01 -8.058561874584643792e-02
5.230049076444202028e-01 1.102106263576111966e-01 8.178389692148069212e-01 -8.852271709982149073e-01 -3.964960106721838184e-01 8.761377486048078922e-02 7.592865887861189877e-01 -7.746814503939966068e-01 -2.098256758139333822e-01 -8.109446091252713318e-01
-6.433711275552006503e-01 1.855752183079766582e-01 3.329426885311464242e-03 -6.432704141023899702e-02 3.439972793703482412e-01 -1.452007046915269883e-01 -7.022287359698712317e-01 4.882690311197650512e-01 -6.736613222571163906e-01 -6.419613639896911694e-01
1.699950438592823590e-02 -1.101959182042451524e-01 -2.036121170587546630e-02 2.913556791209375718e-01 -5.500443089946430719e-01 4.879333125121282366e-01 -2.371396166928353144e-01 -2.622150768236489182e-02 2.529340820419203606e-01 -1.197607090053355028e-01
1.718452194015154533e-01 -6.265443748985627392e-01 -8.146900442375804019e-01 -8.149953522882440182e-02 -3.108467108385388200e-01 -8.004521600768348399e-01 -6.688914229519804522e-01 -7.262650157868996148e-01 8.657860235407308647e-01 -5.175443848139938963e-01
3.823156291098886439e-01 4.887050605829879046e-01 -4.345702037839318382e-02 -2.737804645732197506e-01 4.505832928938089954e-01 -3.098083497957648258e-01 5.344475486110868978e-01 3.663688316895826746e-01 1.618078883168609095e-01 1.440042867228381873e-01
-3.255924323281736421e-01 2.846755648169594921e-01 -3.298877866816192495e-02 2.803259444346582058e-02 -7.012890513260786607e-01 -2.572130305157293018e-01 3.344747030589415582e-01 -6.693104639995574034e-01 3.946395814031813942e-01 1.145463576750006037e-03
-1.830928406180751811e-01 4.889539118844917209e-01 6.201856789058795005e-01 -5.771913536508906789e-02 -2.527965123781644730e-01 -5.564297849791355333e-01 -2.599272249495095943e-01 -4.260050359911252138e-01 5.390227931465586542e-01 3.816456079702855719e-01
-3.795877353140595378e-01 -5.556747642504712426e-01 8.719030235438317566e-01 6.502010420227518628e-01 5.175472066542747829e-01 -1.409509415798342324e-01 -6.822528845472843884e-01 -8.119317042246562699e-02 -5.860704313488319661e-01 -6.616197893053582524e-01
-6.789765745379680584e-02 -1.100673707940136997e-01 -7.042863916500770038e-01 3.406293905592250870e-01 -3.872733521024088188e-01 -6.098944347798302967e-01 8.150116350755368666e-01 -1.480441534436690576e-01 -1.361546907164412901e-01 3.489454915295384652e-01
-1.540606331402555040e-01 6.232322415630620061e-01 -5.061706183664514969e-01 -6.830640387930754232e-01 2.458492828513620387e-01 1.321801529691896404e-01 -4.283729962015271620e-02 2.448653945474421334e-01 3.218492791446923573e-01 2.689222188950571857e-01
3.201371943714276247e-01 6.539467522389171839e-01 -2.251901434709272787e-01 3.699525911714032222e-01 -6.545883214600808353e-01 -6.010525935900125072e-01 1.101882405970687345e-01 2.080895362187323572e-01 -1.109352424411423343e-01 -4.537659049331838612e-01
-2.922919284647857233e-02 3.126459712488118270e-01 3.572305168213290583e-01 3.163497632566129592e-01 5.249437914039537523e-01 -2.941322844484406951e-01 -3.803153556037471850e-01 -6.127165080569211414e-02 -5.724692907984849644e-01 -5.995928845962705811e-02
-3.591303103900800875e-01 6.055430980069909097e-01 2.637768026585705083e-01 4.484647453878033985e-01 4.267850923741451918e-01 -4.504869919167032166e-01 3.753837834398176532e-01 -2.822484036234165217e-01 7.340650892669503547e-01 -4.302943116349046693e-01
3.818829920987884541e-02 1.100841922357390784e-02 2.733888761994457406e-02 -6.307912839483594339e-03 -5.758061864623158742e-03 9.219653777783429205e-03 1.347669391656329888e-02 9.948422906581264047e-02 -9.691809096285516900e-03 1.396960474348105281e-02
2.757902553154631953e-01 -1.428847112608716378e-02 4.309146707359140516e-02 -3.383871743622096084e-01 -5.116855778773091723e-01 -8.034124921822521220e-03 -1.278078877194692986e-01 2.491581828088105244e-01 -1.502619554030197591e-01 -4.978725480804077619e-01
3.891932701484815960e-01 -5.578567696089403727e-01 -2.920211532044423297e-01 -7.133452921882383890e-01 -6.961340730597125048e-02 -7.112770909377006401e-01 -2.032501231184661306e-01 -6.416595796633237647e-01 -2.377286782926492370e-02 2.929903482827141969e-01
2.716847211321192848e-03 -1.824059452525249869e-01 1.411662843259356426e-02 -8.424081804945411645e-02 1.503649691276515155e-01 1.003370325671399249e-01 8.773072021838621004e-02 2.120115198772255516e-01 -5.135015249340062898e-02 1.404210842619350308e-01
1.297013786892386722e-01 2.700054550964864353e-01 -5.672534001168502010e-02 8.032733054682081320e-02 -7.522277414420200370e-02 2.665900540934618701e-01 -4.045182798026240589e-01 2.226532003186662279e-01 1.280074047342600815e-02 8.717419499981959863e-02
-4.097303502944589781e-01 -4.488311763572665897e-02 5.933223034512776772e-01 -5.366781656709338627e-02 -2.568880597714179870e-01 7.381479604021007335e-01 -3.303715146636075350e-01 -5.444831091022658276e-01 -4.175657092240663282e-01 5.362057085980953541e-01
5.837499383763518068e-01 -8.021649549508340360e-02 -2.609048036087943667e-01 6.669615021216768191e-01 -2.629389702608400103e-01 2.368944528414815287e-02 -7.794052670096714985e-01 1.491676420017022109e-01 -5.369981018393142902e-01 7.456668450454718711e-01
2.734189984631976156e-01 2.124416308457107438e-01 -2.134169917281330750e-03 1.416179251773210801e-01 -1.021201461455110149e-01 -1.566741937608982088e-02 4.808842157874064493e-02 7.889581827173614004e-02 1.348188555489947815e-01 1.785172055646824241e-01
-5.177446412509595364e-01 -8.529373685717805964e-01 1.508059663933246919e-01 6.036990277198736043e-01 -2.725118614009718887e-01 5.940498699132814586e-01 -8.431463864985949686e-01 -6.855125611665160990e-02 -6.903868942216337956e-01 6.401892720495450106e-01
-3.224110065618333854e-02 5.642348130171116055e-02 1.478792905969396332e-01 8.048723198139098260e-04 -1.922037928332253065e-01 -1.763235177047991209e-01 -2.329506568244947839e-01 5.673480296928864325e-02 -1.655899319979125262e-01 -1.295072595161974871e-01
2.098525967395582226e-01 -2.456155024958754096e-01 -4.486863479763529838e-01 -2.993027619714497267e-01 4.273435637944373866e-01 3.722082325325232754e-01 -2.009233305622579735e-01 -5.639890883749925088e-01 -5.341589094089302936e-01 5.111655343006944463e-01
3.073732447161308112e-01 -5.524109784392365885e-01 -3.056629890112894793e-02 -3.697658773503090801e-01 1.015225637267917480e-01 -3.210189815589970519e-01 -4.695758314478961637e-01 -7.061668238012118459e-02 3.270360490889091896e-03 1.975581506892244987e-01
-1.490610294584787388e-01 -3.594806425797210103e-01 -1.008354672815005293e-01 1.200415244858526603e-01 1.397926246070430867e-01 2.731600508016428508e-01 3.150819882658545956e-01 2.789189448127493143e-01 1.869257482947363769e-01 1.148369839151042009e-02
-8.667029918074086181e-01 4.484311862438360441e-01 9.088110974020963129e-02 7.389853818885704362e-01 -2.722704623196303686e-01 -3.209435956411493263e-01 -1.533320499734743547e-01 7.720814408659233408e-01 -5.120265325280177332e-02 1.427538020267554719e-01
-2.647193860457751069e-01 8.639975808173551430e-02 5.789144721518142411e-01 -4.122685008741835411e-01 2.052919970042580700e-01 8.247326178281119136e-01 1.988417537225714848e-01 -8.664566875145598632e-03 3.445503871786881889e-01 -4.219156441650840361e-01
1.808858556637495812e-02 1.910473201942178845e-01 -1.126955148482902819e-01 -2.447433767323790865e-01 2.796958792667090243e-01 -3.330173789150787655e-01 -1.173410213081667319e-01 2.319168717314685005e-02 -3.527929562118978235e-02 -2.133748016684093585e-01
4.423277934607786066e-02 -1.279241661731012614e-01 1.451393170738143890e-01 -1.063320259790466286e-02 -6.066685750788110287e-02 -9.412643709488298371e-02 -6.594904813685911749e-02 3.787520352748025010e-02 -2.396948353919356456e-01 9.257761229111707846e-02
-2.894482066760183936e-01 7.756460549435338914e-01 9.214170461265916989e-01 -6.251319735817522094e-01 -1.052035777274273332e-01 -2.777977976485658806e-01 -3.100570721666667806e-01 -2.147273457998351565e-01 6.848743681457064580e-01 -4.282098328320346758e-01
-3.467539124518252414e-01 -4.384117606964605951e-01 -4.500652414990660155e-01 2.776795220878398585e-01 -2.336319350666088701e-01 7.230885116904104404e-01 -2.180428894518963989e-01 -5.187095364877462034e-01 7.574879392544763002e-02 4.482225005636580883e-01
-5.085265755336839666e-01 4.429293163836525715e-01 5.406010483997673033e-01 -3.211485922341889565e-01 -1.582531690765495713e-01 3.158529100263297584e-01 -3.199027177353363505e-01 2.322428759935782905e-01 -5.816189803896466559e-01 -7.152323337599686415e-01
-2.526936748993898751e-01 -4.707651427129963539e-01 -6.560432875993039703e-01 -4.293169840969126017e-01 3.953880458281131549e-01 -5.591726620100502254e-01 5.041745307925574182e-02 -3.328880754658853358e-01 -3.802601446764072857e-01 1.657365917708250591e-01
-2.788351404732661992e-02 -6.398595253405178762e-02 -2.881657838997151999e-01 2.151908701895521303e-01 1.828861666496001820e-02 -9.638445906308699962e-02 7.023050640261210842e-02 -6.072976220992067770e-02 1.280281264070914915e-01 -2.881503808893350338e-01
-2.811850460430941889e-01 1.690881033111844844e-01 1.992588984835329535e-01 -1.663652915674154464e-01 -6.063839200658299733e-01 5.715486303944808943e-01 -1.360578441214587153e-01 4.576250145799768965e-01 -1.852367972460775558e-01 -5.695970710339125498e-01
1.303190820506497927e-01 9.989625513546826485e-02 -3.418861376639572430e-02 2.045076797079709574e-01 1.509640278113819067e-01 1.552052000406028420e-01 6.619042608038867848e-02 -2.464315695015721966e-03 -7.321566656946339180e-02 1.574764569872379866e-02
-5.682931958456700627e-01 -2.846958465331899668e-01 -4.582408113839175345e-01 6.365373646122953755e-01 -4.795794806280038736e-01 7.075473398895413268e-01 -3.445092246050938112e-01 -4.702046234090425658e-01 4.853066767039004858e-01 5.616950296332617887e-01
-5.411658853991658802e-01 -7.968813579195653529e-02 3.647420880394491305e-01 -3.269427466769611341e-03 8.226959512383273943e-01 -2.681687162013933201e-01 -2.324881547204074306e-01 5.827761448182577908e-01 -2.574598930506722394e-01 4.253417773274312252e-01
-2.115293113977564921e-01 -1.029144634251378254e-01 1.121309258735763842e-01 1.901980230634711666e-02 -1.008990607424057884e-01 -7.642784949141748219e-02 1.223028336545466110e-01 1.455059367131986137e-02 4.361802531878484351e-02 3.127192958084515362e-02
-1.499913455285291353e-01 2.604977104814011901e-01 -4.301005684475317677e-03 1.386340231966509129e-01 2.708998184289584943e-01 5.837661876279875289e-02 -2.639474370449294560e-01 -1.776935447799148360e-01 -8.270730862808547967e-02 -1.553465102425093669e-01
3.028830848332128654e-03 -1.039223370497685400e-01 5.713757342204314228e-03 -2.034049262904877864e-01 1.365431902528220220e-01 1.548597933948867578e-01 -1.044245316026323894e-01 -3.518799292279476409e-01 -3.242106445386278013e-01 -6.391509840800226883e-01
5.394928045367678449e-01 -1.522186917131612416e-01 -5.433530814539332399e-01 -5.855649191033192036e-01 1.405810135609820433e-01 8.788293875224305329e-02 -5.470513934156080449e-01 -6.432534643137689800e-02 -6.488846863786866814e-01 5.346264448035458194e-01
4.687213552834504915e-01 -6.433614252051667037e-01 3.799869068004891326e-01 5.826318453183524371e-01 6.337906831040126532e-01 -2.954133881870503187e-01 4.049684967631478338e-01 1.661478494013293727e-01 -1.138651914392618987e-02 4.854663758254295636e-01
4.405498805977714483e-01 -4.590047847489396315e-01 -4.218826005462840145e-01 1.808695360024878684e-01 -1.432306079552600475e-01 -4.238145572061434718e-01 5.293609523277931217e-01 4.393611487867055687e-01 -1.342597304087959909e-01 1.172499653677504527e-01
2.045717610655027052e-01 7.953600569459993164e-01 5.077123597216198769e-01 6.022706346986530512e-01 7.212541700907351139e-01 -8.044577768708692789e-01 1.673265139311805594e-01 8.014760377700705929e-01 3.085083837637908055e-01 -8.764465158426441027e-01
3.424327509966050842e-01 -1.545888135709232725e-01 6.013075855107385959e-02 1.587062697443200332e-01 -2.139171561868766225e-01 4.906745374431121798e-01 -6.252139082501122214e-02 2.343999335543983931e-01 1.549621795107688771e-01 3.426180022625430199e-01
4.578551983378410517e-01 -5.760961630333206740e-01 5.830205071159393349e-01 -3.596490830512404924e-01 -1.960627132564747299e-01 -1.643750383043005581e-01 5.583207067975851645e-01 -4.637919453227882238e-01 3.380393710334325119e-01 -2.491158073770684822e-01
6.769401708669968709e-01 -2.550487393478830800e-01 -7.074674618774058343e-01 8.938256003697163665e-01 8.649745685156635944e-02 9.332967132158587198e-01 6.932841016687231184e-01 -2.710081714800680053e-01 -9.296721126266921376e-02 7.893530396528374293e-01
-2.237241560039407440e-01 6.135338971175162588e-03 4.161849466950288956e-02 -5.485821782234592270e-01 -4.492783841017189972e-01 -2.399533494002962786e-01 2.421908935111831418e-01 -4.207144788510499001e-01 -3.098121047904916492e-01 1.488266714458278961e-01
9.278937016021563539e-03 3.769212634989994870e-02 6.783608286864315287e-03 6.428671297605791091e-02 -5.523513748826578730e-03 4.293274988339344095e-02 2.542577016675378818e-03 2.070295784124600094e-02 6.688670150876309568e-03 7.859742711990356720e-03
-1.234849469799504385e-01 -6.090485340282981719e-01 2.883508417444664573e-01 3.265677402374319444e-02 4.859121032239937521e-01 -4.554442208009785165e-01 2.367909288569351456e-01 -3.990249652742785536e-01 7.224446773723742776e-01 4.453613972796557352e-01
-4.878791797016757692e-01 6.661315521346534707e-01 -1.055332278549364206e-01 -1.698321125718185720e-01 4.712342460673304978e-01 5.206861762164045615e-01 2.602811881185497223e-01 4.676304580413903622e-01 -4.751833060178059509e-01 -4.015141000972368146e-01
-7.387811695763132902e-02 -4.730163264098429243e-01 6.935649999423378065e-02 -3.938149756753230035e-02 1.932890337266915115e-01 1.809226313539729902e-01 1.426476418377025657e-01 4.510442744925987069e-01 -3.275918639960930800e-01 3.729785022117638182e-01
-6.832574382397659241e-01 3.941590378951715934e-01 4.524582812113319696e-01 7.287597983716036509e-01 1.331810276398060211e-01 5.954277611226521660e-01 -1.935238858216357105e-01 -9.498530401816458746e-02 7.116311502128180866e-01 9.210867315804240063e-02
-1.514769782619083682e-01 6.347145037079069407e-01 -5.703589716442772906e-01 1.956241178312583540e-01 3.098696470308781037e-01 4.120091077742138452e-01 4.065345448029621389e-01 1.182583725075829761e-01 -4.329859335811264004e-02 -1.602865996234960067e-01
2.587174376648418428e-02 -1.135236544418548495e-02 1.485848298919140512e-02 2.595817203793070876e-02 3.564713882412390289e-02 4.450971894136578066e-02 1.525660622171527703e-02 3.770431701239895794e-02 2.390197869594719998e-02 1.748835229858900289e-02
-4.925828094943009439e-01 5.949791987491177547e-01 -4.903462214473485736e-01 -4.525778987152576094e-03 5.720445818415452743e-01 -7.505618188166498506e-01 -8.019372308097304503e-01 2.641864654653683364e-01 -3.400507559357128784e-01 -7.053988216849206294e-01
-2.393216979194645044e-01 -2.181005661903267501e-01 9.361359556173348695e-02 1.492701113115538214e-01 1.693510814535569842e-01 -4.642313972338082961e-01 1.247449815484862473e-01 6.165590614160210148e-01 2.405853523464959454e-01 -8.922086293031832038e-02
-5.467032168103781453e-01 1.995554878394378839e-01 -8.151493503990098199e-01 -3.364046197641681890e-01 -6.764903770631679469e-01 7.777889050037821439e-02 -8.349568945697092293e-01 -5.086846999450622686e-01 7.982204923580084044e-01 6.907413009064334863e-01
5.883249290345893279e-02 8.098434513922649070e-02 8.364845470310618147e-02 -2.243496293474690761e-01 5.350538977645200034e-02 -1.003951676635071871e-01 -7.000573632373888189e-02 -7.901836707830697804e-02 1.592425748850688147e-02 -1.476513975417041453e-03
8.576310121539992837e-02 -2.204173810096745068e-01 2.964517899933588052e-01 4.463726468380612156e-01 -5.018325938878875903e-01 1.760365241420560056e-01 2.498246117967997393e-01 3.949477138578172397e-02 -5.197146451141055890e-01 -5.865299537842384447e-01
3.502335277623851439e-01 -1.863525914784595339e-01 3.270965181513154074e-01 -3.145431730199400866e-02 -2.669751414357493524e-01 -3.345523626021608132e-01 2.284810672600804671e-01 -4.150379185420325912e-01 -1.953653856915593678e-01 4.242344616720762907e-01
6.964574790432833673e-01 -4.812581506335850134e-01 4.786404862073883604e-01 8.246000253822486359e-01 6.159752674042332510e-01 -3.195987862370097687e-02 5.261073360476777871e-01 6.947366097874426716e-01 5.939303393659191022e-01 1.051278329025885083e-01
8.922441696585081683e-02 1.214804567911858674e-01 4.553592987048268315e-01 -1.500344706195192723e-01 1.987463907909760019e-01 -2.040893350425211916e-01 9.061861361348429178e-02 2.774200728726320397e-01 -3.840565924263513731e-01 -3.678222927770857242e-01
-3.670795299807720902e-01 1.333962942419043007e-01 3.923561740571596124e-01 -5.894673758679934705e-01 5.798808570695354048e-01 -1.334322724229146939e-01 7.327468509073806757e-01 -5.687723920789823362e-01 7.601457918443606243e-02 -4.202525040335311490e-02
1.652196865040949370e-01 -2.510781294895969018e-01 -4.608318595995505307e-01 2.211720410276056190e-02 4.532790157773922135e-02 -3.139570732094455752e-02 4.213891560417703519e-01 4.590064154803936147e-01 -5.371701297385403362e-02 -6.048140108822456229e-01
3.128275979820838160e-01 -6.265300411845277084e-01 -4.908995989453843745e-01 2.948777050060017932e-02 1.624172352257181318e-01 2.984054816870144733e-01 -2.656409600770835433e-01 2.067068781038408909e-01 -2.831919627585194332e-01 -4.124093256335150115e-01
-4.396986136437933124e-02 3.906616478475228860e-01 3.455637351737577689e-01 2.005861092906650878e-01 -7.744913369313111140e-02 2.286542781381433187e-01 -3.498275003960421570e-01 1.989540531405874502e-01 -5.327681268955938160e-03 -4.652944890924956556e-01
2.587395838244180846e-01 -1.920471731212571864e-01 -1.667596144643872791e-01 4.648702745169218109e-01 3.995966566231538009e-01 4.642974524693901373e-01 7.158733352685733298e-01 -9.024177892890952735e-02 -3.133496881484612584e-01 3.395008650610905621e-01
-5.273081741483659490e-01 -2.386872825471474113e-01 -5.452994972453102662e-02 -3.464688128724974919e-02 2.680265911427449077e-01 -2.873483865667661452e-01 1.162781406930351626e-02 -1.918619447723274030e-01 -2.961320870642480951e-01 2.465885196522957234e-01
-2.245979459633419550e-01 -1.310822219388913246e-01 -3.635044399010822214e-01 4.253500685817199756e-01 2.183107809476141081e-01 4.242099880814582114e-01 -2.474907267591457682e-01 1.588425272318448253e-02 -2.077028417803886140e-02 -1.930221411992854436e-02
2.349398459502813341e-01 2.364988099708042746e-01 1.850704363390853202e-01 -2.288266242636265713e-01 -3.876963064894423105e-01 -2.514752086838837331e-01 2.255871267569381222e-01 -3.419055863682403107e-01 3.787561359957374862e-01 6.950695064610083740e-02
-1.249469529505172578e-03 5.361285518708535092e-01 -4.436778143793522755e-01 4.787287078233352089e-01 6.532172808863201396e-01 1.794439993833614466e-01 3.162817241103632049e-01 2.761506247181785278e-01 -4.723340776984710221e-01 -6.508516944100117829e-01
3.073776359613179521e-01 -4.051125613328642183e-01 -4.528426946867476488e-01 -2.516059970566702497e-01 5.135906984985376678e-01 -7.413327861827248566e-02 2.250410641737730227e-02 5.624697557043006890e-01 2.843933750578001018e-01 -2.705134871946041630e-01
-8.179779418265657742e-02 3.155932514945636314e-01 -2.640419895641413772e-01 1.830747394608414347e-01 -5.267797969723040374e-01 -1.674168016717199892e-01 3.070370571731166898e-01 -2.739033241300364852e-01 6.883198346066129458e-01 4.709899455927248901e-01
-9.065210533283288297e-02 1.183422819156695893e-01 3.145379241545981919e-01 2.664108519198584157e-01 9.275166219011454771e-02 4.779462398461470363e-01 2.141357145002449613e-01 -9.028098474980403298e-02 1.260026203168532200e-01 3.465159644303805742e-01
