6.295805745070197634e-01 -7.976339753690345757e-01 -1.148493988974243762e-01 -6.200925478945755742e-01 3.229682734505266439e-01 -4.555750366663500195e-01 3.511815044480211534e-01 5.927347325014351576e-01 8.040630398286023883e-01 7.081705063551571033e-01
1.496102986221854447e-01 1.206120158777265333e-01 -3.889692228365018156e-01 4.037206894762947473e-01 3.961503340271115836e-01 -1.085251861211496693e-01 -2.521540848228626674e-01 -4.320011351684669987e-01 5.165922739762611737e-01 -2.684551601136829779e-01
2.790923543570445475e-01 4.418019902133091814e-01 -1.995878777923233705e-02 6.567590502489827342e-01 -5.678602405347078497e-01 -2.937867947357364895e-01 5.557132005620459836e-01 2.500280727402946490e-01 6.815381251393818340e-01 -2.661531830963756451e-01
1.560105229321142317e-01 -2.265554498537314110e-01 -6.414451037306728720e-02 -6.365063997437844789e-02 -1.814845130199466416e-01 -2.031456541775626679e-01 2.488983865269418227e-01 -2.167402725133088237e-01 1.792609290115673437e-01 -1.161350382454345298e-01
-2.530676401977089134e-03 -2.377380599838814154e-03 5.292026976588728310e-02 -1.182467187957908679e-02 8.082642625319202967e-02 1.202475883765131981e-02 1.490287096061181440e-02 5.216417477683807369e-02 2.408388733727618181e-03 3.386025848810074457e-02
-4.455959107601533131e-01 -7.473133060986496545e-01 -4.071315405414970695e-02 -7.938227071518203504e-01 7.016833468259905393e-01 -6.937879096234973453e-01 5.531427387248913918e-01 7.117416560936948855e-01 6.744615243470888366e-01 2.297583352425252856e-01
-4.922311284860678843e-03 1.453897181368483948e-01 4.658606291761183821e-02 7.981109659132080633e-03 -1.450131677818624135e-02 1.358669436740086306e-02 4.251103047267045659e-02 -1.742864479611281464e-03 5.222462060559650288e-02 -1.590708956324203560e-03
-5.350946945543001432e-01 6.806509127261640701e-01 7.989377502143171772e-02 6.858812116121596469e-01 2.259863238299740229e-01 -3.246470254141100020e-01 -3.839850512881020084e-01 3.203915908343080710e-01 -6.049660782059844699e-01 5.601258531912562955e-01
-6.912573616217027039e-02 5.906934756269111020e-01 5.505799352580047490e-01 -5.606514106829239008e-01 -2.791188712190245669e-01 3.698201285178034370e-01 -4.193268228148234744e-01 7.192300623981945362e-01 5.170361600847793726e-01 -1.895218295971810851e-01
6.506973082983734565e-03 -1.583495411738239508e-03 -3.136403622021036956e-03 2.584313985330372390e-02 6.983684333587351911e-02 2.957481598118489111e-02 6.828758042449459623e-03 4.302963117644352520e-02 1.739686910125500668e-02 2.393395719330067978e-02
-2.745663766565795832e-02 8.050891078115789135e-02 8.566804439548791894e-02 -1.037626237570147963e-01 2.433539304761027644e-01 -1.357089031716382033e-03 -3.456330170910949795e-02 -1.567342936158331104e-02 2.684982900647218951e-02 5.152282181431658281e-02
3.423265931087264846e-01 -3.189201605771069259e-01 5.943750279482860055e-01 1.864358527040118341e-01 -3.494038502530608103e-02 -2.090434881068801987e-01 5.403440367405578648e-01 5.067172967957390695e-01 -4.533285310487645270e-01 4.087622387003800872e-01
-4.241423559498312956e-01 -4.331868535793967356e-02 4.445149413176536779e-01 5.834035811738154109e-01 4.657388344608513475e-01 -4.658483398625074545e-01 2.074987506886885047e-01 -1.351957237880553331e-01 3.169211152415698507e-01 -1.290919072430416203e-01
4.183713709987034735e-01 1.989853977769089621e-01 -4.645523512029151592e-01 6.382180748285288807e-01 1.753319937303033094e-01 5.412437426401362633e-02 7.430290212307959496e-01 -1.631481487023457300e-01 4.116720221765964860e-01 2.864980119358198629e-01
3.109348899950923339e-01 -5.500907511007004924e-01 3.564843196947398707e-01 -2.368714971906955291e-01 2.908747007441421228e-01 -1.813919304987854086e-01 -4.556199687693275879e-01 -1.670646347824344957e-01 -2.005964122984401632e-01 -6.854828833310301350e-01
-1.257968386422478151e-03 1.544820298331702618e-02 5.348756344855756101e-02 6.372361104295783812e-03 7.066643585563379959e-03 3.644128940564100860e-02 8.572233162513842944e-03 4.658149345194504375e-03 2.715455419349002350e-02 4.068714455034162791e-02
-4.262128308341291971e-01 1.043930681665892202e-01 -5.606855268144993465e-01 -4.827920002148564094e-01 -1.011836265831162276e-02 2.122846399572418663e-01 -4.097464814252380072e-02 3.665199844375342519e-01 9.944144067911350748e-02 2.421447254716412034e-01
8.297702515711993243e-01 -5.337690594314241643e-01 -7.693746362364565217e-01 4.700908506162094769e-01 5.958244310392214471e-01 3.149322101100060500e-01 1.115677061852759916e-01 6.657074161546839841e-01 8.042234038400265517e-01 -4.411924036036126151e-01
1.669682370656897777e-03 4.220761403739508449e-02 -5.908051636320637012e-01 -4.773893364009271223e-01 -5.787473710963756401e-01 2.857989813599130513e-01 -3.643888872321736083e-01 6.679210560783620521e-01 6.735429062589062821e-02 1.282846486144021379e-02
-5.161414259326770060e-02 2.610483319014979542e-01 -1.413550388890458254e-01 5.743494956846549593e-02 1.821486076516295183e-01 -9.527001782763341864e-02 -2.243133682239454862e-01 1.605957940152795138e-01 1.591615104383281853e-01 2.599311078605551911e-02
1.481299634605005638e-03 -5.532923758152796107e-02 -2.463313543392754712e-01 3.739591964300832405e-01 -4.187002576114116081e-01 -2.499324446874096051e-02 1.839259122179513761e-01 1.831359131203809665e-01 -3.177637183009047739e-01 1.819985848608171308e-01
2.822780977251898582e-01 -9.478002823286847678e-02 -2.470402409515515540e-01 4.094252582235717863e-01 2.703891118831721063e-01 1.668689902084607157e-01 2.165797829911076389e-01 -8.746908925004712176e-02 -1.285511343698309827e-01 -2.139573115713754581e-01
6.177364732597871722e-02 4.342048347959496790e-01 -2.243625782195163287e-01 1.790413127899191659e-01 2.650629143906016449e-01 1.368949705759249236e-01 1.056307911596280902e-01 -6.987501948222556158e-02 2.542746947063767027e-01 -7.193097535888330618e-02
5.222915051809343678e-01 1.114528323407761451e-01 8.166604338095865279e-01 -8.842849768233336238e-01 -3.956585173475444805e-01 8.722612588013253787e-02 7.580476996414031721e-01 -7.725788611382357063e-01 -2.096362509157746745e-01 -8.079451302424939252e-01
-6.276743776604418734e-01 1.829594631616016931e-01 1.162328252977200445e-02 -6.572806157580227127e-02 3.368347330746593316e-01 -1.375241178735937264e-01 -6.838719125969063839e-01 4.648869555977845902e-01 -6.527087741685667632e-01 -6.040160927879446584e-01
1.207938975096481925e-02 -5.539281780705252595e-02 -1.647870031817560629e-02 2.542229760119227855e-01 -4.974155682138367007e-01 4.340271805202012834e-01 -2.114389930072356205e-01 -2.452941031766210644e-02 2.254125781068819778e-01 -1.170348497272672150e-01
1.709916336304186935e-01 -6.255122183763549559e-01 -8.098279505125752786e-01 -8.166112990683363493e-02 -3.101332010804270234e-01 -7.991034039692020974e-01 -6.674220329399737084e-01 -7.254235088414133781e-01 8.640841934468534991e-01 -5.171867237580379806e-01
3.692828515355218721e-01 4.745805951714983650e-01 -4.065753472735904317e-02 -2.684766381361282650e-01 4.387259228824026414e-01 -2.814595505065761172e-01 5.145504866727258486e-01 3.526966752172364661e-01 1.551449307994073878e-01 1.385833616416550507e-01
-3.192076260308684410e-01 2.877056258419226076e-01 -3.517144982745262077e-02 3.088483633139716203e-02 -6.911481634077564218e-01 -2.418992096426675897e-01 3.284651198648815829e-01 -6.544482973402614423e-01 3.869520632134119675e-01 1.185954994095125359e-03
-1.744434912975254548e-01 4.795792474243212866e-01 6.163873079520874043e-01 -6.852112696540307857e-02 -2.264358340730934782e-01 -5.423263094221888458e-01 -2.598536922308162800e-01 -4.149953803723725465e-01 5.232208757030260005e-01 3.643900113790722872e-01
-3.792414364066504229e-01 -5.442951273027719639e-01 8.690931280915595858e-01 6.490476171534855787e-01 5.117723695080970137e-01 -1.406373600539605750e-01 -6.775792826224790177e-01 -8.287064126325874303e-02 -5.798910280918661009e-01 -6.624911525617072083e-01
-6.633341415408371133e-02 -1.100114102573405417e-01 -6.928950925197426836e-01 3.341162017397518169e-01 -3.807904294663744804e-01 -5.834364792886568285e-01 7.993122715759339858e-01 -1.505917235314262193e-01 -1.322816655927151197e-01 3.524950467307337298e-01
-1.486475945501354867e-01 6.079708119307588587e-01 -4.891032331241924602e-01 -6.697588041774840129e-01 2.548051840334681351e-01 1.316618536443280862e-01 -4.271270225725058017e-02 2.508167059523305209e-01 3.146114214338945891e-01 2.508861542436355840e-01
3.108108218252079169e-01 6.367460500982834448e-01 -2.224825862490482364e-01 3.553525588783883471e-01 -6.219919708404960668e-01 -5.813582281046122402e-01 1.093075273408088827e-01 1.953302149084093497e-01 -1.153477026341689915e-01 -4.423428800897647450e-01
-3.369514270599464900e-02 3.147444687600964297e-01 3.524535588817370169e-01 3.139216794479174344e-01 5.181213146163674566e-01 -2.802545921422662789e-01 -3.708725607841825145e-01 -5.406886005484845548e-02 -5.648854551902205978e-01 -6.147434265446858476e-02
-3.528348443661231681e-01 5.915062254902661021e-01 2.739472520999098881e-01 4.305568372197943749e-01 4.051743633635869202e-01 -4.502309107946868560e-01 3.580360858213603170e-01 -2.670984762829043402e-01 7.193085035246488124e-01 -4.231599882078430630e-01
7.521730818794022944e-02 2.564819188950202833e-02 3.794227263266682082e-02 5.856076029391052082e-03 -3.732079034664258135e-03 -3.775710391289983318e-03 5.252771825190534656e-03 1.272569687202116662e-01 -9.170576609744270427e-03 1.411313376623202004e-03
1.845729901978319654e-01 -2.082574768268895260e-02 1.352163988006334534e-02 -2.209431140793398918e-01 -3.254007913346643743e-01 -5.620723529352830879e-03 -7.943674918306799226e-02 1.439659627521072682e-01 -1.275438581799005489e-01 -3.487899549767977114e-01
3.835345901119210366e-01 -5.499083725479688711e-01 -2.870534498060021145e-01 -7.039390279691585262e-01 -6.880247718993734440e-02 -6.982399780422273716e-01 -2.020230624382207962e-01 -6.332432572293861250e-01 -2.141784659467574695e-02 3.064152462547894973e-01
2.060670587868727865e-02 -1.091386158074391516e-01 6.851100297874073222e-03 -1.966970984303234582e-02 1.625032907845962993e-01 2.472066299115379187e-02 7.515333425326427286e-02 8.870891656044169182e-02 -3.265202787444552307e-02 9.031719885483641130e-02
1.197545042551471511e-01 2.556776410095572549e-01 -4.186883680883565773e-02 9.357256796556599754e-02 -4.977657175651003379e-02 1.938764482871972727e-01 -3.198870211384506335e-01 1.996557749251072211e-01 4.693619659179443780e-05 7.518598639229812086e-02
-3.889283646836611541e-01 -4.284005735130011483e-02 5.807547139050389662e-01 -5.029506583950394544e-02 -2.549349376855059579e-01 7.141642546538949921e-01 -3.178598796709995455e-01 -5.240111481711802188e-01 -4.071931864819515190e-01 5.396734419600716093e-01
5.804580244978569947e-01 -7.650531200745987193e-02 -2.596873364870109779e-01 6.619827971808445177e-01 -2.619359900722378898e-01 2.600444826084814462e-02 -7.756826803846891272e-01 1.502620633564341890e-01 -5.355176244988768541e-01 7.419581816616597214e-01
2.576983675485534642e-01 1.793263257039565406e-01 5.620766701571831142e-03 1.202396244417175686e-01 -7.805543201238962503e-02 4.438598480676873154e-02 4.417639996583433426e-02 5.977167922765679042e-02 1.244642845155062294e-01 1.467908352994069243e-01
-5.194897477142443876e-01 -8.470488928777631932e-01 1.536475284096183724e-01 6.033812036131516177e-01 -2.748642589265459235e-01 5.898678659354477105e-01 -8.405527394460654556e-01 -6.937252372239224862e-02 -6.878061783974697141e-01 6.392337004628394492e-01
-2.253177143302030269e-02 3.166493432458697410e-02 6.363866890124819653e-02 -2.295612649418500226e-02 -4.095324233987702317e-02 -2.555966693033965426e-02 -1.094555493170158295e-01 5.528593735640913859e-02 -8.864827875016528802e-02 -7.832911756764168731e-02
2.020188002743625033e-01 -2.376897799469253614e-01 -4.401720437746795000e-01 -2.985354209226501188e-01 4.328450528683839282e-01 3.673152605861481623e-01 -2.064079101247615344e-01 -5.425886784524025508e-01 -5.213188163457896929e-01 4.970104183098001394e-01
2.847196884569752617e-01 -5.204826174273048389e-01 -2.176993080280346243e-02 -3.468479566878887588e-01 9.666569279138519100e-02 -3.000585103309429402e-01 -4.191520929938973294e-01 -6.662655738281191009e-02 1.074425095705567636e-02 1.822669767096903037e-01
-1.201331327576484198e-01 -3.041405958535735587e-01 -8.254956519013106897e-02 8.070977833218608011e-02 1.558812678509514937e-01 2.296944720965323483e-01 2.541059147405699825e-01 2.145041358665456532e-01 1.362365994025810378e-01 5.333326499236499402e-02
-8.567280469415873290e-01 4.480019123216427146e-01 8.873785690405172621e-02 7.382878024616246204e-01 -2.690619769433467701e-01 -3.180078932919681578e-01 -1.516125334639745470e-01 7.626532727960213531e-01 -5.120520416837971711e-02 1.404217799706417857e-01
-2.464321687763182112e-01 8.419265132501331517e-02 5.663990259450264464e-01 -4.037115789311008784e-01 1.998223688965025391e-01 8.078726915960394717e-01 1.954405486779136891e-01 -7.704401449007669198e-03 3.372785936012305252e-01 -4.153905146318553898e-01
5.705603806387357126e-03 1.478228350009181125e-01 -6.352518626532911716e-02 -1.623188727853899227e-01 1.901975765977038657e-01 -2.227019084496833501e-01 -5.207329333327347619e-03 2.032702568500766374e-02 -1.327885083551807142e-02 -1.511622383656849866e-01
7.761635968090160875e-02 -2.501586297454872626e-02 1.573226312114436864e-01 -1.360271615542546671e-02 -4.073045558611138733e-02 -5.073621398176693387e-02 -2.758342949851801812e-02 2.980106561170478910e-02 -1.505548209783703906e-01 4.973842414438588155e-02
-2.860772282101650688e-01 7.680175352314325687e-01 9.169048304532179117e-01 -6.230162612697734970e-01 -1.039134226822202578e-01 -2.632420049174304388e-01 -3.133457638123564593e-01 -2.211175834588808009e-01 6.831401950422691938e-01 -4.111237854473397957e-01
-3.402734559838241357e-01 -4.367979453328180162e-01 -4.452213359136918958e-01 2.756152682859201453e-01 -2.321670242926124339e-01 7.253227430634832107e-01 -2.110510457605780654e-01 -5.146762722940572132e-01 7.572045352072893920e-02 4.408454104467948720e-01
-5.076180284154430122e-01 4.419986832255101139e-01 5.394841614048461187e-01 -3.209619993537842220e-01 -1.564301836587009276e-01 3.176269975506698651e-01 -3.198931252780674028e-01 2.313591286141568337e-01 -5.809641838632386701e-01 -7.124994850014004788e-01
-2.359497708899975787e-01 -4.545274507861598590e-01 -6.272592928448322835e-01 -3.970607110819567853e-01 3.811859940867195484e-01 -5.396376582333829441e-01 4.876111668654695835e-02 -3.192910119944951663e-01 -3.679540646557203920e-01 1.497780405257130298e-01
5.158509390011311452e-02 -5.021127667920945170e-02 -2.509505220247751356e-01 1.791073897021348837e-01 2.378170665230333602e-02 -9.606025608400782512e-02 7.053817419696335744e-02 -2.053224954265790714e-02 1.064640729650617040e-01 -2.416091164369291167e-01
-2.611558596639289020e-01 1.646220297536018784e-01 2.004892842323390545e-01 -1.501897163298051008e-01 -5.821279294026907580e-01 5.633510913269981213e-01 -1.292392819604548659e-01 4.408599315121362605e-01 -1.797279920521046848e-01 -5.523710252940213783e-01
9.181477230002636769e-02 4.417680752623420054e-02 8.653775814092023663e-03 1.103447004847569468e-01 1.207516513958485777e-01 3.874366745845015531e-02 3.863878773808872985e-02 -1.493415578994827797e-02 -2.850627355498598983e-02 1.556334719436982920e-02
-5.665946966337910284e-01 -2.824246705601016760e-01 -4.575217864256400646e-01 6.327125889971433326e-01 -4.808949225042642994e-01 6.961597496524823958e-01 -3.439759550230409579e-01 -4.631953831409103550e-01 4.826262289006851280e-01 5.604985400768002224e-01
-5.397575889226186030e-01 -7.966282804741695034e-02 3.621855710122591221e-01 -3.933255462731613528e-03 8.202062956551159356e-01 -2.675227935310897087e-01 -2.275622755745051462e-01 5.784400606617072782e-01 -2.557546494398642012e-01 4.230324207712980455e-01
-1.080549123494644187e-01 -5.810841080672488751e-02 6.329194038003804756e-02 3.522689151071347474e-02 -2.654663599697726362e-02 -6.583631535375528143e-03 5.843394855208066535e-02 -3.939986956721245118e-03 1.631258197182252831e-02 8.984858012025745411e-02
-1.117467906504264752e-01 2.431072715204581902e-01 -1.325321923181238017e-02 9.063919966278846663e-02 1.966157725335440087e-01 4.218323095270331419e-02 -1.847395110540812901e-01 -1.477040921676039398e-01 -5.884101148598012976e-02 -9.621641884374447506e-02
1.389745793076073432e-02 -8.158501190312858475e-02 1.182934816603056424e-02 -1.848531788225201422e-01 1.154578211599550930e-01 9.717908351748175133e-02 -8.721139612810056840e-02 -2.844486794405765018e-01 -2.889470946740225199e-01 -5.805416804519168972e-01
5.247065254528713307e-01 -1.231861687717369785e-01 -5.318564173870407030e-01 -5.677370507716701376e-01 1.286040824247622061e-01 8.773866166914642828e-02 -5.218756609108080591e-01 -6.689162190407986486e-02 -6.304528166469081096e-01 5.168139075317598197e-01
4.633541815583777090e-01 -6.376959522994668506e-01 3.790259432518195970e-01 5.756008119326749828e-01 6.318841683881449844e-01 -3.029548669382216008e-01 4.020045977373903900e-01 1.680591030833820942e-01 -1.235526088591193568e-02 4.822403197315394130e-01
4.274597865656309392e-01 -4.512361739115851589e-01 -3.986436390290110654e-01 1.715930995071357767e-01 -1.398172181192849362e-01 -4.175558890254186251e-01 5.122079190338107990e-01 4.291105887466663549e-01 -1.288956043932420747e-01 1.139090595974700526e-01
2.107084192516446297e-01 7.914011465120391886e-01 5.091169368958458064e-01 6.021298979846344546e-01 7.224305722521254802e-01 -8.030646755709412998e-01 1.670725570441436159e-01 7.945159230061678013e-01 3.091266864218237265e-01 -8.712043327537525306e-01
3.003794571711016492e-01 -1.237848915333880639e-01 5.650643165220683301e-02 1.387472310607179293e-01 -2.029203457185207726e-01 3.974268297981476405e-01 -4.079999465848951901e-02 2.310476174012954242e-01 1.450394504313025634e-01 3.395774406764978659e-01
4.358715732171727919e-01 -5.499410811079679107e-01 5.598118401570338909e-01 -3.535207823229273294e-01 -1.776667539067210977e-01 -1.572411278677774416e-01 5.529569669733489512e-01 -4.498200550780125373e-01 3.281213245613346374e-01 -2.357278097367375147e-01
6.766432153710494335e-01 -2.550005743539869307e-01 -7.074501224208243899e-01 8.932634840182320790e-01 8.626810709537445498e-02 9.340832802771583676e-01 6.929473782847110908e-01 -2.708346434410910386e-01 -9.290200918630597826e-02 7.890429869851512956e-01
-2.182194664263281680e-01 5.343788739366076533e-03 5.584262019396654675e-02 -5.300231429627259017e-01 -4.325611207836728700e-01 -2.341691771277603640e-01 2.250974511198718664e-01 -4.107868818093907692e-01 -3.003586810373176097e-01 1.463220462900412799e-01
4.906126391553953560e-03 3.631249874275882528e-02 5.619336452446129990e-03 6.639029848258368172e-02 -4.480139691743036286e-03 6.081839974457713821e-02 8.990224034879943987e-04 3.470088898869271715e-02 1.197094831939311300e-02 1.592928092189884598e-02
-1.245499724224831406e-01 -6.043040446426480861e-01 2.786597749753629283e-01 3.227755378476891701e-02 4.875573212911941123e-01 -4.550829333722004599e-01 2.430078547288410939e-01 -3.968761344091144005e-01 7.161602786182280633e-01 4.412221452679507272e-01
-4.828379115507744346e-01 6.679973819294953152e-01 -1.042433470517386551e-01 -1.644114457235990867e-01 4.584586217882681836e-01 5.147174912307341810e-01 2.667232323129973826e-01 4.612654501522645556e-01 -4.656104626411561309e-01 -3.977252878611869935e-01
-6.887189894107342836e-02 -4.295166926329980761e-01 5.950346451878634618e-02 -5.483641280971743998e-02 1.680309956426418172e-01 1.713010312686330527e-01 1.176653630816108659e-01 4.194800000225704650e-01 -2.880230702406365029e-01 3.367408867604329559e-01
-6.778411946443393399e-01 3.950223332003925392e-01 4.485283511359525743e-01 7.208252699132760011e-01 1.308486141797259861e-01 5.897067305877966570e-01 -1.914771963460849269e-01 -8.702801042785050789e-02 7.059958429671772118e-01 9.206695240670603742e-02
-1.492524418915052442e-01 6.248051906101189656e-01 -5.618978074692457803e-01 1.918918966814595062e-01 3.069280833969549316e-01 4.212184783946501532e-01 4.005661371801670922e-01 1.157395613918021648e-01 -4.276461819639932466e-02 -1.580847145708541290e-01
1.044682347590210683e-02 -1.043222018990538902e-02 1.655549769814859684e-02 4.538905315612271757e-02 5.990714933010000270e-02 3.142889928128055066e-02 -9.627874576137808492e-04 6.051059478201816638e-02 2.619333960339624220e-02 4.045520488331649789e-02
-4.907461702241758261e-01 5.981830647702022219e-01 -4.899241896388797368e-01 -5.504928896758656126e-03 5.721013559427708950e-01 -7.475886770441217966e-01 -7.992971088701721349e-01 2.624115985445984456e-01 -3.388667227954423877e-01 -7.029670113402251008e-01
-2.178297400511245985e-01 -1.774079896206985918e-01 8.373406733235838617e-02 1.395824119519307460e-01 1.469633588057991103e-01 -4.235928208370903780e-01 1.137128897841377662e-01 5.775055529727203263e-01 2.120983281051185831e-01 -8.344144634573920360e-02
-5.441236942647663666e-01 1.975914076248614926e-01 -8.117343565802810357e-01 -3.336395120375162948e-01 -6.752541673439912406e-01 7.840753723219169580e-02 -8.327443842586407241e-01 -5.073441002256476873e-01 7.992644159043217345e-01 6.882562067165850506e-01
4.602109389727942340e-02 3.778418032772484780e-02 7.609777058530836635e-02 -8.494887098419111326e-02 2.250596079830398388e-02 -1.519882860203627777e-02 -7.135250205103427831e-04 3.029769915786057095e-03 -4.421212584447872795e-03 5.021780425833704230e-03
7.664978996185123350e-02 -2.085646437685369503e-01 2.928706100671149559e-01 4.343236052615360165e-01 -4.851409690440021683e-01 1.816878459908512766e-01 2.306909568662457999e-01 3.679519301452386509e-02 -4.983291185379037924e-01 -5.609099292922196112e-01
2.685779730920204167e-01 -1.347649575219900531e-01 2.667017925422593416e-01 -4.041554755922722314e-02 -2.260848730578680355e-01 -2.672266729098085603e-01 2.291955652929787424e-01 -3.043854937512681658e-01 -1.446746257095321286e-01 3.358690967788952597e-01
6.966403022038236692e-01 -4.808009396057442153e-01 4.769626855494921158e-01 8.245573743671438249e-01 6.135292643910965626e-01 -3.283388541920812670e-02 5.271079491726463617e-01 6.937242890952269869e-01 5.925030728122235857e-01 1.054450141137507346e-01
9.316645127949177430e-02 1.163625225902068655e-01 4.668800786714135120e-01 -1.444245852607709824e-01 1.887094273104801267e-01 -1.979777394875577856e-01 8.905068621539166673e-02 2.667340942085204558e-01 -3.731877553648568213e-01 -3.571272497503176213e-01
-3.577334802124410573e-01 1.338042327036934875e-01 3.854907368841983262e-01 -5.820178850400292703e-01 5.708114608188221695e-01 -1.236971915551863810e-01 7.216238515661491659e-01 -5.611958139916566335e-01 7.493841548500612681e-02 -4.129222383881904490e-02
1.614567140945132040e-01 -2.245107743475254491e-01 -4.274865457475642838e-01 1.379794758564385077e-02 5.112409260323797638e-02 -3.860691390014772944e-03 3.928821186512728159e-01 4.063843459902417576e-01 -3.028967492430552355e-02 -5.251954318550956513e-01
3.058881147497429231e-01 -6.166314247322864928e-01 -4.758064050727301431e-01 3.018985131489138746e-02 1.556795691607219811e-01 2.928667814708703077e-01 -2.639728769355100257e-01 2.012371832644586911e-01 -2.697660834087925452e-01 -4.039697470296035875e-01
-3.737974591661191726e-02 3.731156385310084866e-01 3.212828187864976148e-01 1.847138500605863265e-01 -5.897742370768289943e-02 2.223033652085704692e-01 -3.257814043513593272e-01 1.858785867211953380e-01 -4.591457800365170367e-04 -4.212624118570758580e-01
2.510306650260373806e-01 -1.879662985805565512e-01 -1.576492878090692551e-01 4.525915592732979720e-01 3.882611483981282530e-01 4.647178754327027095e-01 6.948448605588297688e-01 -9.237215303633190822e-02 -2.946767686933083330e-01 3.388332130119395269e-01
-5.137910355013878272e-01 -2.200344654828797208e-01 -5.287412167633737115e-02 -1.217045279257858263e-02 2.636604090915872778e-01 -2.530257497545416179e-01 7.382287447779075501e-03 -1.850992174246646194e-01 -2.871238206295044226e-01 2.409850453187879216e-01
-1.904440486345149730e-01 -8.549724878406894657e-02 -2.844188276026750062e-01 2.949810334623868546e-01 1.980883955769192073e-01 3.487147961099640314e-01 -1.499938731705088846e-01 5.548158959955126757e-02 -1.854478041110337472e-03 -4.612259607961852886e-02
2.172072841782148878e-01 2.400856990301156180e-01 1.759618906841993180e-01 -2.172875318049011517e-01 -3.671054227705777273e-01 -2.441765084349024340e-01 2.276451001354331816e-01 -3.224925751006490482e-01 3.565062146951154531e-01 6.522409259202771592e-02
-5.859394793604651830e-05 5.338142232317609759e-01 -4.411448590503730394e-01 4.751528810564600303e-01 6.465226303044727674e-01 1.770340745535413651e-01 3.231594485517400028e-01 2.758134415361219727e-01 -4.689906868349788538e-01 -6.462817615586170517e-01
2.873522783871130248e-01 -3.786600417652580264e-01 -4.071266303176405699e-01 -2.369290309919470927e-01 4.803296940923130198e-01 -5.875288768808069328e-02 2.114717516872988146e-02 5.274041042374322252e-01 2.665875018442074862e-01 -2.501245300857945497e-01
-7.201886501714953315e-02 2.986244829805060896e-01 -2.518672129562082862e-01 1.815073104963601247e-01 -5.128063919219407740e-01 -1.678442879282214806e-01 3.093710661641734805e-01 -2.770905053319133726e-01 6.702357372068862285e-01 4.530662243896594887e-01
-2.617202390065479639e-02 9.858296562916118999e-02 2.332917254041055322e-01 2.126099873794796147e-01 7.682986397179315807e-02 3.780138976447450783e-01 1.750052798602425852e-01 -1.021048607759338228e-01 9.219777937764271625e-02 2.690803332014012894e-01
