6.280974204562856933e-01 -7.907227550761695145e-01 -1.144456105320045408e-01 -6.186166761012467097e-01 3.209831460703718164e-01 -4.557715081813138447e-01 3.528782129419124614e-01 5.918742334853550613e-01 8.054759272536372583e-01 7.069572809585668027e-01
1.489164168887319173e-01 1.206419664232946665e-01 -3.855050675386538783e-01 4.049601489715309866e-01 3.948063483266923690e-01 -1.069816530854270364e-01 -2.524272213722162927e-01 -4.294927980234212739e-01 5.158606628055351084e-01 -2.689218720694606657e-01
2.778369684597947753e-01 4.412867571539685896e-01 -2.002339540933791018e-02 6.552851530439707251e-01 -5.666123661406763379e-01 -2.937917801854773026e-01 5.538144446529503773e-01 2.538904372462277848e-01 6.821915467183622406e-01 -2.664647913527730672e-01
1.851906851545701560e-01 -1.437285569223262782e-01 -2.008255852116637777e-02 -2.691748827092415794e-02 -1.194069453454148222e-01 -8.434138687369767406e-02 1.420196832963273037e-01 -1.150884273146635800e-01 1.034110337306515248e-01 -6.228935972608458382e-02
-7.083976275407212302e-03 -2.382893584099054357e-03 8.534654668983779335e-02 -5.405314920715626609e-03 7.927601095109966522e-02 2.949722717483004020e-02 1.213858102876005755e-02 6.719554115400161454e-02 1.631637242561780055e-02 4.075734698646382020e-02
-4.455954141786832579e-01 -7.467133965545069696e-01 -4.072230524663558726e-02 -7.939372121051969655e-01 7.014865103774091670e-01 -6.939194066492314628e-01 5.530552171169599296e-01 7.123330678978254671e-01 6.743071681887703450e-01 2.296976356311919154e-01
-4.916248458545922385e-03 1.620606253344174519e-01 9.513964760244214558e-02 1.688429003826059926e-02 -1.522504925846655463e-02 6.416118365208365454e-03 3.730011463838341090e-02 1.821681674574822038e-02 8.002797643055710453e-02 7.718319231876493228e-03
-5.348083964487672093e-01 6.800718918392972823e-01 8.286307026905133377e-02 6.851919138536212150e-01 2.255261452544900791e-01 -3.245039476288594793e-01 -3.837662090114652425e-01 3.200908184947099389e-01 -6.045739353974789454e-01 5.596112621196143166e-01
-6.989128971939946589e-02 5.906617498637283248e-01 5.492123513785565070e-01 -5.612255621761941260e-01 -2.797529713253902317e-01 3.678472346271436377e-01 -4.136477363275011254e-01 7.203596719188456454e-01 5.176153197761830249e-01 -1.897023124870839128e-01
4.672335310423525977e-03 -4.811862318845481351e-03 -1.099425917460036817e-02 3.536422860054169032e-02 1.092904567250531367e-01 6.288005385237473155e-02 1.346085789899014590e-02 4.537666732626904897e-02 3.828269250999039031e-02 9.207102704143366873e-03
-4.470194349275662463e-03 1.188785921239475796e-01 4.543200565502181903e-02 -3.766174961438706337e-02 1.908432598119731149e-01 2.734902563418179985e-02 -2.260315185095699772e-02 1.072162018948430787e-02 2.739470217537984947e-02 4.051213534228140928e-02
3.422647469172023782e-01 -3.188770186002093388e-01 5.955106327317423176e-01 1.864058357645287656e-01 -3.493784718990306654e-02 -2.090144273197435953e-01 5.402649857017776114e-01 5.067657351601255744e-01 -4.532631533852447547e-01 4.087002645191605832e-01
-4.213574788290960771e-01 -4.419907961843017041e-02 4.405140394287925254e-01 5.789960962816624868e-01 4.676787744829850602e-01 -4.546018285046274920e-01 2.075111942722590308e-01 -1.357503113403305817e-01 3.156848649890051650e-01 -1.273059321065760918e-01
4.145925681449016964e-01 2.024955247756183574e-01 -4.652200277642388748e-01 6.349668587935606290e-01 1.742890281126598107e-01 5.296307393240540923e-02 7.444008629164485802e-01 -1.598686695908993483e-01 4.120507509263781620e-01 2.895719046808086228e-01
3.109066034250490551e-01 -5.498907952173269775e-01 3.643174335007167697e-01 -2.359838245017525371e-01 2.923474421422395109e-01 -1.800479487298017323e-01 -4.541795646574777745e-01 -1.671450500859695543e-01 -2.016243910339014234e-01 -6.815787144752665228e-01
-2.457502670190069103e-03 1.444190129128482269e-02 6.329832002477733810e-02 1.979901351798972822e-02 1.607430528378954102e-02 5.406507090662537873e-02 5.914604897418886120e-03 4.372012585343064590e-03 1.477487649249075059e-02 4.437054595361006326e-02
-3.767317986883839120e-01 9.355226856080738063e-02 -5.178727186598058863e-01 -4.413206353651154545e-01 -1.503127149969224301e-02 1.841345134914360027e-01 -4.601404290568528871e-02 3.489416309716701359e-01 8.971213250498176472e-02 2.415222609783517493e-01
8.297674729851544084e-01 -5.337672720411712479e-01 -7.693720598924340681e-01 4.700892764601407037e-01 5.960068153834070515e-01 3.149311555214108216e-01 1.115673325873182270e-01 6.657051869528861632e-01 8.042207108006910188e-01 -4.411909262174888435e-01
1.318094709022217363e-03 4.147327991536629149e-02 -5.876614090717975358e-01 -4.763431288725860635e-01 -5.774728520846958979e-01 2.848342552129619620e-01 -3.635294159296809102e-01 6.724625955229952545e-01 6.690308511952733350e-02 1.282829275462809421e-02
-3.052347950296402726e-02 2.172962687661775250e-01 -1.258568415065024759e-01 6.085417854486886019e-02 1.896033305190381324e-01 -8.365349943213751249e-02 -1.762014779390533581e-01 1.136730055858125865e-01 1.279745801238204861e-01 6.256729007364152106e-02
-7.255347055151512362e-03 -5.473394787788725402e-02 -2.291364194614136096e-01 3.533397989510242421e-01 -3.955186234869858541e-01 -2.643654770650611177e-02 1.676277371035686525e-01 2.107798421720182280e-01 -2.946882078739398447e-01 1.623307837730111614e-01
2.702975349167889840e-01 -9.017372484103144958e-02 -1.983892450714221656e-01 3.951049352916281565e-01 2.584452630817120622e-01 1.609733828068997952e-01 2.017751791714050835e-01 -9.019587013882118809e-02 -1.224795901152824218e-01 -2.121404931263661531e-01
5.483687283712544713e-02 3.998333824097236033e-01 -1.786491326924564138e-01 1.643825882132948779e-01 2.437153414042770028e-01 1.246505939536688007e-01 9.776687890258681235e-02 -3.347513008938905743e-02 2.346583205321620957e-01 -6.746808381242684616e-02
5.222546702468664481e-01 1.115889730771757876e-01 8.166424570641080960e-01 -8.842741329891090629e-01 -3.956939623661918648e-01 8.720107512355439183e-02 7.579953060060142800e-01 -7.725789853272649887e-01 -2.091108411389597521e-01 -8.073621728847463208e-01
-6.267358697190750227e-01 1.823788461166407637e-01 1.325551195847965089e-02 -6.648964457851802567e-02 3.358869462242713988e-01 -1.315725928763075425e-01 -6.816539490858157802e-01 4.604879459494878868e-01 -6.511459357765678746e-01 -5.961867825493563089e-01
1.072178443404050302e-02 -1.911478999639577500e-02 -1.655136048298967016e-02 2.406900042227220204e-01 -4.795364637774390260e-01 4.084286289050780283e-01 -2.016190063220968387e-01 -2.460287052226200338e-02 2.136018805524998732e-01 -1.153987314834094974e-01
1.707672029385333690e-01 -6.254387441213805632e-01 -8.071995845766604116e-01 -8.183401487563964072e-02 -3.100820939760164374e-01 -7.991748901407275119e-01 -6.671468474366919477e-01 -7.252917276903606547e-01 8.635727079995614286e-01 -5.173901161122104186e-01
3.677538704457296581e-01 4.725486506532804998e-01 -4.058207049915867060e-02 -2.680084094974434228e-01 4.402951306553188338e-01 -2.731871288773861095e-01 5.120841747677984390e-01 3.508320753980903595e-01 1.541475992840155573e-01 1.383306058951474515e-01
-3.188358898982666667e-01 2.924815721633521881e-01 -3.612409093285561673e-02 3.172163328929026443e-02 -6.891241222036110781e-01 -2.336872367519258198e-01 3.330125776826282635e-01 -6.512970213174519296e-01 3.844184625339607253e-01 -4.889133370110070455e-05
-1.701157759829365623e-01 4.724675711411162049e-01 6.104575191225538600e-01 -7.394604263737106220e-02 -2.030006904536448831e-01 -5.375532759223492496e-01 -2.577582169927541411e-01 -4.017468559084813040e-01 5.157386515722603981e-01 3.536141487374950265e-01
-3.802339184990971011e-01 -5.362047765020935275e-01 8.693396095408448820e-01 6.504506911855783002e-01 5.090296322921321615e-01 -1.410436884357472165e-01 -6.745775316958069201e-01 -8.365607484206569189e-02 -5.760756263953041856e-01 -6.630669666800663720e-01
-6.689557457557367137e-02 -1.096675878858361236e-01 -6.901664848557398368e-01 3.331977539530179278e-01 -3.807756893828954103e-01 -5.754289151576793548e-01 7.954204361049411753e-01 -1.531366474283893664e-01 -1.317193953828318942e-01 3.563629962231219528e-01
-1.494346742186564714e-01 6.056300494046725769e-01 -4.882685077072113078e-01 -6.682532264302765146e-01 2.552593483056349033e-01 1.322385686961151940e-01 -4.429864891189672083e-02 2.600012812169598675e-01 3.158710518958043334e-01 2.462853295016348143e-01
3.088575658954072489e-01 6.332466572715282904e-01 -2.220664566880022062e-01 3.519969560174933121e-01 -6.077541016069533120e-01 -5.775696452920309198e-01 1.101957221810824922e-01 1.916754472816064314e-01 -1.171722522782192993e-01 -4.398235819791863621e-01
-3.441123244460254915e-02 3.200746751458649619e-01 3.504518220975840204e-01 3.130430911556574269e-01 5.172457655524151932e-01 -2.777893983136882072e-01 -3.696587439101936545e-01 -5.280211594484131299e-02 -5.640533145589481379e-01 -6.215342910453175440e-02
-3.543275270515197639e-01 5.874523919314087461e-01 2.763680601084144706e-01 4.280337171509784877e-01 3.979938448890213420e-01 -4.540258088177138163e-01 3.549398853342923266e-01 -2.565750986922030741e-01 7.149771130141776565e-01 -4.217202461627957977e-01
1.043196382535649808e-01 5.346089743508552344e-02 2.949547367776718734e-02 1.115286572851682985e-02 -7.990272538395064295e-03 -1.812991623572806840e-02 -8.172424818993337305e-04 2.132882721000358972e-01 -1.200679207432281403e-02 -3.209861456417320656e-03
1.127168666900194433e-01 -3.301977945065875941e-02 -8.100636555679783038e-03 -1.423300954160851284e-01 -1.717994462367808117e-01 -1.214818881347770260e-02 -4.068799875464675780e-02 6.525212074336547707e-02 -1.030023740991230369e-01 -2.425816703896651882e-01
3.823469228068205883e-01 -5.486884083301752923e-01 -2.849006349856120224e-01 -7.030294969903987390e-01 -6.899403321717013926e-02 -6.919690478006610412e-01 -2.040927104963423944e-01 -6.344643946501978826e-01 -2.098151059599007856e-02 3.150602247752987140e-01
3.542124380519950932e-02 -6.492956877218479528e-02 -8.634123920065926716e-03 2.030502238724673277e-03 1.832938095818539836e-01 -1.311667663651211631e-02 6.543121945737981338e-02 4.548669531315449599e-02 -9.061589907470558869e-03 5.082725942317478651e-02
1.147707079655097273e-01 2.425696209691301508e-01 -2.946940504437896638e-02 1.304635533150538262e-01 -4.003056539913854572e-02 1.464669852171474052e-01 -2.552831099690366368e-01 1.699201473800983631e-01 -6.085840645982881249e-03 7.114425048340823621e-02
-3.784323527629872008e-01 -4.039473461772213891e-02 5.790715257991260190e-01 -5.128754492868443232e-02 -2.525186132401351369e-01 7.094319542305033144e-01 -3.176527770761357061e-01 -5.153665608576702972e-01 -4.077111788887635146e-01 5.450174913324881132e-01
5.803698500199494514e-01 -7.535974847017914979e-02 -2.596636765378713685e-01 6.618551764783717761e-01 -2.619432163902938315e-01 2.617169883118436458e-02 -7.756050782839556401e-01 1.503443320814795148e-01 -5.354940617136364489e-01 7.418639967122622192e-01
2.364673501983100556e-01 1.592190979548095409e-01 1.358646584054101249e-02 1.102595631510585455e-01 -6.734064205197538844e-02 1.009392376482825676e-01 4.951451753184499260e-02 4.585594729388989266e-02 1.079195340424623506e-01 1.290022867924029981e-01
-5.198674389950846964e-01 -8.461896231134442559e-01 1.559057703778336246e-01 6.036443985770393317e-01 -2.753876265984961935e-01 5.896320473146505758e-01 -8.403260028537091753e-01 -6.977815807576556728e-02 -6.876897025673287533e-01 6.391904277742318508e-01
3.741472159229535400e-03 4.951971117700999661e-04 1.298283008968880055e-02 -1.450709021208906879e-02 7.454474847157464834e-02 6.807749697363497943e-02 -5.763893073630168770e-03 3.811100258863273776e-02 -3.820331501687376785e-02 -1.563374185997691221e-02
1.980558975187937942e-01 -2.350515322216553682e-01 -4.370868249462037669e-01 -2.993426610694683299e-01 4.346792194275600485e-01 3.659628129558458731e-01 -2.096344845480748731e-01 -5.268015115058884978e-01 -5.150215723366294851e-01 4.886371549537762426e-01
2.759183326027453420e-01 -5.039672539211269564e-01 -2.062318170125754246e-02 -3.354284398983076176e-01 9.798390003469427401e-02 -2.892040105835891883e-01 -3.814375470935447709e-01 -6.194080563144937351e-02 9.013416447878223881e-03 1.761341006254253938e-01
-1.050758987562843833e-01 -2.702502322990052441e-01 -7.447065459268907561e-02 6.423972521156487425e-02 1.910076858413024548e-01 2.026423128311364563e-01 2.209375460051692386e-01 1.825561987523726948e-01 1.136698981080706966e-01 9.312684615885512274e-02
-8.559818082467742784e-01 4.488714183511892108e-01 8.837080727666010715e-02 7.403359170493579722e-01 -2.688914975299996346e-01 -3.179598491388645476e-01 -1.515054013679995870e-01 7.619821115069869144e-01 -5.128063647848667139e-02 1.400924060000929283e-01
-2.410807514994851575e-01 8.390379633514619129e-02 5.650986345964944535e-01 -4.027692997653896656e-01 1.992178661742317614e-01 8.061644725654574239e-01 1.950646740329650963e-01 -7.680249332021885783e-03 3.365386497174544522e-01 -4.146349233985114902e-01
8.836456485560544374e-03 1.087003220421021293e-01 -2.440919488247267344e-02 -8.273678256370554929e-02 9.926664262452235266e-02 -1.442335206349829035e-01 1.022119320992971314e-01 1.116734235646213783e-02 -1.364019325297583960e-03 -9.401318335198102782e-02
5.753095229789035453e-02 2.497183750925926343e-02 2.032152805056217926e-01 -1.675365869339929398e-02 -2.150197261804792995e-02 -3.983240056399071916e-02 9.266840979006958981e-03 3.154515906936921493e-02 -1.007727856599702626e-01 1.944314359595357075e-02
-2.850748596658522205e-01 7.618984002180063664e-01 9.133383507390241407e-01 -6.196532499701163932e-01 -1.046970382856027143e-01 -2.452378274348836484e-01 -3.178814216296477757e-01 -2.267684833850274473e-01 6.787892751971317251e-01 -3.963198932006191111e-01
-3.374237832446256302e-01 -4.367395796195827073e-01 -4.450748419084148422e-01 2.738918668336833839e-01 -2.331237344008160461e-01 7.290633611010303161e-01 -2.080162036158426653e-01 -5.147204532054577841e-01 7.483487265037533365e-02 4.376733955032044432e-01
-5.075735042333070490e-01 4.419336073427519995e-01 5.393687503625288482e-01 -3.210425278713517350e-01 -1.554911266567619577e-01 3.177193304166184840e-01 -3.198847676917734306e-01 2.311365196076010098e-01 -5.810002100676905368e-01 -7.117631769338256253e-01
-2.340794521816960128e-01 -4.525340131690069878e-01 -6.237169504737011261e-01 -3.827288033903028519e-01 3.782478868517992754e-01 -5.358791197076050450e-01 4.714071727041425908e-02 -3.165918715153739349e-01 -3.662199989845980053e-01 1.457800501340728305e-01
1.051330992936974490e-01 -3.887671842408711720e-02 -2.284189589856599478e-01 1.575046302784480212e-01 3.363293858971544426e-02 -9.321281246936086173e-02 6.492979573778977220e-02 1.548649529100681876e-02 8.955790948043385047e-02 -2.052841961027285500e-01
-2.537036993302003163e-01 1.634330669940265990e-01 1.972391247179318963e-01 -1.448589483541056488e-01 -5.741562331057775692e-01 5.613616135957648634e-01 -1.218274058128433340e-01 4.366645587219610825e-01 -1.754578682033590964e-01 -5.471788662159802197e-01
6.986065082243811397e-02 2.748343113263197746e-02 1.756918264570670601e-02 5.967794533148438468e-02 1.069248341208986069e-01 -1.770193521222325483e-02 1.232001598968617473e-03 3.054850982411135701e-02 4.705293137469224521e-03 5.098935117527447596e-03
-5.653192064963479258e-01 -2.821294890005600076e-01 -4.560244292040906977e-01 6.325927919885330208e-01 -4.840077702283354655e-01 6.905566666454184821e-01 -3.439480663639226110e-01 -4.550972035786909342e-01 4.822163932594665248e-01 5.614920108825913747e-01
-5.399095046190509617e-01 -7.971723153710698340e-02 3.621242183187444730e-01 -4.023681590012500968e-03 8.202566755121715181e-01 -2.675251658257732923e-01 -2.277219081689628999e-01 5.789933401083096065e-01 -2.556300592703348862e-01 4.227307940744722270e-01
-3.876420980805678207e-02 -2.491893399776693926e-02 3.258466102713114543e-02 6.061894344991949901e-02 1.690610294099178720e-02 7.202002430512977060e-02 2.221667173467159820e-02 -1.444774205485707501e-02 2.039347815159279868e-03 1.187661312728237745e-01
-8.840643984960928903e-02 2.311082094171818258e-01 -1.998952523339542556e-02 6.609417446911343419e-02 1.525627137223997953e-01 5.445696843188395364e-02 -1.243330741636270720e-01 -1.331794561281701428e-01 -4.004083646390314138e-02 -5.556905949611207207e-02
6.596993946471456545e-03 -6.853214891907159767e-02 1.590575260789916373e-02 -1.638129628112905412e-01 8.488987085640924135e-02 5.958070862251117067e-02 -8.161857023647015041e-02 -2.122200856022957161e-01 -2.663796795707100706e-01 -5.200085168267868374e-01
5.178402049680713715e-01 -1.010525002048742599e-01 -5.261892533956237239e-01 -5.595272467668722660e-01 1.224248966309580688e-01 8.621504173095059786e-02 -5.121831047210597676e-01 -6.813797205286963032e-02 -6.184181840995518487e-01 5.104941469145618527e-01
4.609896722171921146e-01 -6.362138515196033017e-01 3.782776166139282248e-01 5.747226623246641797e-01 6.291678891689874709e-01 -3.057013155039467467e-01 4.008926286779159742e-01 1.720307584602971396e-01 -1.274744246930061518e-02 4.826322220518037276e-01
4.188956502293038620e-01 -4.461396656012432960e-01 -3.764350331406249306e-01 1.653960925056056630e-01 -1.396373918791014856e-01 -4.134185709783901874e-01 5.023495768402569395e-01 4.220784682437072610e-01 -1.273740976442673534e-01 1.118138498096710870e-01
2.125820415414404752e-01 7.906207600467018981e-01 5.095673300195071587e-01 6.025118618485811872e-01 7.222737893186251812e-01 -8.031504300759133574e-01 1.674390876923820826e-01 7.928688551108132865e-01 3.089495359496274851e-01 -8.702827180595354983e-01
2.619713401085250193e-01 -1.123897161647175041e-01 5.082412708771273657e-02 1.325631090430963444e-01 -2.059451870888522884e-01 3.414275571732214298e-01 -2.989864120355077703e-02 2.474155034297480238e-01 1.369118905439014322e-01 3.480321109838144800e-01
4.321547260147698410e-01 -5.374328091797209161e-01 5.565442568522569466e-01 -3.541758872045325801e-01 -1.775259326467054088e-01 -1.607636990992591386e-01 5.566410950089060172e-01 -4.451662852595048570e-01 3.267151446905887657e-01 -2.322739500649287081e-01
6.766387347234890104e-01 -2.550036001543870556e-01 -7.074584532560286299e-01 8.932583712407800025e-01 8.626010642852723065e-02 9.341072077569158028e-01 6.929450204352914922e-01 -2.708447988666320971e-01 -9.290677505436950590e-02 7.890342439403916774e-01
-2.193017474804744849e-01 7.378151281722498088e-03 6.529437579635094524e-02 -5.206829892799346160e-01 -4.263783481591267299e-01 -2.379890476808790845e-01 2.159532634309352106e-01 -4.031138302480800628e-01 -2.951008734816755186e-01 1.426414862280437623e-01
-4.781166030420578054e-04 4.915349598774955420e-02 1.514664267496466585e-02 9.666962276919421893e-02 1.376378224086212410e-03 8.071711195488268098e-02 -8.973072354270868623e-04 4.737388417941809649e-02 9.804909514139830209e-03 1.372450456420497462e-02
-1.265511610759318117e-01 -6.034079283181270625e-01 2.757836775963785625e-01 3.312744327094320484e-02 4.916544381780645900e-01 -4.561318028543603353e-01 2.473542869213549156e-01 -3.983800488276501017e-01 7.145890185935548367e-01 4.417546375158032945e-01
-4.830278681348318948e-01 6.760216104013588856e-01 -1.035763483037714927e-01 -1.626300664280008468e-01 4.553402136481351503e-01 5.135923244509918995e-01 2.686342994369210202e-01 4.594045111048634666e-01 -4.625087452581146952e-01 -3.979473723589638801e-01
-6.371806894704762358e-02 -4.112264528649363649e-01 5.387112873955914732e-02 -5.835353671436949163e-02 1.503502466089838563e-01 1.818639851756534420e-01 1.126985053779242518e-01 4.068684379695017284e-01 -2.681774218270842058e-01 3.242164110610981642e-01
-6.774086798605100102e-01 3.952154602687478757e-01 4.481628712030876205e-01 7.199214380439752370e-01 1.306621114822169860e-01 5.890212759565870426e-01 -1.913523184005083699e-01 -8.453247227855667512e-02 7.054182270544337996e-01 9.197277200002330899e-02
-1.490415007425253124e-01 6.238631593851734491e-01 -5.614670772746093164e-01 1.914831040886115499e-01 3.062899251665496814e-01 4.264133803146643587e-01 3.999853447977965715e-01 1.154915555477233902e-01 -4.287692740760299520e-02 -1.581524494659923841e-01
9.963037663258692000e-03 -5.375133994802288109e-03 3.174301844156104252e-02 5.552966705774779049e-02 8.033604661915277889e-02 1.724072960087695561e-02 9.711222277942683015e-03 1.000205697614034023e-01 4.481652506513006395e-02 4.389044337541468666e-02
-4.907776804294098905e-01 5.994247110041696081e-01 -4.901158210041488550e-01 -5.617048020908445467e-03 5.723061052723352748e-01 -7.475783040227181875e-01 -7.993271929969069101e-01 2.622109389067276974e-01 -3.389500527051611534e-01 -7.029644874734519711e-01
-2.114002339759890881e-01 -1.544101490109435204e-01 8.021260526082409081e-02 1.385504344469234705e-01 1.404960489989120764e-01 -4.121278615078397545e-01 1.103483440192810500e-01 5.764160866222775015e-01 2.046751490664741047e-01 -8.218678271403503932e-02
-5.440128584115048183e-01 1.966699914345489963e-01 -8.093647881913949016e-01 -3.328451678953168180e-01 -6.752156345849600338e-01 7.875456921071655181e-02 -8.323443910923636890e-01 -5.071829779476595412e-01 8.004315253609151082e-01 6.869235525927465114e-01
4.248875469720589382e-02 2.490014254248248959e-02 7.821005977525931352e-02 -4.137232632976895613e-02 2.216088154698593257e-02 3.840870887035237324e-02 4.163964644168689777e-02 4.541909138560738801e-02 3.229654352182970926e-04 1.884244599353629770e-02
7.431799025516622192e-02 -2.028077672208235260e-01 2.924152677871479922e-01 4.332193333439511851e-01 -4.829955211664908044e-01 1.866383987628474073e-01 2.238469468639247006e-01 3.779693623994943158e-02 -4.937256690126729519e-01 -5.551241143169383108e-01
2.026274034910869604e-01 -1.078499010083448922e-01 2.039599419140846193e-01 -2.646258648465489235e-02 -1.896645756179432818e-01 -2.201422846594509042e-01 2.267734218148937386e-01 -2.298520188734701764e-01 -1.013702785847584859e-01 2.677076128977725067e-01
6.965858614082368616e-01 -4.799531549662944818e-01 4.768045609231436610e-01 8.245668362759117631e-01 6.134302950631741469e-01 -3.286271867636765542e-02 5.271072007469438381e-01 6.936985422359287501e-01 5.925118713859892638e-01 1.054212446169279782e-01
9.715582096273726875e-02 1.149828025868002424e-01 4.738270661080490886e-01 -1.431677767326439976e-01 1.858756789524480812e-01 -1.967489275275124683e-01 8.830686482010005611e-02 2.645917994048352928e-01 -3.720511282964714117e-01 -3.559153218402027474e-01
-3.568843901568228283e-01 1.337309097959486770e-01 3.852047968687191126e-01 -5.816049129829846676e-01 5.703598168417299830e-01 -1.207405386737606112e-01 7.210828557783977022e-01 -5.607880407704746162e-01 7.488308808302422681e-02 -4.131639714632254906e-02
1.539787598161543869e-01 -2.130501893355290499e-01 -4.066346131553078558e-01 1.193909459738526878e-02 5.086484755393799045e-02 3.391666903351103074e-02 3.716549906621424704e-01 3.750236785846680077e-01 -2.806363674611469378e-02 -4.784761806931864259e-01
3.043800544289744225e-01 -6.138867284033223681e-01 -4.680704612177392643e-01 3.029135601121853497e-02 1.540927634726434181e-01 2.915391260222101599e-01 -2.633598594468323784e-01 1.998595733856447509e-01 -2.633401480463453126e-01 -4.027245919106028915e-01
-3.650759845026552847e-02 3.792906179320378879e-01 3.164342172976355450e-01 1.806417970078186552e-01 -4.922758291740534503e-02 2.229850972278289989e-01 -3.217687861706715613e-01 1.829806764930254348e-01 -6.652072829197535047e-04 -4.137709507736729297e-01
2.500758930450873718e-01 -1.879791180448975862e-01 -1.562085980925645434e-01 4.514073028833104351e-01 3.865329890757015496e-01 4.693029042914363402e-01 6.905251830085260556e-01 -9.483354830621269771e-02 -2.886635460878129167e-01 3.426031809752485557e-01
-5.088037895101676922e-01 -2.094137863291049839e-01 -5.616921746771887103e-02 -7.185997693855871588e-03 2.659381979172943944e-01 -2.242164491954696803e-01 3.140482527962217343e-03 -1.824523112977552430e-01 -2.858684419573070956e-01 2.361249727131534970e-01
-1.355345170027100754e-01 -5.467515189105002366e-02 -2.036938211029417634e-01 1.829514692365899198e-01 1.569884564685504191e-01 2.266400704893646867e-01 -5.107511766608945764e-02 5.845700250876877807e-02 2.409374086087272444e-03 -3.443872664854454729e-02
2.094141853052578495e-01 2.432106240065091685e-01 1.703709428207749454e-01 -2.130312543115613633e-01 -3.637851908631106745e-01 -2.432506829368130119e-01 2.401211448131590209e-01 -3.071145860029015351e-01 3.484163635352772181e-01 6.454757616060073644e-02
-1.977246216186969390e-05 5.352828070948039141e-01 -4.410901747991468613e-01 4.749485594041155667e-01 6.461669134414661508e-01 1.768742766653373100e-01 3.234138239073987009e-01 2.757331090249856009e-01 -4.688934704827033562e-01 -6.461542450067069288e-01
2.797255426222298169e-01 -3.683504494988996680e-01 -3.850297545952613976e-01 -2.308515576174049733e-01 4.673560937732983978e-01 -4.050383194187830854e-02 2.080616963807249004e-02 5.133962813609967979e-01 2.600576220057878030e-01 -2.422953269359796602e-01
-6.536374037917129509e-02 2.960910476631110066e-01 -2.507687386245024963e-01 1.818298705513525515e-01 -5.113988284265853501e-01 -1.680173640279267466e-01 3.094523601623361264e-01 -2.796726927855016087e-01 6.665950213312822337e-01 4.493341555077274840e-01
-2.848348256360980733e-03 9.148540213228269213e-02 2.080267790018957841e-01 2.015103877688078915e-01 9.091615733314728498e-02 3.478125966546617431e-01 1.669265533773048871e-01 -1.097311820644983893e-01 8.463259614631508942e-02 2.476395446822714508e-01
