6.285285161405914645e-01 -7.933748738208626916e-01 -1.146220466431427942e-01 -6.191036504228765169e-01 3.217101270246249811e-01 -4.556173444105268144e-01 3.521652200014026013e-01 5.921522834428261106e-01 8.048767577869908596e-01 7.072870436732470178e-01
1.491868533709721500e-01 1.205859053464542474e-01 -3.870119419049942722e-01 4.043866747746950319e-01 3.952057638093797731e-01 -1.073943749154787214e-01 -2.523305540813388093e-01 -4.308154957506744043e-01 5.160724225872123094e-01 -2.686437507166011263e-01
2.783775963666864084e-01 4.414851633128049069e-01 -2.006093501674400745e-02 6.557511836773524116e-01 -5.670749307297702213e-01 -2.936568267243521158e-01 5.545447873883754264e-01 2.521909807439200457e-01 6.816935743386398627e-01 -2.658401227598065075e-01
1.638068223140421165e-01 -1.796088186500010009e-01 -4.557091676084601417e-02 -4.748592796098763391e-02 -1.455823911963812778e-01 -1.414294572889991386e-01 1.921453661557165071e-01 -1.555227615044426637e-01 1.390069100626793175e-01 -8.361082442763750899e-02
-4.664124560119315040e-03 -1.168026479744815231e-03 7.488540104057550550e-02 -8.586442903296364476e-03 8.345639709838127696e-02 1.256398661053132262e-02 1.333947227765361170e-02 6.547362875741624677e-02 9.243674352244435344e-03 3.878449037554534962e-02
-4.455903777261494003e-01 -7.468461227521593360e-01 -4.071525148562244595e-02 -7.938416474897647124e-01 7.015855783667339640e-01 -6.938135115631324235e-01 5.530860689716585732e-01 7.119220803294163957e-01 6.743676908704200335e-01 2.297332528179011346e-01
-5.294102948592867633e-03 1.756473558281941294e-01 6.282414187136746431e-02 5.084198490168826377e-03 -1.140403160769638997e-02 1.081960324828449074e-02 3.797287171122276650e-02 1.350645905867437976e-02 5.642805854281992411e-02 5.514649617237159761e-03
-5.348283781013531968e-01 6.801270453741744548e-01 8.211578815944087228e-02 6.852687249556250748e-01 2.256083426684110937e-01 -3.245083231328437789e-01 -3.837874337995511587e-01 3.201379641432163803e-01 -6.046064566732478607e-01 5.596605538705544669e-01
-6.997016741293901609e-02 5.908206052374229689e-01 5.495275696508317154e-01 -5.608033897233321019e-01 -2.788941127736834225e-01 3.696472466216057517e-01 -4.170348164052609663e-01 7.204632843897212924e-01 5.174071631570215102e-01 -1.900880379489350014e-01
5.105346238427164486e-03 -1.882423312766210756e-03 -6.857277345717857284e-03 3.053357028984547694e-02 9.453316765637909125e-02 4.271286388336185957e-02 8.797677221647072499e-03 4.762327638798663498e-02 2.806881304100836833e-02 1.651267040144670586e-02
-1.453761553802368489e-02 9.784336584079340871e-02 6.157794376754584242e-02 -6.728481962638109548e-02 2.151231129962009880e-01 1.424776387413103675e-02 -2.766792955204287752e-02 -2.717776771163106769e-03 2.713156697403771092e-02 4.853043081812317971e-02
3.422697530966702373e-01 -3.188816826960522710e-01 5.951333907900655529e-01 1.864085622535291697e-01 -3.493835821283144960e-02 -2.090174844962245648e-01 5.402728879572773479e-01 5.067731474345159581e-01 -4.532697830972219899e-01 4.087062424262957183e-01
-4.218659382512625622e-01 -4.398058958674837954e-02 4.412958107656983486e-01 5.798731683643864043e-01 4.668427456224350514e-01 -4.580286621690182747e-01 2.075138759705849323e-01 -1.355762268489001110e-01 3.158713181813911919e-01 -1.276836816324005142e-01
4.146965089879753874e-01 2.014278336925389712e-01 -4.656865110651726702e-01 6.358395141655645011e-01 1.752784727959454392e-01 5.418621046191057777e-02 7.429785876777750264e-01 -1.597984614070679654e-01 4.121721508186620975e-01 2.873861138878223698e-01
3.103464034380752912e-01 -5.498721883106657549e-01 3.609734989603936572e-01 -2.360832211628624278e-01 2.914387068336204978e-01 -1.801449711825858502e-01 -4.543217416664157571e-01 -1.668287850548906825e-01 -2.011304162486083347e-01 -6.823598172558669184e-01
-2.185164908014880589e-03 1.500880356459813499e-02 5.108100299439902875e-02 2.535914186426403358e-02 1.186766205410080821e-02 4.396252256591347274e-02 1.459171351338237575e-03 1.383415023877020188e-03 2.417041189418514188e-02 3.576517806022697088e-02
-4.003173883759020835e-01 9.684088413192577793e-02 -5.377531250409218755e-01 -4.606518406796789034e-01 -1.395408470592960325e-02 1.948641257121715431e-01 -4.155446778113489059e-02 3.551458212990779018e-01 9.644276979530228000e-02 2.438228704607091901e-01
8.297675050146108289e-01 -5.337672926448658872e-01 -7.693720895905963308e-01 4.700892946058315425e-01 5.959884185676684876e-01 3.149311676779172897e-01 1.115673368938753240e-01 6.657052126494531485e-01 8.042207418440290301e-01 -4.411909432476881499e-01
1.392127299886376747e-03 4.165645466653730006e-02 -5.885791825378343667e-01 -4.765801951312571560e-01 -5.777534404511284194e-01 2.850473565613884652e-01 -3.637217425445123942e-01 6.704007558567810499e-01 6.701317096051974398e-02 1.281458452571676565e-02
-4.209722978780330166e-02 2.380072508951882881e-01 -1.338236917220915756e-01 6.341042924091362665e-02 1.920412339480326858e-01 -8.754149639238212322e-02 -1.973045697357088402e-01 1.338163875290968308e-01 1.428180307124129467e-01 4.798778116960140949e-02
-2.148189296822141086e-03 -5.307425317072753806e-02 -2.350095082883405795e-01 3.619817244768350761e-01 -4.059699048833173562e-01 -2.560297882863343810e-02 1.767967651473087431e-01 1.949837354689474278e-01 -3.044460619750705144e-01 1.742635204145754624e-01
2.748179719627496520e-01 -9.181403100698769248e-02 -2.222646256726354685e-01 4.006642653139595445e-01 2.637446617357949719e-01 1.637345319360341556e-01 2.075125806264485340e-01 -8.957461392235832598e-02 -1.249092202422331377e-01 -2.127968170792729485e-01
5.781773275904681514e-02 4.145239964968128743e-01 -1.992416362278288111e-01 1.704230867097921709e-01 2.525988734075015341e-01 1.294004252019281542e-01 1.011948639743848743e-01 -5.091872559145420307e-02 2.428985402548499428e-01 -6.970274597733887301e-02
5.222791659785772644e-01 1.115590257923915196e-01 8.166480046131217030e-01 -8.842808509778194992e-01 -3.956491803731221890e-01 8.721234485721236773e-02 7.580178101173798977e-01 -7.725615510719107126e-01 -2.095069124733892896e-01 -8.075806947842374406e-01
-6.267810978611404460e-01 1.826120393969061506e-01 1.285303344925200694e-02 -6.597016828599441829e-02 3.363407402880611574e-01 -1.338426022679090055e-01 -6.821408626488882909e-01 4.617278421519393494e-01 -6.515138676706609955e-01 -5.979162353189739765e-01
1.103407532384041712e-02 -3.279288436473670049e-02 -1.610997564187167247e-02 2.449896138666939061e-01 -4.850492488022027926e-01 4.165323229665723326e-01 -2.044810482570441068e-01 -2.436857975999275408e-02 2.175092559920502044e-01 -1.159729049171541876e-01
1.708338332474569621e-01 -6.254828184938139302e-01 -8.085457133837256061e-01 -8.180219354557173583e-02 -3.101101514098751899e-01 -7.991778350271141473e-01 -6.672452342736190367e-01 -7.253580117251408055e-01 8.637325152731800681e-01 -5.173551090768452321e-01
3.679963986569133594e-01 4.727660980943168001e-01 -4.058881710358119843e-02 -2.681272499049456859e-01 4.399636722927772192e-01 -2.759052383369244854e-01 5.126353466243707135e-01 3.512492618054527949e-01 1.543814877966688259e-01 1.384604753530240817e-01
-3.189354464886068330e-01 2.908222769120076268e-01 -3.575630896180528179e-02 3.156227804510586266e-02 -6.896915396487007799e-01 -2.373814304365854944e-01 3.310281127850914218e-01 -6.522153699323633980e-01 3.852195701055310950e-01 4.363739206157673666e-04
-1.718919456343311336e-01 4.751279322728846899e-01 6.126003743103741739e-01 -7.149148600936823528e-02 -2.132473701536928001e-01 -5.384402356804711687e-01 -2.584265526980311645e-01 -4.075647559574842038e-01 5.184549939937689311e-01 3.581343012601393427e-01
-3.800196584828406943e-01 -5.398167104345573675e-01 8.694144860364426686e-01 6.500812152708360658e-01 5.100288051394338273e-01 -1.409294359655049456e-01 -6.755492075240356886e-01 -8.334815321242990127e-02 -5.773390586749242992e-01 -6.630459394672086892e-01
-6.650208351663740303e-02 -1.099522422933297133e-01 -6.913636647028086335e-01 3.337066510448165046e-01 -3.806703587831288815e-01 -5.782652215596857381e-01 7.970747976026836268e-01 -1.520601669398566613e-01 -1.319948859860933243e-01 3.548748246254670446e-01
-1.489088997555757243e-01 6.065664201465890137e-01 -4.886531211855386081e-01 -6.684440381363253580e-01 2.551362751017445252e-01 1.322271470260441006e-01 -4.320767344289149631e-02 2.549939684638936055e-01 3.153555308902161181e-01 2.482448087365063394e-01
3.090994359597902807e-01 6.335471368949169291e-01 -2.222447892426022142e-01 3.527210391371740639e-01 -6.111474052454821670e-01 -5.779254005108401815e-01 1.090714553951020738e-01 1.925798761666759340e-01 -1.167713357377242606e-01 -4.402016579248675954e-01
-3.422611099690994058e-02 3.175371593751208366e-01 3.511682995216227621e-01 3.132543175988840578e-01 5.174973070197365077e-01 -2.784699023038916810e-01 -3.701334945801010856e-01 -5.305643602850492607e-02 -5.641519251084462505e-01 -6.184212945151226076e-02
-3.528580072028293935e-01 5.889739537990321683e-01 2.754128654732694303e-01 4.287571422419343414e-01 4.007088243587225151e-01 -4.512811406280431981e-01 3.559407350394455105e-01 -2.608910658658818438e-01 7.170006071771116707e-01 -4.219037928459842268e-01
1.053708361503422758e-01 3.536462100774831474e-02 3.490117729783545619e-02 7.501236278603450741e-03 -8.241482457254204613e-03 -8.814823770816144696e-03 1.660711872469900407e-03 1.647119453498370190e-01 -8.260777806524510769e-03 3.570112938246620005e-03
1.411482049519185988e-01 -2.690364836146963076e-02 -5.770216014354003116e-03 -1.713723281087645989e-01 -2.334136741355606892e-01 -1.068126333656550797e-02 -5.700770398635896657e-02 9.658609160303943675e-02 -1.165443674424512938e-01 -2.851020746987459886e-01
3.828525775475137283e-01 -5.490729722835155924e-01 -2.857013291590613235e-01 -7.031242715877270566e-01 -6.879883545090466346e-02 -6.944909170463703374e-01 -2.032387928061632210e-01 -6.338913987014754836e-01 -2.113657023138023131e-02 3.121480958577987908e-01
2.637598541094332213e-02 -8.104331738796405338e-02 -1.284009245038252294e-03 -3.607712660826154546e-03 1.716850604363069077e-01 2.407047640732447834e-03 6.964896498005743175e-02 6.219437611457957760e-02 -2.038985801568784020e-02 7.321748963710529579e-02
1.125327593730136577e-01 2.498288682438725705e-01 -3.466721061172858137e-02 1.132933198043581391e-01 -4.232093518059670129e-02 1.661621636639072919e-01 -2.823247658492339385e-01 1.819115204605744884e-01 -3.724807108440611643e-03 7.255034562138283627e-02
-3.829016496606620357e-01 -4.029042563837804264e-02 5.794706385555947747e-01 -5.072473019257935783e-02 -2.530229067698247514e-01 7.113506066419148510e-01 -3.186297619304376272e-01 -5.173399270198649758e-01 -4.080134808082380715e-01 5.435328740677087822e-01
5.803827902513641890e-01 -7.584075519411891120e-02 -2.596679984884076586e-01 6.618704535402097910e-01 -2.619498745653618399e-01 2.617290737881412116e-02 -7.756218824115890254e-01 1.503479801949484385e-01 -5.355044604064034264e-01 7.418806761627304569e-01
2.488751930706069315e-01 1.691881939482814123e-01 1.028732923372548298e-02 1.154229901482698301e-01 -7.248926499012781077e-02 6.998438816792323935e-02 4.441113266967786077e-02 5.156949126653875837e-02 1.160719553086399375e-01 1.385883774489582998e-01
-5.197942616523586468e-01 -8.463199707232814673e-01 1.549990800843631944e-01 6.035849011399887498e-01 -2.752803131768284950e-01 5.896863881660568962e-01 -8.403524768917577381e-01 -6.963656700874851224e-02 -6.876900739671311102e-01 6.391953110053848475e-01
-1.905146218192293800e-03 1.408975903761536599e-02 3.055605516728095161e-02 -2.312744360632204565e-02 2.722800793014656939e-02 3.088433091668106589e-02 -4.874961194080457139e-02 4.494023160162754355e-02 -5.651476446310110119e-02 -4.022256321268303375e-02
1.999060359458722236e-01 -2.352933262814402848e-01 -4.378563661232346971e-01 -2.985696367664821826e-01 4.337509331596896001e-01 3.655245873043859728e-01 -2.075857981870543878e-01 -5.331611412790023818e-01 -5.174049802297739920e-01 4.917138494793477643e-01
2.787020236043979415e-01 -5.093151218895093368e-01 -2.076759725134557158e-02 -3.391175059772517097e-01 9.757819185316746191e-02 -2.927129608669279959e-01 -3.969520109933241669e-01 -6.338573210901614352e-02 9.524311424604367873e-03 1.782080229794603399e-01
-1.117272462625923946e-01 -2.866281779510517214e-01 -7.737453884069246668e-02 7.010203979964844956e-02 1.707068581623782111e-01 2.156811946185087092e-01 2.368389462750407903e-01 1.960951123130487139e-01 1.232240079124216070e-01 7.726160826578944152e-02
-8.560419076441208031e-01 4.487768733535769106e-01 8.848169166431175958e-02 7.396997042738260308e-01 -2.688807375605344330e-01 -3.178879060675091628e-01 -1.515088734310207352e-01 7.620381009221630642e-01 -5.124883106810614736e-02 1.401793344070822733e-01
-2.424447050850747631e-01 8.395314532901010374e-02 5.652346511969743581e-01 -4.028641563404258275e-01 1.993144403274414167e-01 8.063397264859173408e-01 1.950959601890920603e-01 -7.681703107877646715e-03 3.366184495906638374e-01 -4.146853368605373236e-01
-5.486395816524939489e-03 1.251863810303639468e-01 -5.184937054186363609e-02 -1.138974738894766303e-01 1.473531911145899154e-01 -1.621064187218951014e-01 5.124711039697559672e-02 2.450209196041870305e-02 -2.425839251517752752e-03 -1.245082763714736029e-01
7.115522982798958007e-02 3.594983647612774984e-03 1.801197166222909263e-01 -1.819183312619051737e-02 -3.030741957330953043e-02 -4.399313356767266953e-02 -5.613910185263605405e-03 2.720167529941593804e-02 -1.232092094650312081e-01 3.019657084553211898e-02
-2.854559135911669543e-01 7.646421433160898173e-01 9.152033967541235437e-01 -6.203593756667595827e-01 -1.042322589040307890e-01 -2.523664277832658454e-01 -3.167897428805546700e-01 -2.250683483966027798e-01 6.806314401088378041e-01 -4.005234192210344046e-01
-3.385952565206462039e-01 -4.366943686782648326e-01 -4.448514599753916610e-01 2.745379559935218206e-01 -2.325207891065002030e-01 7.267898061645611252e-01 -2.089863247422177606e-01 -5.144396529725697720e-01 7.514164800952743972e-02 4.388505339013996642e-01
-5.075807058076945433e-01 4.419450335544536368e-01 5.393959784010745606e-01 -3.210082738935058910e-01 -1.559156096663029401e-01 3.177880790486301010e-01 -3.198796725415206099e-01 2.312076401569489736e-01 -5.809779896169359192e-01 -7.119786137249239921e-01
-2.344318182558981500e-01 -4.526140005202909378e-01 -6.242362598109837402e-01 -3.876894438928289999e-01 3.791711466980710044e-01 -5.362877518688732303e-01 4.758737434129753363e-02 -3.168445434070469302e-01 -3.663631853875016775e-01 1.466241002604169175e-01
8.067394009039592639e-02 -4.183492564654132245e-02 -2.394728684955340081e-01 1.688408637603898976e-01 2.847926059650553871e-02 -9.297096439016688807e-02 6.560612490781174422e-02 1.711246815082122057e-03 9.626774578742161581e-02 -2.209915639298021817e-01
-2.585005838339336504e-01 1.633875213998765563e-01 1.957368700692826424e-01 -1.449526495423258676e-01 -5.744888235746724581e-01 5.647628505021711209e-01 -1.265534777636705133e-01 4.391552986954857518e-01 -1.763886880534213941e-01 -5.501546080104580128e-01
7.484915456370457021e-02 3.227815798066302477e-02 1.693033391108486607e-02 7.339325425285425641e-02 1.035635872005305491e-01 -4.229607615056408393e-03 1.672402823820319517e-02 9.990568812615480132e-03 -9.430268551175987127e-03 2.480805751434173121e-03
-5.660788797758630198e-01 -2.821521438919032398e-01 -4.567782370796689695e-01 6.321259445056719439e-01 -4.832079401251350714e-01 6.930173419934395618e-01 -3.441808416139843230e-01 -4.587928181151743057e-01 4.823775313740889525e-01 5.608459714704439047e-01
-5.398351632563213043e-01 -7.968094457479493742e-02 3.621542106727183574e-01 -4.010276603127133424e-03 8.202346402724152163e-01 -2.675070771097537992e-01 -2.276330720101474303e-01 5.787792991849840529e-01 -2.556810267273222359e-01 4.228666965022948032e-01
-6.563375972991138119e-02 -3.791152195571529521e-02 4.524069296759464232e-02 5.278510237473470201e-02 2.433924023385352264e-04 3.128803115325399370e-02 3.552932289497712920e-02 -1.076621830662233617e-02 7.540214759420574113e-03 1.109217158592684799e-01
-1.023004392651946509e-01 2.420784223573668181e-01 -1.823107369221977844e-02 7.855623393622342132e-02 1.774300147838247244e-01 4.462751464163729198e-02 -1.577612755924205634e-01 -1.412373336568120974e-01 -5.113527457902990875e-02 -8.289531611730889538e-02
9.305074697469897793e-03 -7.197671947813304161e-02 1.495785054357568963e-02 -1.732840922753237922e-01 9.876755842619198977e-02 7.443981391095040590e-02 -8.501205268924798275e-02 -2.498629704533174567e-01 -2.775549159034742530e-01 -5.508690584090032427e-01
5.202695286015773801e-01 -1.103564827244740559e-01 -5.283920482521464734e-01 -5.626492915496613678e-01 1.246090325764138695e-01 8.684006098623878178e-02 -5.153304248179324532e-01 -6.755779400915658262e-02 -6.225899399453007632e-01 5.127316829854750013e-01
4.615540292033156744e-01 -6.365403133842443273e-01 3.783899645093161124e-01 5.747481181472495759e-01 6.295968110601464218e-01 -3.049788030421936580e-01 4.010396613796473608e-01 1.711614738186950646e-01 -1.261008782974606252e-02 4.826820702506559035e-01
4.213864243861985548e-01 -4.475742373148093867e-01 -3.839464313424977848e-01 1.673434959163858093e-01 -1.394252717218444626e-01 -4.143051846721620968e-01 5.051393967298767329e-01 4.239705144808535997e-01 -1.278627210365451128e-01 1.123518641600856210e-01
2.124108963418323559e-01 7.906667387652330792e-01 5.094564781389070429e-01 6.025543457827831073e-01 7.223933478477584380e-01 -8.029972442419683887e-01 1.672693746173329610e-01 7.929932382655371370e-01 3.089911952795998951e-01 -8.704220856657884919e-01
2.807084914535810660e-01 -1.157630274770749673e-01 5.437198995374285804e-02 1.363520604499445787e-01 -2.048955098332630731e-01 3.669160054822688255e-01 -3.377022510606516453e-02 2.366243124791508057e-01 1.439009168931996707e-01 3.480910615676913733e-01
4.326913888895528859e-01 -5.416682924052791392e-01 5.569088534247584876e-01 -3.538537394834377348e-01 -1.759820381273980439e-01 -1.590711626629244813e-01 5.541255805417671931e-01 -4.465216978215763022e-01 3.271874662173429593e-01 -2.337518167408414171e-01
6.766387347234890104e-01 -2.550036001543870556e-01 -7.074584532560286299e-01 8.932583712407800025e-01 8.626010642852723065e-02 9.341072077569158028e-01 6.929450204352914922e-01 -2.708447988666320971e-01 -9.290677505436950590e-02 7.890342439403916774e-01
-2.178878116244220287e-01 6.567798051837222574e-03 6.057301734585595482e-02 -5.237377207081873598e-01 -4.288107444881026908e-01 -2.351075937049769971e-01 2.195217352701269442e-01 -4.083359436927946895e-01 -2.972353327164420911e-01 1.438023097733585887e-01
3.942934304037097083e-03 3.422621349942876062e-02 4.973978156087747321e-03 8.436296395907166845e-02 -2.106371064314517961e-04 6.136930416080554895e-02 5.781054682445135005e-03 4.817650809088982328e-02 1.088188687011275649e-02 1.441397953726961459e-02
-1.265445606630075104e-01 -6.033697409232857689e-01 2.766150076414853332e-01 3.348620699139678858e-02 4.910176682791250191e-01 -4.552867280705353847e-01 2.462725374562980685e-01 -3.978885039597749862e-01 7.153641288050331948e-01 4.426093753707687761e-01
-4.829298911017804730e-01 6.720558182939019298e-01 -1.039129701180812881e-01 -1.633994532784614484e-01 4.564804819325366525e-01 5.140714866899647184e-01 2.680843459404157469e-01 4.600812325371395062e-01 -4.638335440458319359e-01 -3.978728625575962408e-01
-6.623758244767577463e-02 -4.184753654765396846e-01 5.630973603786205983e-02 -5.718253348399512936e-02 1.583853698445788771e-01 1.740269008598441247e-01 1.139216031810311863e-01 4.117431897459333801e-01 -2.764971268984571240e-01 3.276562795330451583e-01
-6.774287262231785123e-01 3.952387200123363975e-01 4.481575321007979507e-01 7.200162740222680879e-01 1.306745122938219594e-01 5.890711875784817586e-01 -1.913523936671500947e-01 -8.515632856482308055e-02 7.054713363483807731e-01 9.195509717680423745e-02
-1.490685611842106906e-01 6.239937068638600204e-01 -5.614676040392144740e-01 1.915463262118301813e-01 3.063660911028011080e-01 4.247694719300701971e-01 4.000562152340406685e-01 1.155182140067898822e-01 -4.285152191120269322e-02 -1.581052073646070644e-01
1.205518505489782538e-02 -4.941549322300555110e-03 2.278407453743723846e-02 5.397262453294708606e-02 6.111518963748710509e-02 3.079652369793988570e-02 6.359155036861456611e-03 8.057319930048346956e-02 3.953709321462316878e-02 4.607232466597310783e-02
-4.907686521766844723e-01 5.990169973080841093e-01 -4.900706145045436446e-01 -5.592450139785681840e-03 5.722881146148762754e-01 -7.475702421775957118e-01 -7.993129991035359261e-01 2.622519198055082157e-01 -3.389217592570344939e-01 -7.029572034149084159e-01
-2.133111428146787780e-01 -1.627479491632575215e-01 8.091302857839242912e-02 1.387930788389389325e-01 1.424730632933896290e-01 -4.155551645271089445e-01 1.113085552283279434e-01 5.746327093532606067e-01 2.068321624821625182e-01 -8.262436094428031452e-02
-5.440578981753801946e-01 1.970229020729824809e-01 -8.104170947477244979e-01 -3.333276610422438724e-01 -6.752760488162933283e-01 7.863982045589790193e-02 -8.325258686688608023e-01 -5.071920590079723734e-01 7.999666054696239481e-01 6.874204332055443567e-01
4.716083581068304664e-02 3.252938651959486754e-02 7.880675807891038276e-02 -5.060853742553970275e-02 1.480855111181435951e-02 1.312407644205632051e-02 2.887075686004368993e-02 2.490482190978488691e-02 -5.617554200415823124e-03 1.425673734545047748e-02
7.544248560815569604e-02 -2.059517824805776887e-01 2.921399239109183643e-01 4.345205576517374713e-01 -4.835645516874460537e-01 1.844216568132805711e-01 2.265674278778015416e-01 3.698975228769052492e-02 -4.955503188477379251e-01 -5.568661263987806365e-01
2.214537766037290856e-01 -1.198447246722648685e-01 2.236483919639895013e-01 -2.775882860653959908e-02 -1.995739472861428054e-01 -2.277325935430382087e-01 2.252991659384156742e-01 -2.541512968629060509e-01 -1.166995070482774871e-01 2.935229021647775549e-01
6.965963289395602498e-01 -4.802057730142328951e-01 4.768352652312685125e-01 8.245692811538227751e-01 6.134499191701340282e-01 -3.285461738136526838e-02 5.271070867283227379e-01 6.937011804931085823e-01 5.925068094692307330e-01 1.054227698653294049e-01
9.588376070633505832e-02 1.154518556198599472e-01 4.711970763773117854e-01 -1.435129284433690200e-01 1.867419895636101834e-01 -1.969851744235994739e-01 8.849991016363854823e-02 2.653208620965883391e-01 -3.723760205538634294e-01 -3.561288109445076566e-01
-3.568962214099456465e-01 1.337353431763031175e-01 3.852175669858257656e-01 -5.816241940586853731e-01 5.703787251256176027e-01 -1.213244571438063246e-01 7.211067607572213545e-01 -5.608066317356209529e-01 7.488557056977387938e-02 -4.131776684689292961e-02
1.577583349242295263e-01 -2.179638949637364709e-01 -4.162152762022356955e-01 1.511837925360818430e-02 5.164575859614818631e-02 1.878354167798904767e-02 3.800310228161078996e-01 3.868855310555667226e-01 -2.942038488976174426e-02 -4.939605249376498031e-01
3.046851389446959546e-01 -6.143844889547978028e-01 -4.708164582574246304e-01 3.027336111998632853e-02 1.543925857403981305e-01 2.917744774146450726e-01 -2.634450496224534088e-01 2.000964031620541261e-01 -2.648037870169957508e-01 -4.029662114913345472e-01
-3.679532675737642866e-02 3.755959343141574425e-01 3.180949312694352216e-01 1.820142226004299035e-01 -5.372093063841857502e-02 2.232275933419788916e-01 -3.231701687964206871e-01 1.840100755721265913e-01 -5.151007034196221357e-04 -4.158082885685607244e-01
2.503628127268341941e-01 -1.878907446218648636e-01 -1.566704625777858850e-01 4.520516175638221168e-01 3.871229712676452217e-01 4.673553391644909016e-01 6.918474782682758617e-01 -9.383708802441188823e-02 -2.910644092795715010e-01 3.413483218276373021e-01
-5.109558935060545259e-01 -2.150792966314289678e-01 -5.469553718665078057e-02 -7.413385687275930377e-03 2.652449916755608705e-01 -2.388499988122121942e-01 6.077228920556214213e-03 -1.844988636677292737e-01 -2.858677783758103441e-01 2.400985416196004529e-01
-1.691572366663575688e-01 -6.574505318770149098e-02 -2.468313460395126224e-01 2.365374671439147702e-01 1.773600386637949333e-01 2.953690282279618495e-01 -1.015045404322694467e-01 6.445226781763205293e-02 2.949973718530129758e-04 -4.597681823789417227e-02
2.124550705144008789e-01 2.406625105720300861e-01 1.724947829236978258e-01 -2.150670927437640378e-01 -3.651480348358299710e-01 -2.425141088160303326e-01 2.336294857400424696e-01 -3.132356841958569005e-01 3.510111484225335587e-01 6.463011246227584605e-02
-1.951665897593826072e-05 5.346779734639311998e-01 -4.410953035309813086e-01 4.749961446080796512e-01 6.462203049032803071e-01 1.769147801999738645e-01 3.234234877297577637e-01 2.757644189532008072e-01 -4.689041624579891598e-01 -6.461656891163455319e-01
2.817400553202752955e-01 -3.709872350381893669e-01 -3.930698391565304872e-01 -2.324747174029801744e-01 4.706207310433442870e-01 -4.710726471509994046e-02 2.091561430805709276e-02 5.170813303539809613e-01 2.617151311859480245e-01 -2.439493434648007386e-01
-6.752442209342762736e-02 2.968335786514141317e-01 -2.510056823223120737e-01 1.816588776718195408e-01 -5.122306800084502898e-01 -1.678550782994349400e-01 3.093052391539747314e-01 -2.788701462899991212e-01 6.675248812060418091e-01 4.502554825391876792e-01
-1.666942397243329280e-02 9.462821276961320971e-02 2.175544588680427271e-01 2.084385505628312540e-01 8.477530236047212120e-02 3.620389528239211230e-01 1.709844852740765586e-01 -1.082658203673393799e-01 8.898668455875739791e-02 2.596533914033198331e-01
