6.295154098247259800e-01 -7.964078189045064038e-01 -1.149959367431964141e-01 -6.200180006658082554e-01 3.226269197769121577e-01 -4.555588370313438662e-01 3.511847910896253033e-01 5.924555368615702644e-01 8.040140146545109445e-01 7.081051184883889738e-01
1.494805713948005876e-01 1.206331510186855471e-01 -3.881128958644224913e-01 4.040476315391828277e-01 3.957617345290972977e-01 -1.079269467998143217e-01 -2.521670096667859573e-01 -4.315580292547770980e-01 5.163604539285715500e-01 -2.683745274541436410e-01
2.789291416777974764e-01 4.417318871741397479e-01 -2.000770495364439031e-02 6.559569150411588279e-01 -5.671040453680572524e-01 -2.936236906552892045e-01 5.551541205343603069e-01 2.504397689106539482e-01 6.815939550659889656e-01 -2.659423622391463016e-01
1.578033923040388087e-01 -2.064143736123831285e-01 -5.610400784057241463e-02 -5.930251876105661207e-02 -1.644148062443651914e-01 -1.763701076888132546e-01 2.250326346292466084e-01 -1.927246625133793301e-01 1.616711351450217937e-01 -1.055375150659716987e-01
-1.280971620991151775e-05 -3.622341869491955274e-03 6.343366033277555993e-02 -7.333039391045416931e-03 8.154617286535863208e-02 1.285638533142006643e-02 1.538224188011160995e-02 5.785703573095787172e-02 5.843873315876383506e-03 2.729213955598463331e-02
-4.455896546340391007e-01 -7.471113049272237738e-01 -4.071309862887531605e-02 -7.938259495337004479e-01 7.016366903854606152e-01 -6.937934560186095334e-01 5.531078446116391989e-01 7.118163760467864920e-01 6.744062785102525881e-01 2.297479681259043394e-01
-6.711644771424201544e-03 1.551050562333272376e-01 5.540170137693893604e-02 6.832008556140673969e-03 -1.307483589011347244e-02 1.040302222292202941e-02 3.915945748040512708e-02 2.745840125205797812e-03 5.668680599949602050e-02 1.808330669882397520e-03
-5.348922356577283654e-01 6.802692946451697198e-01 8.123975055791182731e-02 6.854479852571824239e-01 2.257660068351649285e-01 -3.245282198077499292e-01 -3.838411838189184633e-01 3.202304539913979897e-01 -6.046992229335715896e-01 5.597934422916323038e-01
-6.948698234587644129e-02 5.906988083143681623e-01 5.500409322084552910e-01 -5.605612596885484189e-01 -2.787623558529191414e-01 3.699016189276622124e-01 -4.185366428808025563e-01 7.196862974289129911e-01 5.170822010385742740e-01 -1.897369402857315979e-01
8.736444877015152669e-03 -2.198634715217571891e-03 -7.335165364970766544e-03 2.079281242390386072e-02 8.046409158406485351e-02 2.567348099105519824e-02 1.309118682004313527e-02 4.422313779277373819e-02 2.493088430209798242e-02 1.879531501267636684e-02
-2.352400681035174412e-02 8.753893966956050043e-02 7.686053634024966885e-02 -9.100633128528165527e-02 2.357880389656175357e-01 -1.348525271646678237e-04 -3.268817679035019436e-02 -7.801286103699530891e-03 2.591355318566870847e-02 4.997772625706511235e-02
3.422915065514818833e-01 -3.188955007762921956e-01 5.947131743554845418e-01 1.864184584078076024e-01 -3.493928339123581611e-02 -2.090270962747466654e-01 5.402990548103835389e-01 5.067798188097004664e-01 -4.532914767066819617e-01 4.087267258868571562e-01
-4.230182468130051499e-01 -4.373836518702706178e-02 4.428588092403392129e-01 5.816837090651924003e-01 4.661823414925254649e-01 -4.625786163544657881e-01 2.076280957920843273e-01 -1.354265883914745061e-01 3.164552914680003326e-01 -1.283105771425082919e-01
4.166424409469339230e-01 2.004175829763873151e-01 -4.648064652410021091e-01 6.367873049799593899e-01 1.752499242151912273e-01 5.408230706926658860e-02 7.426286225906620908e-01 -1.613970092574668891e-01 4.117928316860937632e-01 2.861658711687564693e-01
3.105586367982597906e-01 -5.499629065542422923e-01 3.580112893474204916e-01 -2.365446616856778650e-01 2.907917570261795981e-01 -1.809412778295179935e-01 -4.551366705832529669e-01 -1.670513394080837821e-01 -2.009623330717530965e-01 -6.840607278520727252e-01
-4.205563086172218502e-03 1.013443957651146039e-02 5.096797107886676115e-02 1.482326541536187377e-02 6.955160693887915170e-03 4.093689929831892393e-02 3.192092504206243270e-03 3.511493281732486812e-03 2.815778978000912924e-02 3.437172935022723280e-02
-4.206656032891862851e-01 1.030145318620814265e-01 -5.541789105777300550e-01 -4.771397595227842015e-01 -1.119915929972257508e-02 2.069120592610068921e-01 -4.156383133688062309e-02 3.634747407517445184e-01 9.825430748491083277e-02 2.430056573773131112e-01
8.297681885984613537e-01 -5.337677323761148562e-01 -7.693727234191474196e-01 4.700896818775046060e-01 5.959145433892719668e-01 3.149314271263276566e-01 1.115674288059220753e-01 6.657057610745599208e-01 8.042214043817978997e-01 -4.411913067121548959e-01
1.516471841094642423e-03 4.192320648958678536e-02 -5.898281819865520692e-01 -4.770646780264516384e-01 -5.783443488402792987e-01 2.854653207556534511e-01 -3.641120359422186370e-01 6.686127563917155792e-01 6.719217727587145639e-02 1.282383518026974922e-02
-4.801608030146211487e-02 2.535371559718412326e-01 -1.365291247490359183e-01 6.059936476173794634e-02 1.864293625707156565e-01 -9.020760015443615720e-02 -2.141982239563121060e-01 1.491126558969534388e-01 1.533475529632963852e-01 3.640240160346606968e-02
1.084058342100650563e-04 -5.518668081840658740e-02 -2.430405378328117927e-01 3.685918597346893311e-01 -4.124043806771828247e-01 -2.477528231896872907e-02 1.806976166754409030e-01 1.875259306705283624e-01 -3.124584364834236405e-01 1.785138398498181400e-01
2.801537790701896791e-01 -9.417048849804840471e-02 -2.403175284308264603e-01 4.067479386414251663e-01 2.698541700634098928e-01 1.658821137551085012e-01 2.140513938676248118e-01 -8.770257531337644075e-02 -1.275834222550780717e-01 -2.137239828943281184e-01
6.040898405105912805e-02 4.275568267312150894e-01 -2.154348413355000880e-01 1.759110082426073862e-01 2.607780484357841710e-01 1.340130390502420332e-01 1.042197939258616840e-01 -6.471596981300128948e-02 2.504381006256775621e-01 -7.145437877128056614e-02
5.222936550205257156e-01 1.115385655492073941e-01 8.166533154124344662e-01 -8.842825661534722270e-01 -3.956377068584899237e-01 8.722537306734109985e-02 7.580260312568406489e-01 -7.725546988857250330e-01 -2.096160847911629765e-01 -8.078266367760070787e-01
-6.273239751628293392e-01 1.830354059939413858e-01 1.256072386861254754e-02 -6.610126163651126874e-02 3.365665786331615283e-01 -1.363845257838765257e-01 -6.833934826873568902e-01 4.632975088867710145e-01 -6.518585960451436234e-01 -6.012984322407114446e-01
1.156223530879259449e-02 -4.580660516753209954e-02 -1.606620138299919703e-02 2.497361571672234437e-01 -4.911356519551030586e-01 4.257631517763216245e-01 -2.080179102938916058e-01 -2.465525682151181036e-02 2.216041161586966013e-01 -1.163207735658697839e-01
1.709378264532389613e-01 -6.255174269953009958e-01 -8.095943410794110839e-01 -8.169656654736337509e-02 -3.101248962506505391e-01 -7.991320196786875218e-01 -6.673788402999423219e-01 -7.254233023339001774e-01 8.640038694938358965e-01 -5.172412485120384540e-01
3.688466213959821216e-01 4.739243920120568276e-01 -4.054298930638319115e-02 -2.685557514311817107e-01 4.394384061407253239e-01 -2.798717090776862149e-01 5.135779434244562847e-01 3.519235400893765964e-01 1.547087803246076643e-01 1.385683064495043804e-01
-3.189359641142058832e-01 2.889292577049852873e-01 -3.552755367785909169e-02 3.110436619253280702e-02 -6.903127644908889637e-01 -2.394470324714544074e-01 3.289542557342816087e-01 -6.532576827512426298e-01 3.859786868880004662e-01 9.051578189427410617e-04
-1.730151832926739297e-01 4.777866592984902350e-01 6.145061370492953534e-01 -6.985019164420804005e-02 -2.208480549876530585e-01 -5.403189163570387699e-01 -2.595617786681750361e-01 -4.124187730975260591e-01 5.210712428016910369e-01 3.612219072660257102e-01
-3.793744586288653742e-01 -5.422822246109697542e-01 8.691032441387515073e-01 6.493543968285457879e-01 5.108765575238575218e-01 -1.408787098416108829e-01 -6.766638109409035540e-01 -8.313708976043833465e-02 -5.786249866787687157e-01 -6.625380479163599512e-01
-6.658879273910954522e-02 -1.095448892968816507e-01 -6.916310881953251499e-01 3.337465407893272507e-01 -3.806978746271431069e-01 -5.815047323233097920e-01 7.979722605295507254e-01 -1.515310371503905129e-01 -1.318393334861969746e-01 3.537493073505499352e-01
-1.485515138410992420e-01 6.073414032329333967e-01 -4.887324831792315138e-01 -6.692073216323128904e-01 2.550650867891045004e-01 1.317751005482437621e-01 -4.269692058949193375e-02 2.519061402236904001e-01 3.150660383600341619e-01 2.495551071883194416e-01
3.101664972503331841e-01 6.358675422034787417e-01 -2.221252746497120456e-01 3.539351995909963966e-01 -6.175538136565157377e-01 -5.801678675664059259e-01 1.078625175317627360e-01 1.934187583371559938e-01 -1.163484444989308503e-01 -4.414503904095090081e-01
-3.391843584097122694e-02 3.157615254115900272e-01 3.518524420134958586e-01 3.135920195109144770e-01 5.177637123939904384e-01 -2.791480401726914029e-01 -3.705190558624414376e-01 -5.365133343464285193e-02 -5.644922592561686381e-01 -6.160326705780100331e-02
-3.532991261812475359e-01 5.903264983501307350e-01 2.740176129924680737e-01 4.296235140918137629e-01 4.032480688836388993e-01 -4.506743579718255899e-01 3.571427079805168936e-01 -2.645617899188104083e-01 7.188231297225983196e-01 -4.220616235276235528e-01
8.772627485368104938e-02 2.389039552312157560e-02 3.471345483127115383e-02 4.302180088140886149e-03 -5.747425981289962064e-03 -6.407909901311632794e-03 4.554595451066905006e-03 1.400492857721128970e-01 -7.778507307487526369e-03 5.640933939331208187e-03
1.681198608918874071e-01 -2.338033763270691914e-02 8.181955938097265971e-03 -2.025722547371653082e-01 -2.894516589024780928e-01 -5.567909147008067404e-03 -7.017038275877691966e-02 1.281746627181175879e-01 -1.250661642384047756e-01 -3.229589415882871406e-01
3.831508558802845243e-01 -5.492987182805267876e-01 -2.862796201291649689e-01 -7.037398941488981485e-01 -6.876176953451269835e-02 -6.972890142769022637e-01 -2.025022216849117762e-01 -6.333652565905041332e-01 -2.112461512601531213e-02 3.083130975889316061e-01
2.366449041233543646e-02 -9.974976078208362684e-02 5.889831840677386098e-03 -1.586044165971178463e-02 1.657828553614140998e-01 1.782984739711971495e-02 7.417210657734626955e-02 7.999317981926243326e-02 -2.829302081241851993e-02 8.248603839763059276e-02
1.148646094907535692e-01 2.504595445523819519e-01 -3.791349933947773393e-02 1.037307303938992398e-01 -4.548398182294794562e-02 1.807911278242102238e-01 -3.016736980864669904e-01 1.901724383447573885e-01 -2.176414193126878418e-03 7.158207046531764317e-02
-3.863039660648436291e-01 -4.131274546537396647e-02 5.803022793475960395e-01 -5.050247786875489836e-02 -2.538428229786631185e-01 7.132040803813591845e-01 -3.185494840775954795e-01 -5.206936164131590328e-01 -4.080620878341429947e-01 5.410706127548882138e-01
5.804078458804978746e-01 -7.628037733126644127e-02 -2.596739425450254601e-01 6.619091763369956416e-01 -2.619670266177281936e-01 2.613123436699309882e-02 -7.756534587228739452e-01 1.503510639663524773e-01 -5.355090337775229026e-01 7.419078337864190020e-01
2.522308061095855924e-01 1.761445389411660789e-01 7.264502860168328864e-03 1.177499695391189816e-01 -7.522770725673763592e-02 5.450655029933455104e-02 4.391067414438550032e-02 5.801317826222640583e-02 1.205428254549409522e-01 1.432881930677825100e-01
-5.196994057476469475e-01 -8.466377124501590634e-01 1.540697366469575835e-01 6.034961685711125456e-01 -2.750948052011418232e-01 5.897284758317447029e-01 -8.404232836216432023e-01 -6.942319183509915170e-02 -6.876847599734983163e-01 6.391937862607363074e-01
-1.344598199802141819e-02 2.660200767199052962e-02 5.159544642041692664e-02 -2.697105812692359578e-02 -1.728683042139116458e-02 -7.786713797226067942e-03 -8.518038015394097107e-02 5.092175340295816005e-02 -7.456675966668892264e-02 -5.919232576178450750e-02
2.016337349389986655e-01 -2.370284347983263873e-01 -4.394710473003432538e-01 -2.981056273884862273e-01 4.329462260157107556e-01 3.666591692077635356e-01 -2.063924309406408308e-01 -5.410320769768088844e-01 -5.201467022143528851e-01 4.952113445929433588e-01
2.820412851563852685e-01 -5.156680269365980784e-01 -2.114745319659380035e-02 -3.434545145692628476e-01 9.661732408151876839e-02 -2.969202545943130933e-01 -4.103199225284606677e-01 -6.530756583174186780e-02 1.027638620620656938e-02 1.806585681266743570e-01
-1.163465573494003313e-01 -2.953911110862216249e-01 -7.979473694887104229e-02 7.449006160984450453e-02 1.642729190679751983e-01 2.232554514562649639e-01 2.435544239008961553e-01 2.036484708918185060e-01 1.287727142898293931e-01 6.419162075124730527e-02
-8.563783835191164373e-01 4.482141015487686730e-01 8.860972084203971866e-02 7.387689819335938601e-01 -2.689642554828693410e-01 -3.179316000855618163e-01 -1.515581679250539715e-01 7.623353877991793093e-01 -5.121955505434647865e-02 1.403000238001305688e-01
-2.448345478502938766e-01 8.408806557682174665e-02 5.658303232698492780e-01 -4.032966823464353423e-01 1.995919343017163172e-01 8.071009908715860437e-01 1.952720520481572020e-01 -7.685068684859379905e-03 3.369441489475548668e-01 -4.150274322244114078e-01
2.562089540348468693e-03 1.427127903671586429e-01 -5.660505888993377921e-02 -1.527030144459946281e-01 1.728256785093472692e-01 -2.069873100899116691e-01 1.670208447809507293e-02 2.494530574190541652e-02 -8.596923801400107104e-03 -1.405778832328916650e-01
7.637927034440963880e-02 -1.496105885856956023e-02 1.662594349328296861e-01 -1.548571610569049288e-02 -3.772631401721293631e-02 -4.848365143455846127e-02 -2.186047296753506133e-02 2.920018656782002661e-02 -1.407634328460180551e-01 3.928775243584480686e-02
-2.859126791687059410e-01 7.671708166043157417e-01 9.166106880599766971e-01 -6.224109383276628105e-01 -1.042427825914076511e-01 -2.610393146377376627e-01 -3.144175433875706083e-01 -2.223052111975059586e-01 6.825123094278687796e-01 -4.083886509767156725e-01
-3.395782400145481716e-01 -4.367591093460186369e-01 -4.448452776862703018e-01 2.751717597219930367e-01 -2.321957236626485954e-01 7.257972738002056445e-01 -2.102690232881297416e-01 -5.145265616876777415e-01 7.543898346237118413e-02 4.401835299028513671e-01
-5.075925522820887714e-01 4.419637233465042447e-01 5.394268210570837274e-01 -3.209827986938294520e-01 -1.561742288975827564e-01 3.177654564400656523e-01 -3.198821544807746720e-01 2.312796758336699288e-01 -5.809627679586499838e-01 -7.123515986342501272e-01
-2.352896511385428047e-01 -4.535771400697347633e-01 -6.258012060700434143e-01 -3.924183503292504316e-01 3.805202265715517118e-01 -5.370981242895114249e-01 4.799183348148121364e-02 -3.175581363653997014e-01 -3.669831928306920843e-01 1.480125040232370404e-01
6.199163494154973086e-02 -4.603855608692042356e-02 -2.471321330895156210e-01 1.757840197294998075e-01 2.643545129709212738e-02 -9.475444895940794698e-02 6.873102217475363096e-02 -1.042020244287376364e-02 1.022110879430024877e-01 -2.338302365161437912e-01
-2.618988647007519099e-01 1.655858186272482768e-01 1.986176382318831091e-01 -1.496173014536710255e-01 -5.794806613404686058e-01 5.640712568029387919e-01 -1.289687248486343640e-01 4.419501993128432948e-01 -1.788433472909040922e-01 -5.516332328903061910e-01
8.348824251934980345e-02 3.876338017526932689e-02 8.007269864514943158e-03 9.461810412766172296e-02 1.149891227680828742e-01 2.353614438909239215e-02 2.976476427888837678e-02 -7.483665378854979094e-03 -2.438945822140760333e-02 1.213087747444656535e-02
-5.664951818616098533e-01 -2.822761227744395862e-01 -4.573157854104398790e-01 6.324575352338369649e-01 -4.816874877398560351e-01 6.948382231859501212e-01 -3.439286517816276811e-01 -4.619611837726859127e-01 4.827327584025724039e-01 5.606470524624427298e-01
-5.397781533884251637e-01 -7.966977864159464906e-02 3.621724296063713600e-01 -3.977863518386936560e-03 8.202242157847503545e-01 -2.675101580863671336e-01 -2.275651503824436261e-01 5.785382676462382801e-01 -2.557267177949638093e-01 4.229595423138763910e-01
-9.187570403819815545e-02 -5.094776554806000612e-02 5.623504322850485238e-02 4.074865271133570194e-02 -1.809052109021036178e-02 5.691425838617239844e-03 5.014547998820451102e-02 -5.959441361383591672e-03 1.333024918276882673e-02 1.026692212471537607e-01
-1.067203171373689169e-01 2.419708074128692488e-01 -1.301987398839387321e-02 8.481514422912896090e-02 1.876608132861329326e-01 4.033090083888477007e-02 -1.734288282127706970e-01 -1.456733513407078850e-01 -5.677963766903137283e-02 -9.021835745400254292e-02
8.927958605461755112e-03 -7.739311682605708176e-02 1.101111242621067958e-02 -1.807615690470053549e-01 1.088186261129833049e-01 8.731664989613485695e-02 -8.658829379011782901e-02 -2.719518876589504530e-01 -2.844376337108901476e-01 -5.691531505850728756e-01
5.236107023776570557e-01 -1.193882664252043230e-01 -5.309052891120784601e-01 -5.664677810202149999e-01 1.272741710645944879e-01 8.717228003344575094e-02 -5.192670061150257421e-01 -6.685248399716994805e-02 -6.272283716648870966e-01 5.158043831878760255e-01
4.620019732392973144e-01 -6.368440574165407098e-01 3.785124022933955557e-01 5.753096734549297819e-01 6.310915703045985037e-01 -3.044742211777395346e-01 4.016962401942674177e-01 1.692260862509763764e-01 -1.216974009854743938e-02 4.825907182829303199e-01
4.255723438937020764e-01 -4.500516503053113571e-01 -3.942840423677324013e-01 1.700711664521351862e-01 -1.393746117635351889e-01 -4.167634028397866341e-01 5.100016387790003991e-01 4.274595062190212902e-01 -1.286148771658463252e-01 1.133060129865300636e-01
2.115675807179471513e-01 7.911036629438983336e-01 5.095420012615671235e-01 6.020802600676692373e-01 7.221782410317494350e-01 -8.032479986497238489e-01 1.672349483871302389e-01 7.936762278405846693e-01 3.089394999856381885e-01 -8.708187702549682330e-01
2.897864000937622198e-01 -1.195944744423779044e-01 5.398819249037776352e-02 1.377675605697002426e-01 -2.044105226838568434e-01 3.839859538696023256e-01 -3.867920360991405210e-02 2.328460601265520125e-01 1.452934942658819228e-01 3.432377161558493595e-01
4.343249509046696599e-01 -5.470289554550311628e-01 5.582238540383220871e-01 -3.536870244302258715e-01 -1.766774118798517257e-01 -1.575303657082065545e-01 5.529193403067406143e-01 -4.482235175917667624e-01 3.276242137398695520e-01 -2.351622817532888488e-01
6.766387347234890104e-01 -2.550036001543870556e-01 -7.074584532560286299e-01 8.932583712407800025e-01 8.626010642852723065e-02 9.341072077569158028e-01 6.929450204352914922e-01 -2.708447988666320971e-01 -9.290677505436950590e-02 7.890342439403916774e-01
-2.179842947230988814e-01 5.779580974664019072e-03 5.779139149746069515e-02 -5.275741574027631442e-01 -4.306532471730752931e-01 -2.341433489637168297e-01 2.229425686412029317e-01 -4.094955562216265332e-01 -2.990904603609480517e-01 1.452932217595418740e-01
4.174812839431683853e-03 3.989267284861702789e-02 1.814001239227206602e-02 6.182822690018305312e-02 -6.302178344849373309e-03 6.051189711549877920e-02 -1.257859143358622993e-03 4.027380517991240721e-02 8.171635544793174125e-03 1.868845307665892991e-02
-1.254485382700340212e-01 -6.036652192830413988e-01 2.777025429099101994e-01 3.259550766431378033e-02 4.894212071473700854e-01 -4.553957463393621397e-01 2.444530947703941470e-01 -3.970575150927305730e-01 7.158173351136483120e-01 4.420152852490862316e-01
-4.827282634287841656e-01 6.694116482407169721e-01 -1.043375790329306441e-01 -1.642344834128741937e-01 4.575850233015886226e-01 5.144709609561529673e-01 2.675243512776923627e-01 4.608499753383716313e-01 -4.647907930186455649e-01 -3.975858979021600903e-01
-6.785227114832548256e-02 -4.253603896530473438e-01 5.845590536495813561e-02 -5.579803717060766166e-02 1.644074124575127527e-01 1.713495122605334375e-01 1.158326652428973563e-01 4.174381210129774478e-01 -2.835161535415041678e-01 3.324300359854797104e-01
-6.776382671023485349e-01 3.952550315851205975e-01 4.482973407790197817e-01 7.205420413816173708e-01 1.307332242782243692e-01 5.894465327953369860e-01 -1.913966354008576620e-01 -8.640823013729533042e-02 7.057792905892296131e-01 9.197891177265496432e-02
-1.491605184728440614e-01 6.243955375127111518e-01 -5.616241107921450260e-01 1.917273782139768956e-01 3.066419201798806782e-01 4.226142970735640714e-01 4.003041330796426878e-01 1.156167722672963166e-01 -4.279480653944294638e-02 -1.580722257861596758e-01
9.455942897181478582e-03 -8.297617156997534951e-03 1.361524972996087240e-02 4.930948351229317433e-02 6.812292657531963946e-02 3.347657016817098818e-02 5.317474888255066708e-03 7.376977287008726347e-02 2.747713536059115738e-02 3.748379909513822883e-02
-4.907603000845932040e-01 5.985038075869753005e-01 -4.899991071085774696e-01 -5.550913118218587898e-03 5.721948149796477479e-01 -7.475725900079789321e-01 -7.993041510462449706e-01 2.623287271712571034e-01 -3.388897738254676995e-01 -7.029601007923232947e-01
-2.158487855488807616e-01 -1.716455970812321985e-01 8.255609533541410916e-02 1.393151501611225307e-01 1.449558745746508115e-01 -4.199827900875882092e-01 1.126977141075167638e-01 5.753790186949059304e-01 2.097563316107728670e-01 -8.305403067009249629e-02
-5.441705082842362984e-01 1.974461930146681754e-01 -8.115657635742471454e-01 -3.335583511176059557e-01 -6.752856784953930047e-01 7.848049586936270416e-02 -8.326723307271822749e-01 -5.073398962288667713e-01 7.997305055485752767e-01 6.878940764450185430e-01
4.515367319010343827e-02 3.460799837675652274e-02 7.965245677530569113e-02 -6.883166291515684099e-02 1.889775055583155228e-02 -5.779509948487321185e-03 1.599210017705074080e-02 9.054415079028934124e-03 -3.683819892486442024e-03 6.880613732577899218e-03
7.626966833647261246e-02 -2.077054850371973238e-01 2.928585962224781736e-01 4.340685968023550445e-01 -4.840613712976900573e-01 1.826027187792619022e-01 2.290543599055704649e-01 3.647678727724299602e-02 -4.973398908156695941e-01 -5.595554462095436721e-01
2.531567368192478851e-01 -1.274394684222816265e-01 2.558470391606663674e-01 -3.826394622475027402e-02 -2.183475531220959998e-01 -2.557639694356712567e-01 2.255426333946406459e-01 -2.860955061619607775e-01 -1.361220439105959301e-01 3.219432594371233192e-01
6.966122392064442170e-01 -4.805879817379673513e-01 4.769100679481265703e-01 8.245887702159165888e-01 6.135099364608955774e-01 -3.284234066272583713e-02 5.270936904135169465e-01 6.936980471316883667e-01 5.924962288441644187e-01 1.054253804199473538e-01
9.429440859453494528e-02 1.159117163002300332e-01 4.682228974115266729e-01 -1.441169803962801810e-01 1.879551784848306761e-01 -1.975013489604095229e-01 8.887494668712966894e-02 2.662339309325728043e-01 -3.731167221351957552e-01 -3.568892640699385388e-01
-3.570932864225518921e-01 1.337633538174718140e-01 3.853083081786712327e-01 -5.817617891431057231e-01 5.705159762306825089e-01 -1.225731618366856651e-01 7.212781755487004398e-01 -5.609432444949602470e-01 7.490044870934300936e-02 -4.131945807524488312e-02
1.594403456702871147e-01 -2.206942615988658762e-01 -4.197570751207193029e-01 1.231120436968884124e-02 5.080747407885922301e-02 4.503016982633983173e-03 3.861519299365852587e-01 3.970169900789393691e-01 -2.845311403076573181e-02 -5.127088663117402856e-01
3.053838685739455050e-01 -6.156609436027329352e-01 -4.740978248296323083e-01 3.026118887626111364e-02 1.551770823017426248e-01 2.923595386614243341e-01 -2.636959164118578003e-01 2.007695303274201204e-01 -2.677053674234191050e-01 -4.035297156847253985e-01
-3.698905660282257590e-02 3.741283892789276089e-01 3.198733087042315848e-01 1.834440831343453759e-01 -5.698640202263183935e-02 2.224103918096979049e-01 -3.246372764596145988e-01 1.852359409751527797e-01 -4.028439951623923846e-04 -4.188125524040803849e-01
2.507610487880639893e-01 -1.879148096883321573e-01 -1.569571504494366998e-01 4.523858328533340578e-01 3.877105519755161822e-01 4.660244982132222269e-01 6.934543474321963608e-01 -9.325684622996320561e-02 -2.936455723033065679e-01 3.401643457934137027e-01
-5.128779058092199916e-01 -2.169612182779873943e-01 -5.324795919080338447e-02 -1.083580917847543068e-02 2.640372334717536185e-01 -2.476234096470616430e-01 5.579380090416773130e-03 -1.835147371877917932e-01 -2.871857090749602159e-01 2.399918022965146225e-01
-1.816974642709540122e-01 -7.983729815068431324e-02 -2.676964171139539772e-01 2.698632813423689769e-01 1.843907007379186891e-01 3.306976598176578075e-01 -1.296888176486912514e-01 6.044555177121826300e-02 -2.291177164008894121e-05 -4.414089331770564700e-02
2.145863473422010559e-01 2.398290127239244840e-01 1.739582724855293083e-01 -2.159819770239778391e-01 -3.657666300440243212e-01 -2.439144225700738411e-01 2.307187055774256035e-01 -3.184298373976913177e-01 3.543466834971309987e-01 6.576396555679960010e-02
-2.597717159491274677e-05 5.340611469839458003e-01 -4.411073029321843642e-01 4.750487652766480218e-01 6.463667818242484486e-01 1.769659918550870459e-01 3.234106550332435659e-01 2.758073677710368710e-01 -4.689372731341043821e-01 -6.462047263162497002e-01
2.846797019376521298e-01 -3.752379422198095504e-01 -4.016290281101327353e-01 -2.347681511609901184e-01 4.757422042284915609e-01 -5.401587284733139205e-02 2.096259896626279443e-02 5.226511486950824459e-01 2.643197109283730306e-01 -2.471146545127084482e-01
-7.034761621506886720e-02 2.975578789737282626e-01 -2.513490156838831813e-01 1.815738887839550286e-01 -5.127806355297613861e-01 -1.678131380029707631e-01 3.096181198693210290e-01 -2.779648358968023758e-01 6.690594617198269978e-01 4.518534893927244611e-01
-2.398000225820417011e-02 9.796019304878104961e-02 2.270597078526534474e-01 2.111856207182452871e-01 8.025726268648084027e-02 3.733070256731891301e-01 1.733458186873297335e-01 -1.035098757385876367e-01 9.157761746501535960e-02 2.656650820284007786e-01
