6.307602032034655970e-01 -8.023485769259756095e-01 -1.148063799706455917e-01 -6.211818151858607973e-01 3.242686891871658372e-01 -4.555298978367358087e-01 3.502123002763889437e-01 5.934656122157733193e-01 8.030669083263974883e-01 7.097930189265568846e-01
1.499121451051358689e-01 1.207022479251665115e-01 -3.903065038355236771e-01 4.033125325564629882e-01 3.980294548619039419e-01 -1.102490121447557425e-01 -2.517810009680788719e-01 -4.320006044873025419e-01 5.177755519408814289e-01 -2.687704194686493242e-01
2.827709747965697074e-01 4.441325807920728508e-01 -2.098148053942633720e-02 6.603307840113447069e-01 -5.724212082073848462e-01 -2.956868849180978587e-01 5.613914573493279381e-01 2.470887498947251237e-01 6.831983851569239929e-01 -2.663200392209434941e-01
1.507686598898224095e-01 -2.676277540066875904e-01 -8.587613721695872004e-02 -9.250060937905907332e-02 -2.148101826675294368e-01 -2.538693050583509803e-01 3.028892963659654547e-01 -2.646757498832384981e-01 2.142727909451695723e-01 -1.317108761045857335e-01
4.371086241297708098e-03 -2.523885466683021238e-03 5.075955366187542145e-02 -1.498658751097723535e-02 7.038196442147312548e-02 3.856033968772892666e-03 2.663952389324468831e-02 6.257028476093597080e-02 -2.304059236090593484e-03 2.084761522512276755e-02
-4.456251087861657356e-01 -7.477715251161606291e-01 -4.076739797028910289e-02 -7.937501172757229773e-01 7.020529389002757581e-01 -6.937072334192171397e-01 5.533315562464077297e-01 7.114660280902581624e-01 6.748144548490296879e-01 2.297892263463709173e-01
-6.917268357180397093e-03 1.390998798337203246e-01 4.216404110377495323e-02 5.564409785623465783e-03 -1.177389703553432046e-02 1.685047627151372088e-02 5.423958954904533475e-02 -7.345861849317047868e-04 4.109724700512683987e-02 -3.930696825480035905e-03
-5.357988348066217155e-01 6.819286016930568017e-01 7.733133117220197805e-02 6.873752204880145822e-01 2.268685976875604859e-01 -3.249203930144101693e-01 -3.844317324990301765e-01 3.210373521297827937e-01 -6.057341746113079628e-01 5.613763707408695458e-01
-6.865169024179058888e-02 5.916485641900733894e-01 5.525267137165184028e-01 -5.616659911689483309e-01 -2.798558336575718841e-01 3.701951110580638526e-01 -4.242455617532269185e-01 7.190542284522090100e-01 5.178683799709182800e-01 -1.894416071176418248e-01
8.362935041191229407e-03 -1.894310225176277108e-03 -1.960524838710809951e-03 1.399516913664950249e-02 4.897280333843041789e-02 2.738653734995217387e-02 2.556620862858086964e-03 3.446866599913375045e-02 2.117740200186504426e-02 1.798171884607328158e-02
-3.772971499709877607e-02 6.840700932944543400e-02 1.075038332356832160e-01 -1.460195234132189435e-01 2.714502792309119727e-01 -1.438402228666969644e-02 -4.022396536479771328e-02 -2.778678089882092098e-02 3.412763210179063644e-02 5.458418917549354155e-02
3.427792809673667063e-01 -3.192940428626817040e-01 5.928405941035402860e-01 1.866902260254933166e-01 -3.494331870179474830e-02 -2.092640242968475672e-01 5.409952976566776428e-01 5.065901020871853566e-01 -4.538539534556142452e-01 4.090374443377602920e-01
-4.292291320212247019e-01 -4.225557492233005669e-02 4.512815982619873822e-01 5.912082733458889905e-01 4.676826932527449188e-01 -4.795335690015748442e-01 2.085605197452458093e-01 -1.358023285889721765e-01 3.198885907919862825e-01 -1.310920432819865089e-01
4.250356739599149281e-01 1.938720711388251527e-01 -4.642339892227244635e-01 6.440023596148793938e-01 1.744795190207014401e-01 5.373056653571051805e-02 7.466841036290811084e-01 -1.666357517107048547e-01 4.130024865306809456e-01 2.854327365672733041e-01
3.121219433711100444e-01 -5.518786682450954606e-01 3.543813773660343114e-01 -2.378372105271839010e-01 2.908901956181529358e-01 -1.830491904210396481e-01 -4.573995314925131117e-01 -1.683343192070254901e-01 -2.003751931446096923e-01 -6.882160310422975602e-01
-7.982758014530105806e-03 2.414448983562265255e-02 5.115194683426205202e-02 2.090079456668007818e-02 9.617335794887603082e-03 3.477160280752911864e-02 7.059096645695941974e-03 -6.296118733004721878e-03 3.105815169146799309e-02 2.489554811346106344e-02
-4.687125149390062306e-01 1.173550313377100252e-01 -5.976704856818192413e-01 -5.170945994402482704e-01 -1.223031989031695375e-02 2.291071458226060786e-01 -3.819251419324228014e-02 3.970701188338472964e-01 1.069877541120555359e-01 2.410519184874966026e-01
8.299076049632841956e-01 -5.337530189639516642e-01 -7.693663687724052735e-01 4.701798075926625353e-01 5.953811471169844216e-01 3.149082604885782288e-01 1.116774821253150862e-01 6.656266635761085571e-01 8.042425808091507866e-01 -4.411164464747380221e-01
2.217865269961678733e-03 4.302731558127538547e-02 -5.951595683423889227e-01 -4.794534573754069551e-01 -5.812460781289691125e-01 2.873980746950469123e-01 -3.659853320103157448e-01 6.663929421998033842e-01 6.794026221560942047e-02 1.298947541705986440e-02
-6.118021301492533592e-02 2.918415943317689276e-01 -1.482885842908392982e-01 5.417824505989123768e-02 1.783486842808892914e-01 -1.032005145952409886e-01 -2.541983030687640643e-01 1.900828698115920312e-01 1.857701842451127405e-01 8.815186545595187981e-03
7.185222938454248129e-03 -5.465471756795227398e-02 -2.627396313718525778e-01 3.885099948522945934e-01 -4.388210864468854999e-01 -2.935040906132450889e-02 1.984698707607159274e-01 1.776146933020008867e-01 -3.257524304182446984e-01 1.925606750358485331e-01
2.924267434016989964e-01 -9.682549418231703453e-02 -2.777750361766014309e-01 4.251088224512165614e-01 2.818898462625373247e-01 1.712891719381797739e-01 2.301320971784535374e-01 -8.802752318427559119e-02 -1.338897743158586617e-01 -2.201426448328357155e-01
6.775022499920554941e-02 4.627655853361246630e-01 -2.520593498874958427e-01 1.926621205410037341e-01 2.846427970360827509e-01 1.485729320869478287e-01 1.121795150899484589e-01 -9.454846785893508687e-02 2.715140325174683622e-01 -7.421130911518540596e-02
5.224046211909995074e-01 1.111893906126044385e-01 8.168493542705560495e-01 -8.843965941446215728e-01 -3.956951111235037510e-01 8.730477611217923872e-02 7.582397564621762287e-01 -7.727058593848530332e-01 -2.097052388751280416e-01 -8.089836143403640323e-01
-6.307744124913602368e-01 1.841083422037875783e-01 1.058629931345664646e-02 -6.578713932492855077e-02 3.379651175218342796e-01 -1.414155450394655456e-01 -6.886254171759775833e-01 4.704189983970747391e-01 -6.564726757292502768e-01 -6.137636267498965958e-01
1.400790371637647760e-02 -7.766080694087756919e-02 -1.762468680771996088e-02 2.656869909515557349e-01 -5.130034681498486515e-01 4.544844586815667276e-01 -2.204141089868077164e-01 -2.608810153304374352e-02 2.347050277024594067e-01 -1.175668353544341710e-01
1.712263790096585359e-01 -6.255974642192835278e-01 -8.110708044570941189e-01 -8.160333462633194423e-02 -3.102224279005273977e-01 -7.992059362231058728e-01 -6.676157422195697633e-01 -7.254350037953773978e-01 8.644423818035115170e-01 -5.170810967840040462e-01
3.734302456030795248e-01 4.795073836428472847e-01 -4.068052007224022548e-02 -2.710394693185171899e-01 4.424370752781843774e-01 -2.935462429756906522e-01 5.210116243063005470e-01 3.571774509191740776e-01 1.576347391601354286e-01 1.404217810316440440e-01
-3.206200791532933247e-01 2.858469616203319075e-01 -3.393122075796014409e-02 3.060443656149276770e-02 -6.941970832504231748e-01 -2.481043471770489339e-01 3.291818177251197852e-01 -6.588322724724574586e-01 3.899988037191430279e-01 1.743435202911914478e-03
-1.755831796188697114e-01 4.824917407060070329e-01 6.175134102213754028e-01 -6.305501095748453078e-02 -2.372427585440444187e-01 -5.463108105171567974e-01 -2.582101090817771616e-01 -4.184286492232744403e-01 5.273345507216554706e-01 3.694222870111833479e-01
-3.794680907023981753e-01 -5.491763776719948975e-01 8.698400209004748529e-01 6.490479013889973725e-01 5.142322666311935908e-01 -1.404772465441865570e-01 -6.797420457485878753e-01 -8.194702632649358831e-02 -5.831116507521656445e-01 -6.624574802008863506e-01
-6.664551760818589188e-02 -1.098651782472725436e-01 -6.951709287640356338e-01 3.356818957853579533e-01 -3.827346335557526569e-01 -5.923451570811608669e-01 8.038387220531426625e-01 -1.498005779530292014e-01 -1.331024163626161883e-01 3.503018394877656649e-01
-1.483597977531214973e-01 6.111220217516161179e-01 -4.916163521417430404e-01 -6.715796261670247125e-01 2.509454177830405253e-01 1.304603624958499686e-01 -4.096749705768008842e-02 2.472912543566225252e-01 3.157380439610754097e-01 2.557021346203258716e-01
3.139872675761247733e-01 6.438068930644567089e-01 -2.225086241622506178e-01 3.602354535335859920e-01 -6.365965950210318303e-01 -5.892523126732950312e-01 1.073393055543479246e-01 1.988124866998980389e-01 -1.136017191282571864e-01 -4.463715616489841165e-01
-3.298626757322353081e-02 3.135970751241565213e-01 3.539569568049935055e-01 3.146601876212906657e-01 5.191992513342936766e-01 -2.846232728262956813e-01 -3.725572655957731238e-01 -5.591154913768751206e-02 -5.663067278132039029e-01 -6.126350866901326270e-02
-3.539339608212785371e-01 5.956878482426390953e-01 2.708009836646289581e-01 4.350542395839989696e-01 4.109735122174445476e-01 -4.502387203005317473e-01 3.616790330265587938e-01 -2.715962025668832158e-01 7.226979391161473254e-01 -4.248287180966280330e-01
6.317447506256375356e-02 1.836882643801167336e-02 2.660026850821499075e-02 -2.429936795081519881e-03 -1.304815158908731627e-03 -6.393066976616765956e-03 9.101163763810404470e-03 9.804496752190462738e-02 -2.270218877826445710e-03 5.773980418324260386e-03
2.246736444667866428e-01 -2.187824978326375833e-02 3.095013110071742971e-02 -2.697036398484458086e-01 -4.012934032597551548e-01 -5.494680257683614948e-03 -9.452732629065385694e-02 1.827628623409892905e-01 -1.342201619497440379e-01 -4.074861808902890958e-01
3.848746031365858355e-01 -5.516978182614379334e-01 -2.880374335559715004e-01 -7.067667422182540848e-01 -6.905897974483378443e-02 -7.030339407447783184e-01 -2.023912398710793481e-01 -6.350315722408140795e-01 -2.205366003051094370e-02 2.997193035539631456e-01
1.966895368958719581e-02 -1.409109204934590742e-01 1.470760678297427203e-02 -4.287677923547689174e-02 1.496363594287714593e-01 4.640780217179669986e-02 8.332832107158193169e-02 1.288138818338506186e-01 -4.720749551124810844e-02 1.067065180536584806e-01
1.234092591768330971e-01 2.578878939612239130e-01 -4.720311322224555323e-02 8.450550393160473350e-02 -5.730504403621262260e-02 2.195551756400918597e-01 -3.506876397353433372e-01 2.108774416352360015e-01 5.788114190762392447e-03 7.770573477009203034e-02
-3.964406868973581188e-01 -4.425360974003186842e-02 5.846211480569947216e-01 -5.121966283750171989e-02 -2.564939368985040269e-01 7.204752859650362939e-01 -3.203280977339547086e-01 -5.310828005519975248e-01 -4.095723359860385382e-01 5.385002173835971018e-01
5.811231246015023943e-01 -7.791452816459533415e-02 -2.598836066205155726e-01 6.628283378102829415e-01 -2.621186230132998007e-01 2.544376552079032766e-02 -7.762956477008233769e-01 1.496256838296679548e-01 -5.357727358285784280e-01 7.425866702088893545e-01
2.688446957505057910e-01 1.916630025420995864e-01 3.370361686935232325e-03 1.282411728141731322e-01 -8.658773631716826236e-02 1.614109947028819284e-02 4.326531064105854779e-02 6.758821129194889088e-02 1.308215544330985913e-01 1.606032737243488495e-01
-5.193797509018756031e-01 -8.482854814316337366e-01 1.528541744283775095e-01 6.031530562492393166e-01 -2.742704099002633011e-01 5.904612889164676526e-01 -8.411269177717444201e-01 -6.927689695029524974e-02 -6.883205690184796000e-01 6.390626987628234001e-01
-1.461818513424229318e-02 3.562574122777042301e-02 1.197805508149471093e-01 -8.134150556322172071e-03 -1.254368285091030377e-01 -1.077825184783115509e-01 -1.527957952742404479e-01 4.030941188456140661e-02 -1.256707430015047144e-01 -8.547552268748363768e-02
2.044438878791504655e-01 -2.396789920283660114e-01 -4.424414858630421610e-01 -2.975302457516103005e-01 4.302212760654213763e-01 3.698318008464145934e-01 -2.047344586429299118e-01 -5.505214984293027580e-01 -5.238029754844725217e-01 5.026683424466876771e-01
2.933406668688168240e-01 -5.341562594535532726e-01 -2.519726478010618151e-02 -3.567068403072350402e-01 9.762831092613304118e-02 -3.085876862252399655e-01 -4.410189386369846032e-01 -6.898413945460181440e-02 1.017079358292072820e-02 1.876675800579839237e-01
-1.306052175692519746e-01 -3.232948050700910625e-01 -8.744642843957858847e-02 9.423325475623531289e-02 1.452296235493982235e-01 2.452956666757653836e-01 2.750027833614118733e-01 2.360467954831590998e-01 1.535425148859154987e-01 3.746650755266323074e-02
-8.590973243802408899e-01 4.481080101721309217e-01 8.934251347488908479e-02 7.371559596760244304e-01 -2.697274754442690603e-01 -3.185900599414539514e-01 -1.519840549337783397e-01 7.648173769490993479e-01 -5.114811056394365230e-02 1.410951675176427000e-01
-2.531123416502687462e-01 8.482988843376196297e-02 5.700207520580496956e-01 -4.062296615393976018e-01 2.013031637373612903e-01 8.129051990090633284e-01 1.965811456305308902e-01 -7.867403049384548777e-03 3.394281331472130958e-01 -4.176792697926275388e-01
1.373617300422115550e-02 1.676336189148583955e-01 -8.102491122369120946e-02 -2.047430150932367243e-01 2.283111580429939003e-01 -2.773246039952248498e-01 -5.537497068809502793e-02 1.895277275258097985e-02 -2.541889479510832731e-02 -1.749634618468721703e-01
7.059450092470477556e-02 -6.072270507292141378e-02 1.503339337856889057e-01 -9.313914586825094988e-03 -4.568283786854192285e-02 -6.598956203621811345e-02 -4.225459061802577798e-02 3.432463949055569730e-02 -1.816327450197281479e-01 6.956014044051944678e-02
-2.873655115306117391e-01 7.717669725283403670e-01 9.197912609780521942e-01 -6.239451051256358349e-01 -1.049842550398020075e-01 -2.716184722969449128e-01 -3.108119963579384915e-01 -2.182479507970142563e-01 6.841214402641239145e-01 -4.206003061073587124e-01
-3.423914820634927914e-01 -4.376917343933751647e-01 -4.464734330289028552e-01 2.765726183480344824e-01 -2.326709592417417760e-01 7.240475747415280328e-01 -2.129942817343489225e-01 -5.167311495734620008e-01 7.618748176350866042e-02 4.447802661848637151e-01
-5.078780623719297838e-01 4.422371851138391374e-01 5.397995796314971617e-01 -3.209166492878877119e-01 -1.573936288353897928e-01 3.169522223030512009e-01 -3.199482382281859105e-01 2.317639002680453031e-01 -5.811408846198673483e-01 -7.134128954875820217e-01
-2.401868513866722565e-01 -4.590436992018001039e-01 -6.353067174086691749e-01 -4.090375754098534711e-01 3.861330719264101097e-01 -5.459076072767632404e-01 5.046205025347225148e-02 -3.229267208286216717e-01 -3.718031599288711964e-01 1.542261382386857227e-01
2.168144845204565338e-02 -5.171539188703687395e-02 -2.616201209701590202e-01 1.912670116885902549e-01 2.441764957407458608e-02 -9.560671954665815597e-02 6.886514012656803907e-02 -3.019258883685414438e-02 1.143736075628101062e-01 -2.542966707352754541e-01
-2.682257586084458301e-01 1.644112124787258655e-01 2.016647566154512461e-01 -1.563006963992421561e-01 -5.922850858402236573e-01 5.662080331044596626e-01 -1.317789458640621636e-01 4.459608736940832152e-01 -1.812645541778216129e-01 -5.559769834993566473e-01
9.789870080426403554e-02 6.182323876793297673e-02 -5.038639474579284863e-03 1.436732473223929496e-01 1.353714693000750147e-01 7.243565984686871351e-02 5.687899048619877301e-02 -2.298517493390127980e-02 -4.436056929668285437e-02 2.097178523224083393e-02
-5.667789539695433643e-01 -2.828525065086862633e-01 -4.579357695917618543e-01 6.340821196093738843e-01 -4.811015436846243221e-01 7.000775164055496047e-01 -3.447516807152583018e-01 -4.663739980572802479e-01 4.831403292343140476e-01 5.614705090778006058e-01
-5.396040738275675874e-01 -7.965868549907530183e-02 3.623877504759092094e-01 -3.749836057716473842e-03 8.203849126517707147e-01 -2.674421317586835878e-01 -2.282822493219507642e-01 5.786189890384684231e-01 -2.557680543147000662e-01 4.235111517680800741e-01
-1.522550821291640266e-01 -7.671067111960915008e-02 8.218549650800972828e-02 2.594274024455759525e-02 -5.710640796298917937e-02 -3.753168421639264257e-02 8.305653747747937521e-02 2.808354279813601428e-03 2.567625760258393508e-02 6.365280673099475706e-02
-1.246390690356261044e-01 2.492319208032102995e-01 -8.543763495515494313e-03 1.067354026269638351e-01 2.199816111827107845e-01 4.543412671481450449e-02 -2.151770812270967226e-01 -1.592432665676391523e-01 -6.612729501178349345e-02 -1.209831603362402364e-01
1.065885841123529777e-02 -8.515628188867012394e-02 1.217706891603831040e-02 -1.926527960447532162e-01 1.223569055044052001e-01 1.109909498271092892e-01 -9.320667114223377125e-02 -3.116920552642981068e-01 -3.006841329370043558e-01 -6.029870648761256335e-01
5.294348639393675615e-01 -1.332541728016061466e-01 -5.354056751509446155e-01 -5.734327654371869087e-01 1.324356285567704072e-01 8.811548174493556707e-02 -5.309386486220144530e-01 -6.615654483191416024e-02 -6.376703938540657646e-01 5.215516772430752734e-01
4.647258633892545343e-01 -6.387738530777627988e-01 3.801245555685404676e-01 5.769209414956133486e-01 6.324703631391003222e-01 -3.035083057851586386e-01 4.033685420130430077e-01 1.676674379012988159e-01 -1.166658376432698659e-02 4.838741120850636457e-01
4.317153816676000955e-01 -4.534949262046665264e-01 -4.074344472803504980e-01 1.740955156192454667e-01 -1.411716272861296695e-01 -4.204038667232659621e-01 5.171799445760910663e-01 4.328502819400407153e-01 -1.296951834300080486e-01 1.148887817115906568e-01
2.068419165413354355e-01 7.930227370594928882e-01 5.075413039995382292e-01 6.001969361389396518e-01 7.217810759713167990e-01 -8.029059983446762416e-01 1.668809008988160203e-01 7.981536098975591242e-01 3.091815378839469219e-01 -8.715256422192371177e-01
3.142225979452069606e-01 -1.296656064997718238e-01 5.786947133744024113e-02 1.441573267536875314e-01 -2.104766679654905270e-01 4.264771637043200947e-01 -5.009922514947359046e-02 2.308831153257842050e-01 1.528831662181425466e-01 3.381318766471312909e-01
4.442217081521089295e-01 -5.608871830698212158e-01 5.688825126486444228e-01 -3.564388699116023407e-01 -1.866689535405554878e-01 -1.593576160506824380e-01 5.522581427497527118e-01 -4.558872680380453568e-01 3.290811885041989848e-01 -2.393553971768541400e-01
6.766766164234556680e-01 -2.550152155956467159e-01 -7.074105448398733120e-01 8.933078189220750032e-01 8.629008877933523614e-02 9.338787883863093331e-01 6.929588239325589205e-01 -2.708581026919568147e-01 -9.291736872129710556e-02 7.890329113001879335e-01
-2.187972308102376084e-01 4.891741623337416203e-03 4.968461304200413181e-02 -5.372481016313459534e-01 -4.380564730480090985e-01 -2.346585176249462446e-01 2.311183889862781227e-01 -4.143132230366737834e-01 -3.046771030496956412e-01 1.482238539540524647e-01
9.019638354412284204e-03 3.070869663149820156e-02 5.001648233061035780e-03 6.219088753676408482e-02 -4.165051269308599202e-03 5.256721086610027099e-02 1.690436946468756039e-03 2.226750103566908084e-02 1.072820484187977062e-02 1.778072970357626875e-02
-1.215347680057633217e-01 -6.063168974583297288e-01 2.837474103004133386e-01 3.121166935543313870e-02 4.834148750453602372e-01 -4.568743539080104554e-01 2.408384872877132044e-01 -3.985788776343476281e-01 7.169485042942422837e-01 4.421907373204662650e-01
-4.837976145442964282e-01 6.646739434235253707e-01 -1.044982307845847835e-01 -1.661319280860454328e-01 4.630257474898484271e-01 5.161699429803715544e-01 2.632531654972330992e-01 4.637927863603243384e-01 -4.689863078422338294e-01 -3.982909314335236761e-01
-6.928379641173616765e-02 -4.471690016700056169e-01 6.444259960232016915e-02 -4.922614612696813580e-02 1.785110236054547050e-01 1.720543828302137090e-01 1.281327685873188404e-01 4.310214461581205470e-01 -3.022475442330429529e-01 3.508872652037930973e-01
-6.788121545613418073e-01 3.941336155655287277e-01 4.493453823180948992e-01 7.222660304993845370e-01 1.314460559830568642e-01 5.906989547276781938e-01 -1.917536587999315034e-01 -8.917185111483612314e-02 7.068070675657227575e-01 9.217415056258453088e-02
-1.495813917235263857e-01 6.262758305857113461e-01 -5.631166065217234618e-01 1.924378783679248917e-01 3.076667008768963485e-01 4.180543365737436901e-01 4.014648566018098053e-01 1.161716302274696383e-01 -4.279480068273069926e-02 -1.583348670458894214e-01
2.041417547738709481e-02 -1.371933064416617533e-02 1.709757272752363347e-02 4.029833098614713643e-02 5.949311806975311062e-02 4.293450747882602420e-02 6.027556195693105703e-03 4.601618926658924275e-02 1.078393779750918928e-02 3.406391418588922138e-02
-4.909517820963823498e-01 5.963134525714807177e-01 -4.898192504657193913e-01 -5.140152200851834559e-03 5.717846628001508336e-01 -7.482218100228115176e-01 -7.997545635381750895e-01 2.630652126535082402e-01 -3.390639712816378437e-01 -7.033952067829878363e-01
-2.257421281234331389e-01 -1.955897368123930002e-01 8.829083922928696038e-02 1.421815722864647469e-01 1.556179525000489783e-01 -4.392718382993413551e-01 1.179646361683646116e-01 5.895286931267421648e-01 2.223370264763194215e-01 -8.577205855644225163e-02
-5.444197547869608078e-01 1.980139028847911764e-01 -8.124228986199405478e-01 -3.338417001782446603e-01 -6.751243643319535526e-01 7.812350213403573829e-02 -8.327855927696895533e-01 -5.076165924517934691e-01 7.986122851438577364e-01 6.886313198542205471e-01
5.209451830020771224e-02 6.147700735271072192e-02 9.170300460694251476e-02 -1.330673641069970159e-01 3.542538188656241260e-02 -5.776154310710938239e-02 -2.900494736927567221e-02 -3.523548026282308232e-02 1.043732926528622915e-02 -2.224094048875463383e-03
7.791467457269220243e-02 -2.101668472128795928e-01 2.953179315562258767e-01 4.349041630238809075e-01 -4.874622537256425581e-01 1.774532159972354306e-01 2.350929241339914655e-01 3.853248976909608159e-02 -5.020279646489835823e-01 -5.686189087353147320e-01
3.152753766008276615e-01 -1.686137290182538884e-01 3.108530301231529069e-01 -3.300148248115544053e-02 -2.549468910281361134e-01 -3.051982818546923881e-01 2.251351422505400990e-01 -3.667812150653225745e-01 -1.760303093971401778e-01 3.900012289841433555e-01
6.965640280416286467e-01 -4.809186872218405573e-01 4.772706404604032393e-01 8.239814284006475864e-01 6.138848495157134266e-01 -3.267883613311300950e-02 5.269428459451984681e-01 6.938502248628400926e-01 5.927267940510120292e-01 1.055639401518073534e-01
9.189659252645024368e-02 1.170862896539936054e-01 4.616746468821208427e-01 -1.460479995823970312e-01 1.905095810539667034e-01 -1.992245615415065285e-01 8.937318079729746068e-02 2.687587940990565083e-01 -3.756806828752122240e-01 -3.598853313784173280e-01
-3.611814296591174811e-01 1.337619234694925052e-01 3.870687832634796544e-01 -5.840347725449044347e-01 5.732483130798398108e-01 -1.275721314013916752e-01 7.244469620871526461e-01 -5.631700463105974164e-01 7.526124507142140097e-02 -4.112780521115719928e-02
1.634541306763988011e-01 -2.329959450917138686e-01 -4.393683886882290834e-01 1.575917757468037889e-02 4.917310692295370073e-02 -1.693227486957604375e-02 4.016129621691194584e-01 4.264525970687478296e-01 -3.439784343052822851e-02 -5.562600860923992974e-01
3.082988239180586842e-01 -6.205358167666830127e-01 -4.814651734852053444e-01 2.961928567896970899e-02 1.581381820091598001e-01 2.951480755954993818e-01 -2.649142501079251866e-01 2.035552717519217014e-01 -2.763066114305844923e-01 -4.062866285230405938e-01
-3.870790053540974773e-02 3.744652649099074471e-01 3.267530688256688465e-01 1.896812316008493482e-01 -6.530363850192004438e-02 2.236744463496961599e-01 -3.314866791570934001e-01 1.885541753974361023e-01 -1.647559384937676615e-03 -4.333424376461190719e-01
2.521289028756293904e-01 -1.876100260697988187e-01 -1.591599483685219030e-01 4.542109236422496865e-01 3.897990857934592324e-01 4.630404328860171503e-01 6.985472849616336521e-01 -9.183643334544426551e-02 -2.985511117241801959e-01 3.378245923453706001e-01
-5.182255042061545414e-01 -2.272038060420873973e-01 -5.257696494737005427e-02 -1.954891243581956956e-02 2.653650060404865729e-01 -2.669119995093495734e-01 9.427844883190908756e-03 -1.876628912507118940e-01 -2.890160853277227160e-01 2.435776967606815835e-01
-1.961877368650616904e-01 -1.159209459668701647e-01 -3.031585656301997722e-01 3.529228618066204137e-01 1.941944208711143260e-01 3.829052241056792871e-01 -1.859721901021197665e-01 2.951940362751616018e-02 -1.677895499133542911e-02 -2.451772467154810994e-02
2.240957481746741198e-01 2.398559426792339355e-01 1.801793412084232715e-01 -2.202568236829507697e-01 -3.730654204634903381e-01 -2.468520547898073458e-01 2.236381993149094138e-01 -3.301583706807729168e-01 3.641223156671078987e-01 6.802337918106690640e-02
-3.086548230684209846e-04 5.333626598977395661e-01 -4.415952765183375206e-01 4.759292653080599567e-01 6.479755094643407931e-01 1.774427931814587522e-01 3.212732353771721727e-01 2.759205490364624591e-01 -4.695544619804834507e-01 -6.471055659583224706e-01
2.949095977015548375e-01 -3.876436591480768579e-01 -4.251020828737082646e-01 -2.418589328349936007e-01 4.925694874753528962e-01 -6.540928197888044859e-02 2.241182799827375408e-02 5.398484899280987515e-01 2.732548465513714997e-01 -2.586402976354165162e-01
-7.511569477225725489e-02 3.024059987221814905e-01 -2.551434700812324485e-01 1.806858229213890166e-01 -5.162737548978354463e-01 -1.674609970767105549e-01 3.090878578542228805e-01 -2.759467209646968566e-01 6.747293023245877208e-01 4.573887617549678986e-01
-4.843496927418791675e-02 1.063531069589428030e-01 2.576474792275502135e-01 2.255815156358663698e-01 7.589651472616464056e-02 4.069650394698341445e-01 1.838409123586090266e-01 -9.613449916125127448e-02 1.011278825883343696e-01 2.893059898853221346e-01
