6.280803860466777078e-01 -7.903136084430713026e-01 -1.143435674158943122e-01 -6.186140481896434951e-01 3.208667005043523424e-01 -4.558899509900020131e-01 3.529971744507716669e-01 5.918286275100318461e-01 8.055370281331782900e-01 7.068966539131884552e-01
1.488702545385874043e-01 1.206482901231438198e-01 -3.853626195999445558e-01 4.050307727622257659e-01 3.947345275688070032e-01 -1.067809843699733113e-01 -2.524403688649901056e-01 -4.292979469733900211e-01 5.158273347690291999e-01 -2.689490481729014948e-01
2.778218194216832693e-01 4.412666495938323830e-01 -2.005876557664816595e-02 6.552714500951853926e-01 -5.665942772295228247e-01 -2.937993532679381570e-01 5.537832977423514658e-01 2.539405221031231785e-01 6.822006604632244731e-01 -2.664915093045219785e-01
1.851922742063098204e-01 -1.388280935317219300e-01 -1.731046289831677729e-02 -2.558785268883444555e-02 -1.146956246864868217e-01 -7.277792635601897098e-02 1.343374259122679937e-01 -1.091666635911131278e-01 9.703486304720193578e-02 -5.963477853043106652e-02
-6.614723440263543808e-03 -2.045592391691370901e-03 8.959171911577283598e-02 -5.739144791718977547e-03 7.553459246690318041e-02 2.881823316028410756e-02 9.360993707249394211e-03 5.291947299652127040e-02 1.511966738776281301e-02 4.159072286526080409e-02
-4.455948416371614540e-01 -7.466951271839582516e-01 -4.072320615681947198e-02 -7.939421439952054627e-01 7.014841796805458829e-01 -6.939239244090615877e-01 5.530542068375092768e-01 7.123829510085289973e-01 6.743050355650348493e-01 2.296964385766707417e-01
-4.766542308181837169e-03 1.618888750632957729e-01 1.062136388272603149e-01 1.678123824782255108e-02 -1.410717450273902759e-02 5.970560402218353865e-03 3.393693194174579597e-02 1.667724005215418664e-02 8.135583067937687818e-02 7.030527974931192157e-03
-5.348067043126804032e-01 6.800696918839809202e-01 8.294407648125608212e-02 6.851891529273471670e-01 2.255237714612236266e-01 -3.245038083253856120e-01 -3.837651429880405973e-01 3.200891061874712173e-01 -6.045725177412563101e-01 5.596092923740690894e-01
-6.955551347256248851e-02 5.905383914635312648e-01 5.494919083027202111e-01 -5.615109766198091990e-01 -2.801387681315735678e-01 3.671376177895977477e-01 -4.126580996293947035e-01 7.200823650580597812e-01 5.175796276117805572e-01 -1.894628884907585131e-01
6.237088361808579631e-03 -1.413100339471742850e-03 -1.089479795056137040e-02 3.188710453576213549e-02 1.159507909412689775e-01 7.046274694810900074e-02 1.648281617596543056e-02 4.250960780280182288e-02 4.148588622317299357e-02 7.822069502249905798e-03
3.157990972846678600e-04 1.233429115775663693e-01 4.331914326423638717e-02 -3.133068499027863441e-02 1.837078026813700471e-01 3.035734282712733087e-02 -2.174979517075079083e-02 1.193269629349223530e-02 2.559288504525930250e-02 3.870377545833709326e-02
3.422647236881905530e-01 -3.188769969584886455e-01 5.955206613059349507e-01 1.864058231134350929e-01 -3.493784481872205805e-02 -2.090144131342376033e-01 5.402649490347767314e-01 5.067657007666702684e-01 -4.532631226229320576e-01 4.087002367812665460e-01
-4.213360840420937170e-01 -4.422158213282009059e-02 4.404641169109096421e-01 5.789439342783829767e-01 4.677324027029274300e-01 -4.543512094466761186e-01 2.075138649395168455e-01 -1.357913867022643439e-01 3.156934393170811592e-01 -1.272751524438080484e-01
4.146640753389845280e-01 2.025889650479370807e-01 -4.651186999688406987e-01 6.348547169822976732e-01 1.741800536273409306e-01 5.277953348383815357e-02 7.445463073246151309e-01 -1.599102247603969296e-01 4.120450821819185427e-01 2.897132998840249440e-01
3.109952798257472617e-01 -5.499092577062457687e-01 3.645427112361853128e-01 -2.359901580790502162e-01 2.925443748140451605e-01 -1.800450766748105391e-01 -4.541763251830736592e-01 -1.671680908146317424e-01 -2.016708881149596733e-01 -6.815417068159135283e-01
-4.452666674327638956e-03 1.195598493962223181e-02 6.073214504518192891e-02 2.198718322403507563e-02 1.962098359713577989e-02 4.972811620891796902e-02 4.671534496086161489e-03 6.945610063202186171e-03 1.891609114308973397e-02 4.659240398405017913e-02
-3.735824099136202392e-01 9.310023834735553505e-02 -5.159597928463494076e-01 -4.393446551327245819e-01 -1.495810671069599043e-02 1.834548694352503839e-01 -4.654988349553527277e-02 3.493907981899588844e-01 8.897927157162469070e-02 2.419697925072349376e-01
8.297674728553967594e-01 -5.337672719577016833e-01 -7.693720597721209753e-01 4.700892763866288959e-01 5.960074347867986289e-01 3.149311554721623274e-01 1.115673325698715163e-01 6.657051868487843249e-01 8.042207106749282852e-01 -4.411909261484961431e-01
1.312238338569972698e-03 4.143399648512612748e-02 -5.874826349544105542e-01 -4.763384595052913006e-01 -5.774713309194061672e-01 2.848113011390988603e-01 -3.635235644208163475e-01 6.727050193479571227e-01 6.687966837110170815e-02 1.283381977131918712e-02
-2.855893565284486901e-02 2.149361536464177713e-01 -1.245793918400575351e-01 6.062534614790220794e-02 1.885643617289650131e-01 -8.267264430643439521e-02 -1.733288295899092779e-01 1.114157547750408706e-01 1.260951343392419099e-01 6.411442884629814376e-02
-7.767736248303977117e-03 -5.484549554193873799e-02 -2.286886870730250043e-01 3.519588166181618072e-01 -3.941459336827495274e-01 -2.667185723818697382e-02 1.664959808185333401e-01 2.135903016368723706e-01 -2.931485268535532485e-01 1.605030239146576776e-01
2.699168542566172668e-01 -9.003052711897358007e-02 -1.958829602920207913e-01 3.945713740879666642e-01 2.575443366988776073e-01 1.605033802631123663e-01 2.011683025732106389e-01 -9.049572602593324022e-02 -1.223288560709974854e-01 -2.122919361328621524e-01
5.438860767288833387e-02 3.972200700094351555e-01 -1.738333157651666960e-01 1.633697990825979107e-01 2.422090313269029127e-01 1.238484263832342475e-01 9.717058054296535963e-02 -3.065494833202386110e-02 2.332001443405272156e-01 -6.704493254101007160e-02
5.222524312009696468e-01 1.115918031335837307e-01 8.166423547904028135e-01 -8.842735630619130704e-01 -3.957004094467456157e-01 8.720101975750137180e-02 7.579925541448927495e-01 -7.725803561194887203e-01 -2.090601856944392378e-01 -8.073520395985962494e-01
-6.267137472633348416e-01 1.823355622442717483e-01 1.323469025632262319e-02 -6.644791738851935081e-02 3.358452074468070703e-01 -1.311422253616952860e-01 -6.815404997343303961e-01 4.604743977294468160e-01 -6.511509401786025331e-01 -5.960919269060714898e-01
1.068641088079822811e-02 -1.686605882527049058e-02 -1.662795038833616429e-02 2.400884974357769819e-01 -4.788630032048855067e-01 4.073024071963768922e-01 -2.012577027739372026e-01 -2.466185976895216708e-02 2.130335352639771418e-01 -1.152735799540978434e-01
1.707634473539483555e-01 -6.254340309711690082e-01 -8.069789895990211459e-01 -8.184862071942319850e-02 -3.100891678859885592e-01 -7.991998387898434641e-01 -6.671344954126748883e-01 -7.252751733047164695e-01 8.635370364954882971e-01 -5.174153758013411153e-01
3.677441955948124730e-01 4.725368434053902056e-01 -4.058095082277026616e-02 -2.680013058030895623e-01 4.402848383683122813e-01 -2.729783088868460439e-01 5.120694377856906954e-01 3.508218556763043616e-01 1.541428886848157098e-01 1.383264771038954788e-01
-3.188180272595683706e-01 2.927315072043054633e-01 -3.615709564349318950e-02 3.169482868174368362e-02 -6.890677423334861107e-01 -2.333460583081435891e-01 3.331474091953927075e-01 -6.512506373827746664e-01 3.843609344564751784e-01 -7.304859428930631979e-05
-1.695223670367477231e-01 4.721005459178573838e-01 6.104386747642369659e-01 -7.467383301365543291e-02 -2.010981050637601075e-01 -5.377579711452205036e-01 -2.575318230324067370e-01 -4.008924258138134578e-01 5.152717924806849981e-01 3.530492149484385500e-01
-3.802279438315441795e-01 -5.359680661152792513e-01 8.693325163205891659e-01 6.504668521953800298e-01 5.089678239277614091e-01 -1.410621622755711124e-01 -6.745312575842894454e-01 -8.367982733640791371e-02 -5.759960551756889702e-01 -6.630514247560679308e-01
-6.689274767395798904e-02 -1.096936072201268597e-01 -6.901482733735565533e-01 3.332351012341766561e-01 -3.807809513810975210e-01 -5.748347984931755361e-01 7.953451241213649325e-01 -1.531266387500930248e-01 -1.317432486494658217e-01 3.564479903579856335e-01
-1.494079402086991304e-01 6.054892677796567257e-01 -4.883393843440774762e-01 -6.681840004005187295e-01 2.551744847028290519e-01 1.322506503555183621e-01 -4.435759159187606382e-02 2.608155751249687238e-01 3.157822009546088493e-01 2.461707939900516784e-01
3.088157636460076017e-01 6.331890221559596243e-01 -2.220425736814198858e-01 3.519141156920509994e-01 -6.071507928713522073e-01 -5.775057074735017171e-01 1.102555986538091837e-01 1.915921535223834293e-01 -1.171915490758189404e-01 -4.397621055501258480e-01
-3.442520532785444537e-02 3.202999700285630857e-01 3.503820746361921978e-01 3.130299556502869618e-01 5.172301638329808160e-01 -2.777750172838904796e-01 -3.696012259004162193e-01 -5.278610480611226063e-02 -5.640638598009823923e-01 -6.219266972972112284e-02
-3.545849545844784734e-01 5.871211578148496368e-01 2.765253005350872817e-01 4.279002558792063260e-01 3.975346736761131150e-01 -4.545001188989394869e-01 3.547963296493774066e-01 -2.550155978806599166e-01 7.145961078401433797e-01 -4.213198421785626091e-01
9.777085978071829719e-02 5.332624951405346564e-02 2.649345606782400192e-02 1.116047773084720765e-02 -8.170579092694798748e-03 -1.905908777047910993e-02 -2.202966861970715069e-03 2.326002388827871359e-01 -1.361553357245587348e-02 -3.897867230024378623e-03
1.073425310386577763e-01 -3.276102197254519843e-02 -8.474992728017407412e-03 -1.370367795768552555e-01 -1.627843028765604549e-01 -1.160543847818537241e-02 -3.835398623890435427e-02 5.949306564329636532e-02 -9.998733314790639315e-02 -2.351844773886745954e-01
3.822943898510505201e-01 -5.487356881965601563e-01 -2.849299746469399208e-01 -7.028632839598421000e-01 -6.903230830200696166e-02 -6.910054788775674695e-01 -2.041750655422894245e-01 -6.344592704518378090e-01 -2.109994616580655041e-02 3.154618080075096143e-01
3.700268804851016696e-02 -6.297117264548014737e-02 -8.598854596041715509e-03 5.799696913284003996e-03 1.869647659736697054e-01 -1.262718792277729707e-02 6.586555269372044996e-02 4.498581386725984677e-02 -7.263255182111267617e-03 5.163835667045486855e-02
1.150843203735257836e-01 2.429251613277279287e-01 -2.871248840383801987e-02 1.319136198301922858e-01 -3.966689943721456169e-02 1.451073050847788981e-01 -2.532908230566657815e-01 1.689044431701661186e-01 -6.795904966001422264e-03 7.100792057877099162e-02
-3.780465504689887180e-01 -4.042763354615389743e-02 5.790504508462920308e-01 -5.135985500519443803e-02 -2.525262000818075947e-01 7.093279929332917400e-01 -3.176585853619983690e-01 -5.152276753576520152e-01 -4.078217771821397997e-01 5.451383908827492908e-01
5.803690877536585857e-01 -7.530844768417362112e-02 -2.596633354917822212e-01 6.618543071880554907e-01 -2.619428723502235101e-01 2.617166445689046370e-02 -7.756040595928463954e-01 1.503441346170240889e-01 -5.354933583878653813e-01 7.418630223371854848e-01
2.341829039805888579e-01 1.583382581430216041e-01 1.402036867308008479e-02 1.095102461572223379e-01 -6.640337009335244012e-02 1.068693352887701564e-01 4.960939378124760990e-02 4.559782649110203506e-02 1.065702524628811959e-01 1.279057972552444244e-01
-5.198722619880440377e-01 -8.461751829387573753e-01 1.560836867310583242e-01 6.036471558767073642e-01 -2.753975287793211657e-01 5.896251147491341493e-01 -8.403218492474894274e-01 -6.979274398607608620e-02 -6.876897242876240934e-01 6.391889110911284089e-01
7.150156784883089471e-03 6.233211009536251295e-05 1.191654894388960786e-02 -1.694323090577114915e-02 7.859944601911189599e-02 8.077790685375703383e-02 -3.646744178768522495e-03 4.002247778867464717e-02 -3.647772322614746543e-02 -1.684123143988601468e-02
1.979625049088217514e-01 -2.349764475884108805e-01 -4.370127169499141706e-01 -2.995045390724344614e-01 4.347981571899308673e-01 3.662013754611834759e-01 -2.097730031183075161e-01 -5.262899310697521926e-01 -5.147307311771071037e-01 4.883767933992129717e-01
2.757044644108161968e-01 -5.035749795251368566e-01 -2.064616487445099235e-02 -3.351713766065791966e-01 9.808578093398157005e-02 -2.889842412185069098e-01 -3.798532567761463419e-01 -6.186598720267706686e-02 8.990268154297632874e-03 1.759632393640983283e-01
-1.041298664065063023e-01 -2.681187234423208499e-01 -7.399255221600262167e-02 6.352044380388048583e-02 1.938203965956548924e-01 2.008846576293425723e-01 2.189795710923283234e-01 1.809498830306675021e-01 1.125419755110028258e-01 9.690268259731991962e-02
-8.559814020156986114e-01 4.488712053261957324e-01 8.837076533772196540e-02 7.403573398692235852e-01 -2.688913699197148510e-01 -3.179596982417656759e-01 -1.515053294667026429e-01 7.619817498862027083e-01 -5.128061214176839189e-02 1.400923395151650597e-01
-2.410151847283044657e-01 8.390300719302704047e-02 5.650974317530419455e-01 -4.027684882215883944e-01 1.992166170290800564e-01 8.061631615281258378e-01 1.950643911839623212e-01 -7.680462362650347131e-03 3.365380837814025972e-01 -4.146346710669126523e-01
1.230023903380205938e-02 1.047056753239653248e-01 -1.845546621828469611e-02 -7.687425799437230811e-02 9.170050745058848374e-02 -1.420489958299581135e-01 1.128780704134812324e-01 7.180942791868861336e-03 -2.572384540140916411e-03 -8.739949820025576244e-02
5.529613593170237124e-02 2.621321934874945928e-02 2.088185713187219461e-01 -1.655309334433731697e-02 -1.968116675849064523e-02 -3.884394749497698668e-02 1.227131241349460958e-02 3.183051315543398985e-02 -9.759117744743146805e-02 1.690553718660423380e-02
-2.850907338598326346e-01 7.616526881860498088e-01 9.132055946607370300e-01 -6.192682097751492920e-01 -1.048128166034728026e-01 -2.434280158046600862e-01 -3.180371323835163855e-01 -2.268882071208348228e-01 6.784607226410435121e-01 -3.956711745440104067e-01
-3.370295474001787639e-01 -4.367297549924789579e-01 -4.450903442024404244e-01 2.738644820467303065e-01 -2.332331015130529039e-01 7.293544011033702423e-01 -2.078771728546898179e-01 -5.147427401899610233e-01 7.479522491426304764e-02 4.375562722597007848e-01
-5.075721822635390623e-01 4.419315846489781374e-01 5.393636417786095150e-01 -3.210482555256591874e-01 -1.553930640879111202e-01 3.177077766067702980e-01 -3.198857414658487497e-01 2.311252724257991387e-01 -5.810047834338241124e-01 -7.117354835455214079e-01
-2.340528880149830848e-01 -4.524998180506185630e-01 -6.236778838457958107e-01 -3.821359198415710257e-01 3.781662547780980099e-01 -5.358520890154563343e-01 4.711341266126783944e-02 -3.165661312136543448e-01 -3.662109853559223915e-01 1.457217147305697735e-01
1.094208721997669553e-01 -3.932052737817429838e-02 -2.265465711548376448e-01 1.554784802583046854e-01 3.413936199452380360e-02 -9.305344609755882013e-02 6.538131605912946009e-02 1.701515752434861611e-02 8.793889665452593596e-02 -2.036686211319712614e-01
-2.524965303731273036e-01 1.635130042762974745e-01 1.980533720807390874e-01 -1.454269546054852702e-01 -5.744422590079348856e-01 5.600450263331447909e-01 -1.204051750735611603e-01 4.359099576277309374e-01 -1.756944154013408421e-01 -5.463989070792786285e-01
6.812145218785570222e-02 2.861974337051440692e-02 1.506520578344472047e-02 5.311700668845602963e-02 1.086654170512618145e-01 -1.930347973073017268e-02 -1.275157906583681460e-03 3.225539307172727715e-02 5.156788671518289582e-03 1.619957709886760914e-03
-5.652301077765579107e-01 -2.822604884623174937e-01 -4.559979991968446389e-01 6.324100086652343355e-01 -4.841999972158228527e-01 6.901617562376938242e-01 -3.439764593338560661e-01 -4.541305872051459303e-01 4.819384132553720668e-01 5.615885018455344380e-01
-5.399113955105805385e-01 -7.971692774821328986e-02 3.621228316886828114e-01 -4.025682940111146094e-03 8.202561573791317118e-01 -2.675281765311454119e-01 -2.277250603224660885e-01 5.789975284789027343e-01 -2.556253811750043847e-01 4.227247053156690249e-01
-3.411580445583616700e-02 -2.275593245600867828e-02 3.046826857952374124e-02 5.966603793260284033e-02 1.771150023259308176e-02 7.999513111527717379e-02 1.969600943543910188e-02 -1.544328969823686483e-02 9.136048213514999863e-04 1.193614648326064287e-01
-8.544914719301664741e-02 2.289165851988272660e-01 -1.929860605457395586e-02 6.320166276021556284e-02 1.476933793025571595e-01 5.536721240192092608e-02 -1.168260581361282441e-01 -1.319571500179948786e-01 -3.866726245472278112e-02 -5.037131616197175477e-02
7.265716657445268553e-03 -6.890895101377757237e-02 1.622855718227432867e-02 -1.624907299807108185e-01 8.277620439785014772e-02 5.964706388165141870e-02 -8.200905883719088185e-02 -2.056207793768176084e-01 -2.660431059704783108e-01 -5.151271167648926452e-01
5.175842149130768233e-01 -9.993750633509176917e-02 -5.259328034791527218e-01 -5.591853930735446454e-01 1.222422425995680628e-01 8.615568163113490607e-02 -5.119331889314453488e-01 -6.820866651914794798e-02 -6.180682775338530721e-01 5.102408462456831106e-01
4.609880959187016569e-01 -6.361852924907173135e-01 3.782544344957717852e-01 5.747160084451762296e-01 6.291696248311005046e-01 -3.057027365933213670e-01 4.008848061997287160e-01 1.720208928086343070e-01 -1.276443775688467126e-02 4.826299784737214660e-01
4.185835504864486301e-01 -4.460305858429676196e-01 -3.752289212263433815e-01 1.651047276834636535e-01 -1.396965737874998059e-01 -4.133305945889768074e-01 5.019316221316395543e-01 4.217777729725596392e-01 -1.273355815613075592e-01 1.117056800195760646e-01
2.125820415414404752e-01 7.906207600467018981e-01 5.095673300195071587e-01 6.025118618485811872e-01 7.222737893186251812e-01 -8.031504300759133574e-01 1.674390876923820826e-01 7.928688551108132865e-01 3.089495359496274851e-01 -8.702827180595354983e-01
2.593833783981583929e-01 -1.128402518322867837e-01 4.998072591290806527e-02 1.303887937098751892e-01 -2.064963310838884569e-01 3.390109322247344958e-01 -2.994671100324917262e-02 2.486685883633988903e-01 1.345410093441208599e-01 3.485414874504099148e-01
4.324869995641446030e-01 -5.371425302325940621e-01 5.568731648349091179e-01 -3.544502564613919993e-01 -1.778216800271161524e-01 -1.614535602331819142e-01 5.571794096299410581e-01 -4.453445017946559559e-01 3.266035669816131359e-01 -2.319023227091119854e-01
6.766387347234890104e-01 -2.550036001543870556e-01 -7.074584532560286299e-01 8.932583712407800025e-01 8.626010642852723065e-02 9.341072077569158028e-01 6.929450204352914922e-01 -2.708447988666320971e-01 -9.290677505436950590e-02 7.890342439403916774e-01
-2.193114205037974274e-01 7.330132501386185662e-03 6.567494699024825633e-02 -5.203243260946160964e-01 -4.261303785997455074e-01 -2.381057427609556687e-01 2.154632131754041502e-01 -4.018025506236850286e-01 -2.949620395489372937e-01 1.427710086559040026e-01
-2.730642009316183489e-04 4.981310059961983894e-02 1.508503624686410166e-02 9.825244382556345968e-02 3.674095408775465785e-03 8.140747907293038876e-02 1.645354164173218987e-04 5.720054724653907824e-02 1.121522680004229805e-02 1.312586365612646369e-02
-1.264983485194034751e-01 -6.033926171024222018e-01 2.758327063488990039e-01 3.310306195788079164e-02 4.916701038092840537e-01 -4.561525661221054184e-01 2.474417949777953096e-01 -3.984805189160297578e-01 7.145595192701411635e-01 4.417179770664846350e-01
-4.830329076810416788e-01 6.765877673167571826e-01 -1.035375394043598490e-01 -1.625461742928219211e-01 4.552224955215783408e-01 5.135381741679503342e-01 2.686815368514832159e-01 4.593294433593516080e-01 -4.623727764441455390e-01 -3.979516590673021215e-01
-6.339822671371828089e-02 -4.103244871916001957e-01 5.338930920033867905e-02 -5.866482669824660268e-02 1.492985840253658325e-01 1.831013077427999791e-01 1.124671256955619425e-01 4.062579963449484133e-01 -2.671518754085152603e-01 3.240490596910104992e-01
-6.774086798605100102e-01 3.952154602687478757e-01 4.481628712030876205e-01 7.199214380439752370e-01 1.306621114822169860e-01 5.890212759565870426e-01 -1.913523184005083699e-01 -8.453247227855667512e-02 7.054182270544337996e-01 9.197277200002330899e-02
-1.490403509298582341e-01 6.238579987880098487e-01 -5.614727107842307774e-01 1.914793373745500016e-01 3.062854487389287117e-01 4.265800665600794628e-01 3.999823897164820341e-01 1.154907348513272286e-01 -4.287900867445233050e-02 -1.581576404245806089e-01
1.011556754906466418e-02 -5.328849530147332370e-03 3.180461478571753459e-02 5.600890240283484811e-02 8.283595540217640607e-02 1.650384887650271568e-02 1.111635782765073820e-02 9.984113690275461805e-02 4.476135198123675635e-02 4.406504141221052190e-02
-4.907784327428901805e-01 5.995130354895840119e-01 -4.901264933858140438e-01 -5.622872814023089499e-03 5.723063688974012742e-01 -7.475811753499813639e-01 -7.993299503881190482e-01 2.622040536457153626e-01 -3.389569565470666457e-01 -7.029660629301910379e-01
-2.112397544775059532e-01 -1.534965322412863153e-01 8.020123819997850012e-02 1.385087557476860076e-01 1.402953282268225021e-01 -4.118319463120254653e-01 1.102674156205600137e-01 5.766542070795158681e-01 2.044813285880896225e-01 -8.214973156067681415e-02
-5.440297632680964890e-01 1.965553758631210235e-01 -8.091465453190209711e-01 -3.327584420120388575e-01 -6.751332007400389079e-01 7.884720103413604686e-02 -8.322850483093962026e-01 -5.071780955930860202e-01 8.005653238379502046e-01 6.868169083102835248e-01
4.351183597526786517e-02 2.428419121958892354e-02 7.711590214401981003e-02 -4.017502636553883788e-02 2.180624447753740439e-02 4.008780662949656959e-02 4.419651924532953802e-02 4.903493784546480994e-02 1.207674967534455492e-03 2.290355009832608854e-02
7.422514626703782814e-02 -2.023298067056964189e-01 2.923159474066953645e-01 4.332490282644069768e-01 -4.829260908993019408e-01 1.870656676399529428e-01 2.236432813972874800e-01 3.814807385713372967e-02 -4.936248652327702713e-01 -5.549896076768268127e-01
2.006073348379569798e-01 -1.066473594654302054e-01 2.013534505109708661e-01 -2.599502805066549252e-02 -1.878628602809395975e-01 -2.198402873269081625e-01 2.280118270010431658e-01 -2.277305461576823176e-01 -9.987660108035696649e-02 2.639178431183098472e-01
6.965857220856902510e-01 -4.799403912395379668e-01 4.768036511129442601e-01 8.245668778033033997e-01 6.134295533687610380e-01 -3.286314977619435307e-02 5.271072732175752229e-01 6.936985676736058259e-01 5.925121309582346285e-01 1.054212317940381033e-01
9.724221092813944978e-02 1.149442791714661016e-01 4.744012485446860716e-01 -1.431196639783474112e-01 1.858010427263857012e-01 -1.967455814206497122e-01 8.825981149400301262e-02 2.645072708226010594e-01 -3.720028479655790865e-01 -3.558899342651150599e-01
-3.568842688393212281e-01 1.337308643361294624e-01 3.852046659241195603e-01 -5.816047152751080418e-01 5.703596229564553699e-01 -1.207145090689185490e-01 7.210826106570841221e-01 -5.607878501389818027e-01 7.488306262764031496e-02 -4.131638310143233989e-02
1.536726370659848573e-01 -2.125916535926816175e-01 -4.061728441090071140e-01 1.250423744528148667e-02 5.075452296812078823e-02 3.612139357895512159e-02 3.715397575659158402e-01 3.743057544900217914e-01 -2.840467812186127719e-02 -4.767836304876982290e-01
3.043568277373449593e-01 -6.138525354609892792e-01 -4.676657599391547682e-01 3.029446919209929576e-02 1.540755454210324671e-01 2.915194212822750375e-01 -2.633524844160958223e-01 1.998426683398756287e-01 -2.632312085797802736e-01 -4.027050676392198159e-01
-3.646606613261051122e-02 3.803455886299898503e-01 3.161691914645913259e-01 1.804007462723046518e-01 -4.838760815036157598e-02 2.227617146516215341e-01 -3.215352812878552458e-01 1.828015985099704921e-01 -6.847624863187009138e-04 -4.134691973799060061e-01
2.500769179391475472e-01 -1.879958615619487516e-01 -1.562183816804945113e-01 4.514343161330493515e-01 3.865015523522796759e-01 4.696429903825628527e-01 6.904981158242332606e-01 -9.483882568929292989e-02 -2.884697802861546645e-01 3.426708129823829441e-01
-5.087704021003986998e-01 -2.086009247121652366e-01 -5.607202338217139731e-02 -7.128007443248941463e-03 2.661338423064928960e-01 -2.218591635639138859e-01 2.766774426421589068e-03 -1.821959801180104699e-01 -2.859250588360787715e-01 2.355741026764552604e-01
-1.197341299208455473e-01 -5.376273028209025556e-02 -1.870112688852067773e-01 1.660602227037617784e-01 1.491337549254837802e-01 1.993062536745313917e-01 -2.726895996855555060e-02 5.053055502623183398e-02 -3.869234856910034291e-04 -2.764101226985730270e-02
2.089746089381102900e-01 2.438679698571971644e-01 1.700730542999216166e-01 -2.128953105960593450e-01 -3.639014557642083481e-01 -2.433784782879679642e-01 2.404770707463568524e-01 -3.059162688571592792e-01 3.479801182864604714e-01 6.452417457592700412e-02
-1.975516519530825502e-05 5.353112619258478810e-01 -4.410904594222553876e-01 4.749476616247699234e-01 6.461656433690273760e-01 1.768732795116645384e-01 3.234138686818725517e-01 2.757324738657638830e-01 -4.688935976901301705e-01 -6.461544313852208843e-01
2.795674369983977559e-01 -3.681638834818810047e-01 -3.842514986738341243e-01 -2.307214330283309245e-01 4.671136550698958279e-01 -3.976078342579727337e-02 2.078586724596420687e-02 5.131076307964078653e-01 2.599432225873239410e-01 -2.422040065087212313e-01
-6.504724131227843098e-02 2.960330857451685116e-01 -2.507521140473842336e-01 1.818023605307778623e-01 -5.112473085767574865e-01 -1.680151379226462460e-01 3.094576948252714121e-01 -2.797513202427948653e-01 6.664919780406706185e-01 4.492435668045749453e-01
1.609354947695699600e-03 9.107553997622724884e-02 2.068907227399790494e-01 2.001262987968739915e-01 9.056303846540222913e-02 3.458804963592113091e-01 1.659740532135694502e-01 -1.096306461187385034e-01 8.402994069555411172e-02 2.457802443669749037e-01
